0 0.56328125 0.375 0.0859375 0.059375
0 0.41484375 0.290625 0.0921875 0.0828125
0 0.45703125 0.10625 0.0703125 0.1078125
0 0.171875 0.2046875 0.1125 0.0609375
0 0.05546875 0.35703125 0.0859375 0.04375
0 0.65703125 0.4671875 0.0703125 0.0671875
0 0.4859375 0.55703125 0.0734375 0.0421875
0 0.3359375 0.434375 0.115625 0.0828125
0 0.5890625 0.11953125 0.0640625 0.05
0 0.5453125 0.1734375 0.075 0.0484375
0 0.678125 0.27734375 0.0578125 0.059375
0 0.8328125 0.059375 0.0703125 0.0796875
0 0.80390625 0.3109375 0.1 0.09375
0 0.7703125 0.446875 0.103125 0.0546875
0 0.77421875 0.5578125 0.0765625 0.06875