0 0.8859375 0.75078125 0.18125 0.11875
0 0.91640625 0.68125 0.1 0.1
0 0.278125 0.57109375 0.2921875 0.190625
0 0.26328125 0.721875 0.1953125 0.1640625
0 0.27578125 0.94609375 0.0953125 0.0828125
0 0.103125 0.6890625 0.1640625 0.1546875
0 0.1046875 0.48984375 0.1546875 0.1171875
0 0.025 0.46015625 0.05 0.1078125
0 0.134375 0.2546875 0.1765625 0.1484375
0 0.73125 0.24921875 0.096875 0.0984375
0 0.66328125 0.56328125 0.084375 0.1078125
0 0.8765625 0.5 0.10625 0.0953125
0 0.46875 0.696875 0.071875 0.0828125
0 0.63046875 0.83046875 0.0734375 0.0828125
0 0.80078125 0.4265625 0.0703125 0.0890625
0 0.4390625 0.471875 0.0765625 0.065625