0 0.87578125 0.7609375 0.19375 0.125
0 0.27734375 0.55546875 0.271875 0.2015625
0 0.26171875 0.7 0.1796875 0.1484375
0 0.4109375 0.62265625 0.084375 0.0875
0 0.7390625 0.26640625 0.0953125 0.115625
0 0.62109375 0.2953125 0.1359375 0.1703125
0 0.26640625 0.94921875 0.0875 0.0875
0 0.159375 0.94453125 0.11875 0.1109375
0 0.31484375 0.89140625 0.0625 0.090625
0 0.09609375 0.6890625 0.1515625 0.1421875
0 0.021875 0.4421875 0.04375 0.090625
0 0.10546875 0.471875 0.1625 0.1125
0 0.1421875 0.2359375 0.1609375 0.1234375
0 0.44140625 0.47265625 0.0640625 0.06875
0 0.6515625 0.5515625 0.0734375 0.121875
0 0.871875 0.50546875 0.0796875 0.075
0 0.95703125 0.471875 0.0859375 0.078125
0 0.915625 0.696875 0.0984375 0.078125
0 0.63359375 0.934375 0.084375 0.10625
0 0.75859375 0.91640625 0.078125 0.075
0 0.61484375 0.83828125 0.078125 0.075
0 0.44296875 0.84375 0.065625 0.090625
0 0.50078125 0.80625 0.05625 0.06875
0 0.525 0.74921875 0.040625 0.0484375
0 0.49453125 0.7609375 0.0515625 0.05
0 0.4609375 0.68203125 0.0609375 0.0796875
0 0.4046875 0.73359375 0.0515625 0.0625
0 0.39453125 0.80390625 0.0609375 0.078125
0 0.546875 0.64453125 0.06875 0.065625
0 0.675 0.37578125 0.053125 0.053125
0 0.803125 0.4390625 0.0578125 0.0921875