0 0.81796875 0.725 0.109375 0.178125
0 0.82578125 0.38046875 0.1890625 0.23125
0 0.965625 0.14375 0.06875 0.096875
0 0.7390625 0.33203125 0.103125 0.1625
0 0.6671875 0.6328125 0.0921875 0.103125
0 0.6375 0.78359375 0.0921875 0.0953125
0 0.49921875 0.82421875 0.0890625 0.0921875
0 0.5421875 0.72734375 0.071875 0.0890625
0 0.4609375 0.7296875 0.06875 0.1015625
0 0.46171875 0.6375 0.078125 0.0828125
0 0.5015625 0.56640625 0.0734375 0.096875
0 0.5546875 0.60859375 0.0828125 0.11875
0 0.4234375 0.478125 0.078125 0.096875
0 0.284375 0.28203125 0.1 0.1171875
0 0.3203125 0.12421875 0.09375 0.0984375
0 0.37421875 0.1640625 0.0703125 0.0828125
0 0.2 0.5359375 0.0859375 0.090625
0 0.1171875 0.6390625 0.09375 0.1171875
0 0.2734375 0.62578125 0.0625 0.0984375
0 0.3015625 0.5125 0.075 0.115625
0 0.3890625 0.675 0.0609375 0.065625
0 0.55859375 0.3828125 0.109375 0.1109375
0 0.6375 0.3015625 0.0875 0.15
0 0.534375 0.296875 0.0625 0.1
0 0.5109375 0.21640625 0.0890625 0.1390625
0 0.453125 0.30703125 0.078125 0.109375
0 0.75859375 0.1171875 0.159375 0.1390625
0 0.69375 0.19453125 0.1140625 0.09375