0 0.3640625 0.84375 0.1703125 0.175
0 0.4953125 0.91171875 0.196875 0.1765625
0 0.6546875 0.95625 0.18125 0.0875
0 0.6734375 0.92109375 0.2 0.1578125
0 0.77265625 0.86953125 0.2375 0.2453125
0 0.68984375 0.66015625 0.2328125 0.2171875
0 0.62734375 0.71875 0.1765625 0.15625
0 0.5734375 0.70703125 0.203125 0.215625
0 0.521875 0.7875 0.15625 0.146875
0 0.39140625 0.753125 0.196875 0.1984375
0 0.3109375 0.62421875 0.1828125 0.2015625
0 0.42734375 0.6765625 0.209375 0.1671875
0 0.4375 0.5890625 0.1671875 0.1328125
0 0.45546875 0.46953125 0.184375 0.134375
0 0.38125 0.45 0.1375 0.165625
0 0.8328125 0.97265625 0.128125 0.0546875
0 0.06015625 0.70390625 0.1203125 0.1828125