0 0.50546875 0.67421875 0.1515625 0.15625
0 0.48125 0.8765625 0.1359375 0.1296875
0 0.31328125 0.93203125 0.134375 0.0921875
0 0.3421875 0.84375 0.05625 0.0453125
0 0.1140625 0.65234375 0.140625 0.084375
0 0.04296875 0.66640625 0.0453125 0.0609375
0 0.1234375 0.153125 0.09375 0.1640625
0 0.71796875 0.44296875 0.16875 0.13125
0 0.65703125 0.5875 0.1046875 0.1203125
0 0.69375 0.6546875 0.0890625 0.075
0 0.77734375 0.70703125 0.134375 0.0953125
0 0.815625 0.79921875 0.0828125 0.059375
0 0.75390625 0.92890625 0.1046875 0.0703125
0 0.96875 0.66796875 0.0625 0.1265625
0 0.93359375 0.77265625 0.1328125 0.1171875
0 0.9453125 0.4828125 0.109375 0.121875
0 0.8515625 0.4859375 0.1015625 0.1109375
0 0.825 0.609375 0.0890625 0.103125
0 0.83515625 0.2375 0.1265625 0.096875
0 0.8890625 0.18359375 0.1203125 0.11875
0 0.49609375 0.4578125 0.0703125 0.059375
0 0.47421875 0.496875 0.0546875 0.065625
0 0.5625 0.5640625 0.0578125 0.0671875
0 0.53828125 0.5 0.0609375 0.0546875
0 0.6046875 0.69765625 0.05625 0.065625
0 0.21640625 0.809375 0.1046875 0.084375
0 0.71796875 0.8671875 0.046875 0.0484375
0 0.57734375 0.91796875 0.0671875 0.0625
0 0.5078125 0.96484375 0.06875 0.0703125