0 0.31640625 0.434375 0.0703125 0.11875
0 0.36328125 0.51015625 0.0765625 0.1421875
0 0.4671875 0.69453125 0.0890625 0.1265625
0 0.5453125 0.78515625 0.103125 0.15625
0 0.5859375 0.85859375 0.034375 0.0671875
0 0.52734375 0.69609375 0.0859375 0.1171875
0 0.47890625 0.534375 0.06875 0.1
0 0.43203125 0.4453125 0.09375 0.125
0 0.41875 0.49453125 0.0796875 0.10625
0 0.44140625 0.5875 0.0703125 0.1125
0 0.38046875 0.31484375 0.1265625 0.1625
0 0.30234375 0.1609375 0.1359375 0.1890625
0 0.40390625 0.21796875 0.0984375 0.159375
0 0.61484375 0.8296875 0.05 0.0796875