0 0.14921875 0.65625 0.1125 0.159375
0 0.2921875 0.953125 0.0875 0.09375
0 0.39140625 0.95078125 0.096875 0.0953125
0 0.153125 0.165625 0.084375 0.096875
0 0.09453125 0.13046875 0.0703125 0.084375
0 0.03046875 0.140625 0.0609375 0.05625
0 0.040625 0.22578125 0.0703125 0.0828125
0 0.20859375 0.18671875 0.0796875 0.090625
0 0.37734375 0.25703125 0.0734375 0.0890625
0 0.2875 0.2640625 0.071875 0.0796875
0 0.4328125 0.3328125 0.0609375 0.075
0 0.3640625 0.375 0.0765625 0.0875
0 0.525 0.415625 0.0578125 0.0734375
0 0.603125 0.559375 0.0671875 0.0875
0 0.553125 0.54296875 0.0734375 0.075
0 0.64609375 0.56328125 0.05625 0.059375
0 0.74453125 0.68359375 0.09375 0.08125
0 0.5515625 0.7984375 0.0796875 0.1
0 0.4953125 0.80546875 0.0625 0.0890625
0 0.60546875 0.78984375 0.059375 0.090625
0 0.43828125 0.63515625 0.0671875 0.06875
0 0.35546875 0.69609375 0.065625 0.0765625
0 0.52109375 0.89921875 0.0546875 0.08125