0 0.4953125 0.23359375 0.2375 0.4671875
0 0.2234375 0.11953125 0.2125 0.2390625
0 0.5765625 0.73671875 0.315625 0.415625
0 0.7171875 0.73203125 0.2203125 0.3109375
0 0.74296875 0.47578125 0.2078125 0.3734375
0 0.61640625 0.29921875 0.2203125 0.371875
0 0.83203125 0.1359375 0.1765625 0.2140625
0 0.9390625 0.29453125 0.121875 0.1671875
0 0.88125 0.5578125 0.23125 0.3375
0 0.0734375 0.790625 0.146875 0.328125
0 0.0625 0.53671875 0.125 0.2765625
0 0.078125 0.41484375 0.0859375 0.2265625
0 0.946875 0.56953125 0.10625 0.1203125