0 0.43359375 0.91796875 0.1390625 0.134375
0 0.29375 0.88046875 0.11875 0.10625
0 0.56015625 0.80546875 0.1203125 0.13125
0 0.5046875 0.72578125 0.1546875 0.1453125
0 0.65546875 0.6890625 0.1390625 0.1453125
0 0.62109375 0.521875 0.1015625 0.11875
0 0.86328125 0.86171875 0.1609375 0.1421875
0 0.7953125 0.7671875 0.096875 0.0703125
0 0.759375 0.903125 0.096875 0.096875
0 0.68671875 0.9875 0.0796875 0.025
0 0.8921875 0.4015625 0.1546875 0.1265625
0 0.4359375 0.42109375 0.0765625 0.0609375
0 0.26484375 0.58359375 0.0953125 0.0828125
0 0.0390625 0.61171875 0.078125 0.1078125
0 0.04609375 0.4359375 0.0921875 0.103125
0 0.3046875 0.26640625 0.09375 0.153125