0 0.74921875 0.78203125 0.203125 0.18125
0 0.84140625 0.9265625 0.1765625 0.146875
0 0.759375 0.946875 0.184375 0.10625
0 0.59296875 0.86796875 0.165625 0.1984375
0 0.61953125 0.83125 0.175 0.2265625
0 0.66953125 0.78828125 0.1671875 0.2046875
0 0.74921875 0.75 0.2234375 0.2390625
0 0.465625 0.87265625 0.18125 0.1734375
0 0.4171875 0.9515625 0.134375 0.096875
0 0.3609375 0.72578125 0.1765625 0.2140625
0 0.44296875 0.6953125 0.2 0.228125
0 0.49921875 0.68671875 0.1578125 0.15
0 0.38671875 0.575 0.1515625 0.134375
0 0.50625 0.53046875 0.1546875 0.2078125
0 0.48671875 0.18515625 0.115625 0.178125
0 0.028125 0.7921875 0.05625 0.159375