0 0.5328125 0.62734375 0.05625 0.0546875
0 0.59140625 0.6296875 0.071875 0.0671875
0 0.5328125 0.559375 0.0609375 0.075
0 0.42421875 0.4296875 0.071875 0.0859375
0 0.41640625 0.49765625 0.0359375 0.08125
0 0.49453125 0.44453125 0.0578125 0.075
0 0.40234375 0.3 0.046875 0.0921875
0 0.35 0.16328125 0.0921875 0.1125
0 0.6765625 0.24921875 0.1046875 0.128125
0 0.5875 0.33671875 0.0953125 0.121875
0 0.58046875 0.45390625 0.084375 0.1015625
0 0.625 0.415625 0.03125 0.071875
0 0.734375 0.48203125 0.103125 0.146875
0 0.69296875 0.59765625 0.0609375 0.1203125
0 0.77109375 0.69765625 0.0546875 0.06875
0 0.85703125 0.68359375 0.1046875 0.1046875
0 0.85703125 0.559375 0.0609375 0.0890625
0 0.80625 0.52734375 0.0359375 0.0828125
0 0.86484375 0.503125 0.0578125 0.0609375
0 0.94375 0.4890625 0.0890625 0.103125
0 0.921875 0.284375 0.075 0.0734375
0 0.84140625 0.2921875 0.0578125 0.1125
0 0.17890625 0.50859375 0.065625 0.134375