0 0.75703125 0.21875 0.128125 0.1625
0 0.56640625 0.10390625 0.13125 0.2015625
0 0.4796875 0.19921875 0.109375 0.1703125
0 0.3859375 0.21640625 0.0796875 0.1390625
0 0.803125 0.52421875 0.125 0.18125
0 0.80078125 0.59296875 0.128125 0.11875
0 0.625 0.59140625 0.134375 0.09375
0 0.6109375 0.434375 0.11875 0.159375
0 0.5484375 0.39921875 0.1578125 0.134375
0 0.31640625 0.1265625 0.084375 0.1921875
0 0.2359375 0.28515625 0.1125 0.1375
0 0.3765625 0.41796875 0.09375 0.171875
0 0.41484375 0.540625 0.10625 0.134375
0 0.290625 0.5015625 0.121875 0.1125
0 0.4484375 0.696875 0.1375 0.171875
0 0.15078125 0.5046875 0.140625 0.1796875