0 0.57578125 0.9203125 0.2140625 0.159375
0 0.6828125 0.84921875 0.21875 0.2515625
0 0.815625 0.78125 0.1796875 0.1671875
0 0.9421875 0.81484375 0.115625 0.1484375
0 0.94296875 0.6875 0.1140625 0.171875
0 0.85703125 0.58046875 0.184375 0.171875
0 0.79296875 0.67578125 0.2125 0.2046875
0 0.61328125 0.74765625 0.1875 0.1875
0 0.47265625 0.70625 0.19375 0.16875
0 0.23515625 0.77734375 0.184375 0.2203125
0 0.0765625 0.65859375 0.125 0.128125
0 0.31796875 0.63046875 0.146875 0.1484375
0 0.496875 0.596875 0.1765625 0.165625
0 0.59140625 0.53359375 0.1890625 0.2140625
0 0.66171875 0.5421875 0.15625 0.1796875
0 0.671875 0.48984375 0.221875 0.19375
0 0.40703125 0.43984375 0.1875 0.15