0 0.109375 0.3640625 0.21875 0.26875
0 0.1953125 0.58203125 0.2125 0.19375
0 0.05234375 0.61484375 0.1046875 0.1515625
0 0.02890625 0.80625 0.0578125 0.13125
0 0.08203125 0.91328125 0.1640625 0.1046875
0 0.3359375 0.88046875 0.153125 0.146875
0 0.2890625 0.7015625 0.18125 0.2015625
0 0.30390625 0.4765625 0.1421875 0.1390625
0 0.23125 0.2859375 0.2234375 0.1953125
0 0.26640625 0.10703125 0.19375 0.2
0 0.14453125 0.07421875 0.1640625 0.1484375
0 0.42890625 0.03671875 0.0984375 0.0734375
0 0.58203125 0.05625 0.125 0.1109375
0 0.71796875 0.14375 0.1484375 0.1515625
0 0.6 0.1953125 0.175 0.19375
0 0.4703125 0.14765625 0.090625 0.0890625
0 0.4265625 0.196875 0.1453125 0.1609375
0 0.34140625 0.16796875 0.0890625 0.1390625
0 0.46328125 0.3375 0.1578125 0.153125
0 0.43671875 0.4578125 0.1390625 0.13125
0 0.5453125 0.54765625 0.159375 0.1703125
0 0.5 0.62890625 0.2078125 0.2078125
0 0.48515625 0.81171875 0.11875 0.128125
0 0.54296875 0.86796875 0.2265625 0.225
0 0.67734375 0.91953125 0.221875 0.1515625
0 0.86015625 0.840625 0.2265625 0.1671875
0 0.86484375 0.68671875 0.2109375 0.1625
0 0.93203125 0.5796875 0.1359375 0.203125
0 0.90625 0.39765625 0.1875 0.2140625
0 0.77109375 0.49453125 0.2265625 0.2578125
0 0.67109375 0.41484375 0.1234375 0.15625
0 0.6109375 0.3453125 0.071875 0.1078125
0 0.5625 0.303125 0.1421875 0.159375
0 0.72734375 0.3015625 0.171875 0.15625
0 0.93515625 0.23515625 0.1296875 0.1359375
0 0.8640625 0.2015625 0.08125 0.1
0 0.6359375 0.6578125 0.1640625 0.153125