0 0.4890625 0.7015625 0.171875 0.15625
0 0.4984375 0.775 0.1703125 0.1546875
0 0.6484375 0.8109375 0.1765625 0.178125
0 0.62578125 0.5890625 0.1796875 0.1953125
0 0.7046875 0.51875 0.1984375 0.1640625
0 0.8890625 0.6375 0.1828125 0.15625
0 0.82421875 0.71953125 0.190625 0.171875
0 0.43515625 0.44296875 0.1765625 0.1296875
0 0.35546875 0.64921875 0.1640625 0.1546875
0 0.834375 0.815625 0.1625 0.1296875
0 0.71328125 0.8953125 0.196875 0.1703125
0 0.94765625 0.8515625 0.1046875 0.128125
0 0.61484375 0.67734375 0.128125 0.13125
0 0.46484375 0.5625 0.165625 0.146875
0 0.50859375 0.6234375 0.1640625 0.1546875
0 0.9703125 0.74921875 0.059375 0.1765625