0 0.05 0.484375 0.1 0.096875
0 0.04453125 0.2578125 0.0890625 0.10625
0 0.58984375 0.1453125 0.19375 0.1890625
0 0.8203125 0.3765625 0.2484375 0.15
0 0.66015625 0.459375 0.10625 0.071875
0 0.69609375 0.528125 0.121875 0.0953125
0 0.51015625 0.4421875 0.0703125 0.0640625
0 0.78828125 0.01484375 0.1515625 0.0296875
0 0.44609375 0.0296875 0.0640625 0.059375
0 0.45703125 0.07734375 0.071875 0.071875
0 0.34453125 0.09921875 0.0703125 0.09375
0 0.3390625 0.32421875 0.084375 0.1203125
0 0.27109375 0.66796875 0.1375 0.10625
0 0.12109375 0.565625 0.1046875 0.0921875
0 0.48359375 0.15234375 0.0734375 0.065625
0 0.8109375 0.4921875 0.1 0.0625