0 0.69296875 0.7734375 0.171875 0.165625
0 0.6796875 0.94765625 0.1125 0.084375
0 0.57890625 0.96953125 0.1125 0.0609375
0 0.3859375 0.953125 0.1078125 0.0921875
0 0.1734375 0.67890625 0.1453125 0.0953125
0 0.04921875 0.83671875 0.05 0.0859375
0 0.20078125 0.965625 0.0828125 0.06875
0 0.309375 0.9640625 0.0640625 0.0671875
0 0.3046875 0.75390625 0.0765625 0.0890625
0 0.40859375 0.8140625 0.0796875 0.0578125
0 0.52578125 0.765625 0.0671875 0.125
0 0.525 0.8578125 0.0703125 0.078125
0 0.56484375 0.759375 0.05 0.065625
0 0.521875 0.49765625 0.0609375 0.084375
0 0.4875 0.5515625 0.06875 0.0765625
0 0.47265625 0.45 0.0609375 0.0484375
0 0.56953125 0.4734375 0.0703125 0.0546875
0 0.70390625 0.4875 0.18125 0.15625
0 0.8203125 0.621875 0.1984375 0.1375
0 0.79765625 0.69140625 0.0875 0.08125
0 0.884375 0.815625 0.06875 0.071875
0 0.81875 0.78125 0.0578125 0.071875
0 0.8109375 0.8859375 0.0421875 0.090625
0 0.91796875 0.715625 0.1640625 0.11875
0 0.9453125 0.66328125 0.109375 0.0890625
0 0.8578125 0.52734375 0.15 0.0703125
0 0.89140625 0.49921875 0.0703125 0.0625
0 0.76796875 0.4109375 0.0609375 0.0375
0 0.78125 0.2984375 0.065625 0.0828125
0 0.846875 0.4671875 0.046875 0.0671875
0 0.28203125 0.4875 0.0578125 0.075
0 0.2984375 0.5828125 0.084375 0.065625
0 0.22890625 0.38984375 0.0765625 0.06875
0 0.534375 0.39140625 0.040625 0.0453125
0 0.51015625 0.4296875 0.04375 0.0546875
0 0.61796875 0.83828125 0.0734375 0.1421875
0 0.2765625 0.696875 0.0671875 0.0671875