0 0.66640625 0.37421875 0.1 0.0796875
0 0.8234375 0.61484375 0.0828125 0.1328125
0 0.91328125 0.35625 0.0796875 0.1109375
0 0.30703125 0.3609375 0.0671875 0.065625
0 0.3765625 0.78984375 0.0765625 0.075
0 0.25390625 0.95703125 0.0703125 0.0859375
0 0.16953125 0.84296875 0.0984375 0.1
0 0.24609375 0.72890625 0.065625 0.103125
0 0.40703125 0.6796875 0.05 0.1046875
0 0.06875 0.8 0.0859375 0.0859375
0 0.434375 0.40234375 0.0640625 0.05
0 0.77890625 0.6890625 0.0765625 0.071875
0 0.65234375 0.3046875 0.0734375 0.0734375