0 0.83515625 0.44140625 0.109375 0.265625
0 0.47265625 0.584375 0.15 0.178125
0 0.3375 0.4703125 0.1546875 0.2421875
0 0.5859375 0.76015625 0.1328125 0.178125
0 0.25234375 0.85859375 0.1484375 0.259375
0 0.26171875 0.93984375 0.1703125 0.1203125
0 0.29140625 0.13828125 0.11875 0.1578125
0 0.4984375 0.26171875 0.1046875 0.1734375
0 0.03515625 0.13671875 0.0703125 0.1296875
0 0.14140625 0.36484375 0.1125 0.15
0 0.47734375 0.7078125 0.0875 0.128125
0 0.5125 0.88515625 0.1 0.1
0 0.40546875 0.9234375 0.10625 0.1234375
0 0.3390625 0.6078125 0.0921875 0.115625
0 0.74375 0.21796875 0.06875 0.14375