0 0.10703125 0.4328125 0.1 0.1125
0 0.01015625 0.16640625 0.0203125 0.0828125
0 0.053125 0.11171875 0.103125 0.11875
0 0.26484375 0.2640625 0.1203125 0.1125
0 0.296875 0.38359375 0.103125 0.1015625
0 0.3 0.4734375 0.1125 0.1375
0 0.22265625 0.48828125 0.084375 0.1328125
0 0.31953125 0.6515625 0.0734375 0.1296875
0 0.38984375 0.66640625 0.0828125 0.1328125
0 0.3453125 0.7578125 0.075 0.103125
0 0.4265625 0.7734375 0.0921875 0.103125
0 0.5046875 0.7984375 0.0671875 0.0984375
0 0.4984375 0.63359375 0.078125 0.0953125
0 0.45859375 0.5640625 0.071875 0.0953125
0 0.42578125 0.6 0.0578125 0.103125
0 0.55703125 0.59140625 0.0578125 0.10625
0 0.53046875 0.6828125 0.0546875 0.1015625
0 0.60390625 0.67265625 0.078125 0.084375
0 0.69375 0.6625 0.078125 0.090625
0 0.81328125 0.54296875 0.103125 0.084375
0 0.71171875 0.53203125 0.096875 0.1125
0 0.796875 0.40390625 0.0796875 0.1125
0 0.78671875 0.30546875 0.078125 0.1140625
0 0.48828125 0.43359375 0.0859375 0.0859375
0 0.578125 0.490625 0.0640625 0.103125
0 0.6203125 0.52578125 0.0640625 0.1171875
0 0.128125 0.06328125 0.0828125 0.0609375
0 0.30859375 0.08203125 0.140625 0.115625
0 0.3375 0.18515625 0.1296875 0.1484375
0 0.41484375 0.2484375 0.1078125 0.115625
0 0.45234375 0.321875 0.096875 0.1265625