0 0.90390625 0.16484375 0.1265625 0.1296875
0 0.62421875 0.621875 0.0515625 0.128125
0 0.6328125 0.91953125 0.05625 0.0640625
0 0.58203125 0.8875 0.0515625 0.115625
0 0.528125 0.88984375 0.0375 0.075
0 0.4578125 0.95859375 0.065625 0.0828125
0 0.41953125 0.86484375 0.05 0.0875
0 0.29765625 0.80546875 0.0609375 0.0859375
0 0.42421875 0.71015625 0.0640625 0.078125
0 0.33203125 0.70390625 0.075 0.065625
0 0.41875 0.5125 0.046875 0.075
0 0.3453125 0.51484375 0.0609375 0.053125
0 0.31171875 0.459375 0.06875 0.059375
0 0.33125 0.39140625 0.078125 0.0671875
0 0.4234375 0.3421875 0.040625 0.0859375
0 0.42578125 0.15703125 0.034375 0.090625
0 0.3171875 0.06953125 0.028125 0.0703125
0 0.28359375 0.23671875 0.0515625 0.0578125
0 0.2 0.528125 0.0484375 0.0796875
0 0.09296875 0.49140625 0.0546875 0.05
0 0.12109375 0.371875 0.0328125 0.059375
0 0.10546875 0.29453125 0.0421875 0.04375
0 0.09140625 0.09921875 0.0625 0.075
0 0.01640625 0.440625 0.0328125 0.059375
0 0.053125 0.53671875 0.0484375 0.071875
0 0.215625 0.34296875 0.0546875 0.06875
0 0.45390625 0.36640625 0.040625 0.059375
0 0.55625 0.60625 0.0484375 0.1046875
0 0.3484375 0.9296875 0.0328125 0.065625
0 0.31640625 0.92578125 0.0375 0.0609375
0 0.42578125 0.97109375 0.0484375 0.0578125
0 0.55546875 0.9765625 0.028125 0.0453125