0 0.91484375 0.42109375 0.1703125 0.2859375
0 0.88203125 0.31171875 0.1546875 0.146875
0 0.83984375 0.4578125 0.1328125 0.128125
0 0.77109375 0.5640625 0.1 0.25
0 0.6859375 0.64609375 0.2203125 0.203125
0 0.70234375 0.82265625 0.1640625 0.228125
0 0.5859375 0.76328125 0.159375 0.159375
0 0.55078125 0.909375 0.1328125 0.18125
0 0.40546875 0.790625 0.221875 0.284375
0 0.584375 0.35859375 0.134375 0.2046875
0 0.56875 0.2609375 0.175 0.1640625
0 0.46875 0.315625 0.1015625 0.1546875
0 0.3 0.2515625 0.15 0.128125
0 0.22421875 0.0390625 0.1671875 0.078125
0 0.546875 0.0875 0.0828125 0.1640625
0 0.6390625 0.06015625 0.1 0.1140625
0 0.3765625 0.0625 0.109375 0.1140625