0 0.37109375 0.1515625 0.125 0.11875
0 0.15859375 0.07734375 0.1390625 0.06875
0 0.1265625 0.215625 0.1171875 0.0859375
0 0.0546875 0.38359375 0.096875 0.0625
0 0.07578125 0.41953125 0.0703125 0.053125
0 0.440625 0.353125 0.1015625 0.1171875
0 0.40859375 0.340625 0.0515625 0.053125
0 0.5046875 0.53984375 0.0546875 0.05
0 0.19453125 0.80546875 0.08125 0.1671875
0 0.33203125 0.5671875 0.071875 0.0875
0 0.26015625 0.49453125 0.059375 0.0671875
0 0.65 0.3265625 0.0671875 0.0671875
0 0.63125 0.0734375 0.0765625 0.0609375
0 0.70390625 0.06015625 0.04375 0.0390625
0 0.6953125 0.10234375 0.0515625 0.0609375
0 0.6484375 0.16015625 0.034375 0.04375
0 0.68828125 0.20859375 0.0609375 0.078125
0 0.79609375 0.153125 0.0703125 0.0671875
0 0.81640625 0.24609375 0.1328125 0.1203125
0 0.76875 0.359375 0.078125 0.08125
0 0.9546875 0.1515625 0.090625 0.0875
0 0.96484375 0.2546875 0.0703125 0.1125
0 0.94375 0.3546875 0.1125 0.115625
0 0.8875 0.43046875 0.1125 0.1203125
0 0.80234375 0.50390625 0.171875 0.1203125
0 0.72109375 0.4421875 0.0484375 0.053125
0 0.69140625 0.45234375 0.028125 0.0484375
0 0.90625 0.7140625 0.1375 0.096875
0 0.75859375 0.5859375 0.046875 0.040625
0 0.55625 0.503125 0.0515625 0.05625
0 0.6046875 0.28359375 0.040625 0.046875
0 0.58203125 0.325 0.046875 0.0484375
0 0.48671875 0.06171875 0.0625 0.0640625
0 0.409375 0.02734375 0.09375 0.0546875