0 0.46875 0.4953125 0.1734375 0.128125
0 0.37265625 0.68671875 0.1578125 0.1875
0 0.1375 0.8859375 0.078125 0.103125
0 0.38671875 0.51171875 0.1203125 0.1390625
0 0.49453125 0.6953125 0.178125 0.125
0 0.4953125 0.6265625 0.1484375 0.1265625
0 0.65078125 0.69296875 0.1546875 0.1765625
0 0.70546875 0.66796875 0.15 0.134375
0 0.74609375 0.60546875 0.2 0.15
0 0.51015625 0.87421875 0.13125 0.1390625
0 0.5078125 0.790625 0.159375 0.1265625
0 0.6484375 0.915625 0.159375 0.1421875
0 0.8203125 0.915625 0.153125 0.1109375
0 0.82890625 0.82578125 0.1765625 0.1625
0 0.9046875 0.74921875 0.1703125 0.153125