0 0.40078125 0.753125 0.153125 0.1578125
0 0.35546875 0.54140625 0.2203125 0.146875
0 0.39296875 0.41015625 0.1125 0.121875
0 0.65859375 0.38125 0.13125 0.109375
0 0.84921875 0.5609375 0.065625 0.0640625
0 0.65234375 0.7640625 0.10625 0.0796875
0 0.18125 0.8953125 0.103125 0.096875
0 0.13203125 0.753125 0.1703125 0.16875
0 0.18984375 0.68984375 0.0671875 0.0640625
0 0.2203125 0.6203125 0.1125 0.0921875
0 0.18984375 0.4953125 0.1390625 0.115625
0 0.2546875 0.428125 0.0890625 0.0859375
0 0.240625 0.38671875 0.0703125 0.0625
0 0.2765625 0.88203125 0.0578125 0.0671875
0 0.375 0.90703125 0.0765625 0.128125
0 0.45859375 0.8890625 0.0875 0.0859375
0 0.4953125 0.95234375 0.078125 0.0875
0 0.5390625 0.96640625 0.08125 0.0671875
0 0.91796875 0.878125 0.059375 0.0875
0 0.04609375 0.375 0.0734375 0.0765625
0 0.0765625 0.1890625 0.06875 0.08125