0 0.44921875 0.025 0.1296875 0.05
0 0.12890625 0.259375 0.134375 0.1625
0 0.4203125 0.209375 0.16875 0.190625
0 0.5640625 0.146875 0.1515625 0.18125
0 0.74296875 0.09453125 0.175 0.1625
0 0.86953125 0.05390625 0.1515625 0.1078125
0 0.92578125 0.1203125 0.1171875 0.1796875
0 0.846875 0.2640625 0.1671875 0.1609375
0 0.76640625 0.20390625 0.2 0.19375
0 0.5640625 0.275 0.1140625 0.1
0 0.6 0.35 0.15625 0.2234375
0 0.65859375 0.36953125 0.1453125 0.1796875
0 0.70859375 0.39375 0.190625 0.178125
0 0.46015625 0.55546875 0.178125 0.1140625
0 0.37734375 0.58125 0.1328125 0.1421875
0 0.32109375 0.39609375 0.146875 0.2046875
0 0.44296875 0.2953125 0.1859375 0.190625
0 0.471875 0.365625 0.1828125 0.159375
0 0.45 0.459375 0.153125 0.13125
0 0.590625 0.046875 0.2 0.09375
0 0.48359375 0.81640625 0.0734375 0.1421875