0 0.39609375 0.33359375 0.11875 0.1109375
0 0.39765625 0.16015625 0.08125 0.1515625
0 0.63046875 0.13828125 0.08125 0.08125
0 0.5890625 0.0796875 0.0578125 0.05625
0 0.84375 0.12734375 0.0640625 0.0796875
0 0.30546875 0.103125 0.08125 0.1546875
0 0.31953125 0.23046875 0.10625 0.1671875
0 0.2546875 0.359375 0.140625 0.1359375
0 0.19921875 0.5171875 0.0859375 0.1265625
0 0.1453125 0.6625 0.06875 0.1171875
0 0.2421875 0.834375 0.1125 0.20625
0 0.28828125 0.73359375 0.090625 0.196875
0 0.3625 0.63828125 0.1375 0.1671875
0 0.4203125 0.584375 0.1625 0.20625
0 0.41171875 0.4390625 0.159375 0.1734375
0 0.22578125 0.9484375 0.0828125 0.103125
0 0.9796875 0.7359375 0.040625 0.084375
0 0.98046875 0.45625 0.0390625 0.084375