0 0.565625 0.4484375 0.2015625 0.1390625
0 0.36640625 0.6703125 0.2015625 0.1890625
0 0.28359375 0.6125 0.06875 0.08125
0 0.11796875 0.1015625 0.15 0.1515625
0 0.8609375 0.13046875 0.1640625 0.134375
0 0.934375 0.12578125 0.13125 0.1546875
0 0.8734375 0.4421875 0.253125 0.196875
0 0.73671875 0.61796875 0.125 0.1078125
0 0.66171875 0.4046875 0.1265625 0.0953125
0 0.3453125 0.39921875 0.059375 0.1
0 0.07578125 0.321875 0.1078125 0.078125
0 0.4546875 0.53671875 0.0796875 0.096875
0 0.5765625 0.55625 0.0796875 0.0671875
0 0.646875 0.5234375 0.059375 0.053125
0 0.7953125 0.22109375 0.0703125 0.090625
0 0.75234375 0.51640625 0.075 0.0578125
0 0.746875 0.28125 0.0734375 0.084375
0 0.30703125 0.53984375 0.0640625 0.065625