0 0.29765625 0.44765625 0.11875 0.1109375
0 0.28203125 0.3625 0.103125 0.1078125
0 0.6296875 0.2984375 0.0828125 0.0984375
0 0.5265625 0.2734375 0.0703125 0.0734375
0 0.51875 0.3765625 0.0796875 0.090625
0 0.63828125 0.4421875 0.059375 0.0828125
0 0.8203125 0.62578125 0.0921875 0.1296875
0 0.9203125 0.54765625 0.0890625 0.1234375
0 0.9734375 0.43515625 0.053125 0.0828125
0 0.98125 0.6265625 0.0375 0.121875
0 0.92890625 0.7046875 0.13125 0.1265625
0 0.9546875 0.7828125 0.08125 0.0859375
0 0.89453125 0.8515625 0.1078125 0.125
0 0.71640625 0.72109375 0.10625 0.1171875
0 0.65234375 0.6328125 0.0875 0.1125
0 0.5765625 0.59296875 0.053125 0.0515625
0 0.24140625 0.7203125 0.109375 0.153125
0 0.11328125 0.6890625 0.053125 0.0828125
0 0.1265625 0.475 0.0875 0.0875
0 0.11328125 0.78359375 0.0828125 0.0921875
0 0.0609375 0.51171875 0.1171875 0.15
0 0.21171875 0.515625 0.0625 0.1078125
0 0.53515625 0.7671875 0.0703125 0.11875
0 0.49140625 0.50546875 0.0546875 0.0734375
0 0.75703125 0.55546875 0.065625 0.075