0 0.53984375 0.2796875 0.3015625 0.25625
0 0.3921875 0.83046875 0.325 0.3390625
0 0.19765625 0.77890625 0.0859375 0.2578125
0 0.23125 0.39375 0.09375 0.0984375
0 0.134375 0.4078125 0.0734375 0.1578125
0 0.12734375 0.5078125 0.1109375 0.090625
0 0.04375 0.36484375 0.0875 0.1578125
0 0.3671875 0.20234375 0.1546875 0.1375
0 0.8 0.284375 0.0796875 0.1515625
0 0.8328125 0.5328125 0.1265625 0.2421875
0 0.95546875 0.40546875 0.0859375 0.115625
0 0.82578125 0.8625 0.2390625 0.253125
0 0.59140625 0.90859375 0.15625 0.18125
0 0.38359375 0.52421875 0.1015625 0.10625
0 0.45625 0.45859375 0.0421875 0.1921875
0 0.45859375 0.446875 0.121875 0.1109375
0 0.63203125 0.39765625 0.146875 0.18125
0 0.73671875 0.43203125 0.11875 0.1671875
0 0.7375 0.2296875 0.08125 0.1140625
0 0.67421875 0.11015625 0.1046875 0.1265625
0 0.61875 0.1453125 0.1390625 0.11875
0 0.1859375 0.221875 0.1203125 0.0984375
0 0.2234375 0.17265625 0.0984375 0.10625
0 0.22109375 0.2796875 0.0953125 0.134375
0 0.28359375 0.57890625 0.0984375 0.0890625
0 0.3953125 0.6421875 0.096875 0.1046875
0 0.609375 0.6453125 0.109375 0.16875
0 0.66796875 0.6859375 0.0890625 0.184375
0 0.73515625 0.65703125 0.1125 0.1421875
0 0.0921875 0.6796875 0.134375 0.10625
0 0.1796875 0.64296875 0.1 0.1046875
0 0.07265625 0.09296875 0.06875 0.1140625
0 0.5140625 0.04609375 0.140625 0.0921875
0 0.8625 0.0421875 0.090625 0.084375
0 0.78828125 0.08828125 0.0625 0.090625