0 0.434375 0.30625 0.11875 0.096875
0 0.5421875 0.325 0.0828125 0.0671875
0 0.459375 0.48125 0.1109375 0.0875
0 0.37109375 0.51015625 0.1203125 0.09375
0 0.23984375 0.55859375 0.1640625 0.2046875
0 0.209375 0.490625 0.1359375 0.1
0 0.08828125 0.58359375 0.140625 0.10625
0 0.1203125 0.66328125 0.128125 0.1515625
0 0.19453125 0.71796875 0.134375 0.1796875
0 0.3390625 0.66328125 0.1390625 0.1390625
0 0.47109375 0.6296875 0.1296875 0.115625
0 0.53671875 0.49609375 0.071875 0.11875
0 0.63828125 0.24765625 0.053125 0.0875
0 0.9625 0.36796875 0.075 0.0921875
0 0.52734375 0.70390625 0.0984375 0.1625
0 0.353125 0.3671875 0.09375 0.1125