0 0.5390625 0.871875 0.0890625 0.115625
0 0.6265625 0.565625 0.0875 0.1859375
0 0.55234375 0.43046875 0.121875 0.1640625
0 0.48125 0.33203125 0.0984375 0.0984375
0 0.5390625 0.24296875 0.078125 0.0890625
0 0.94765625 0.31484375 0.1046875 0.1421875
0 0.41171875 0.8328125 0.078125 0.0875
0 0.46015625 0.83828125 0.0609375 0.128125
0 0.3734375 0.68984375 0.0875 0.1140625
0 0.38671875 0.65 0.0671875 0.071875
0 0.39921875 0.44375 0.0703125 0.0625
0 0.4359375 0.4 0.103125 0.1109375
0 0.2421875 0.378125 0.0734375 0.0734375
0 0.19609375 0.34453125 0.0765625 0.0828125
0 0.18515625 0.25625 0.065625 0.0625
0 0.28671875 0.29296875 0.059375 0.0640625
0 0.275 0.13984375 0.0671875 0.05625
0 0.14453125 0.0671875 0.0640625 0.0640625
0 0.53125 0.96328125 0.0484375 0.0609375
0 0.4328125 0.55703125 0.0625 0.071875
0 0.45234375 0.16484375 0.0453125 0.075