0 0.7578125 0.7734375 0.1109375 0.140625
0 0.89296875 0.52265625 0.1359375 0.1328125
0 0.7640625 0.578125 0.1671875 0.121875
0 0.66640625 0.55234375 0.115625 0.1
0 0.634375 0.75625 0.1046875 0.1015625
0 0.440625 0.6578125 0.134375 0.1375
0 0.3375 0.63515625 0.125 0.1234375
0 0.09765625 0.85 0.1328125 0.1234375
0 0.1140625 0.72578125 0.146875 0.1125
0 0.75234375 0.3 0.1375 0.1421875
0 0.77265625 0.4203125 0.1421875 0.1109375
0 0.9203125 0.4046875 0.159375 0.10625
0 0.9296875 0.3234375 0.1375 0.0765625
0 0.646875 0.2953125 0.159375 0.128125
0 0.5859375 0.42578125 0.1375 0.1078125
0 0.33984375 0.21796875 0.1625 0.1390625
0 0.159375 0.1109375 0.153125 0.096875
0 0.73359375 0.05859375 0.1390625 0.096875
0 0.8765625 0.2484375 0.1796875 0.125