0 0.4375 0.93515625 0.20625 0.1296875
0 0.3203125 0.8734375 0.1890625 0.175
0 0.37265625 0.88046875 0.15 0.1484375
0 0.0609375 0.828125 0.121875 0.134375
0 0.196875 0.78984375 0.196875 0.1609375
0 0.2171875 0.68046875 0.2078125 0.20625
0 0.05625 0.70625 0.1125 0.165625
0 0.1453125 0.60390625 0.1734375 0.1625
0 0.32578125 0.484375 0.2046875 0.1578125
0 0.4125 0.53046875 0.1703125 0.1890625
0 0.309375 0.56796875 0.0984375 0.0859375
0 0.4109375 0.6578125 0.10625 0.1015625
0 0.39453125 0.753125 0.1640625 0.1515625
0 0.53515625 0.7171875 0.1765625 0.159375
0 0.5515625 0.63515625 0.178125 0.16875
0 0.50390625 0.61015625 0.1609375 0.15
0 0.5546875 0.5203125 0.1765625 0.1640625
0 0.59609375 0.42265625 0.171875 0.1359375
0 0.77421875 0.7671875 0.1703125 0.2
0 0.68828125 0.6296875 0.146875 0.1359375
0 0.92890625 0.6375 0.128125 0.14375