0 0.44375 0.48828125 0.3 0.2890625
0 0.25078125 0.3578125 0.2390625 0.2375
0 0.24765625 0.54609375 0.159375 0.1875
0 0.36953125 0.79140625 0.134375 0.1421875
0 0.49375 0.87890625 0.253125 0.2421875
0 0.6578125 0.846875 0.325 0.30625
0 0.8109375 0.65234375 0.3265625 0.26875
0 0.88828125 0.47421875 0.2234375 0.2671875
0 0.809375 0.240625 0.246875 0.240625
0 0.62890625 0.17109375 0.203125 0.203125
0 0.5421875 0.10859375 0.1578125 0.1625
0 0.228125 0.8875 0.2296875 0.1734375
0 0.41875 0.078125 0.178125 0.15625
0 0.12109375 0.48125 0.1703125 0.1890625
0 0.090625 0.6734375 0.109375 0.171875
0 0.30625 0.68671875 0.109375 0.10625
0 0.79296875 0.84453125 0.2625 0.2046875
0 0.13203125 0.0671875 0.1328125 0.134375
0 0.6453125 0.515625 0.190625 0.18125
0 0.2625 0.21328125 0.115625 0.1296875
0 0.4421875 0.6421875 0.1703125 0.15
0 0.52265625 0.59140625 0.1171875 0.14375
0 0.6421875 0.37109375 0.103125 0.1203125
0 0.7734375 0.3640625 0.1203125 0.1328125
0 0.9390625 0.24609375 0.121875 0.1671875