0 0.5046875 0.653125 0.290625 0.1984375
0 0.7421875 0.703125 0.1390625 0.1203125
0 0.98125 0.68984375 0.0375 0.0921875
0 0.925 0.646875 0.084375 0.0765625
0 0.50546875 0.86640625 0.1453125 0.11875
0 0.44140625 0.8359375 0.2390625 0.1640625
0 0.41953125 0.97109375 0.0828125 0.0578125
0 0.4234375 0.34609375 0.2890625 0.1984375
0 0.64609375 0.46953125 0.0953125 0.0921875
0 0.7140625 0.4578125 0.078125 0.090625
0 0.83828125 0.55 0.0703125 0.0703125
0 0.59453125 0.49609375 0.0796875 0.0734375
0 0.50078125 0.54609375 0.0484375 0.0609375
0 0.38984375 0.434375 0.096875 0.0734375
0 0.34296875 0.50703125 0.065625 0.059375
0 0.30546875 0.63984375 0.1046875 0.0703125
0 0.303125 0.55078125 0.053125 0.0484375
0 0.265625 0.521875 0.053125 0.059375
0 0.23125 0.47890625 0.0515625 0.065625