0 0.61015625 0.57890625 0.3421875 0.6765625
0 0.4375 0.171875 0.246875 0.34375
0 0.43515625 0.47421875 0.215625 0.3390625
0 0.16484375 0.31875 0.3109375 0.490625
0 0.1765625 0.021875 0.14375 0.04375
0 0.76953125 0.2578125 0.1546875 0.2546875
0 0.74453125 0.1140625 0.1234375 0.1515625
0 0.9671875 0.18359375 0.065625 0.1640625
0 0.69453125 0.73828125 0.190625 0.3703125
0 0.6375 0.91796875 0.140625 0.1640625
0 0.4875 0.88203125 0.159375 0.2359375
0 0.42578125 0.80546875 0.1984375 0.3078125
0 0.3078125 0.3359375 0.1828125 0.2140625
0 0.3140625 0.46015625 0.1828125 0.2203125
0 0.14765625 0.1359375 0.1734375 0.18125