0 0.30703125 0.80546875 0.1625 0.1234375
0 0.1078125 0.765625 0.153125 0.0859375
0 0.81875 0.6484375 0.1171875 0.075
0 0.42109375 0.86953125 0.0390625 0.103125
0 0.959375 0.775 0.08125 0.090625
0 0.771875 0.34296875 0.0765625 0.0578125
0 0.4625 0.50625 0.0671875 0.0703125
0 0.6921875 0.459375 0.0609375 0.0390625
0 0.48984375 0.7890625 0.0484375 0.1078125
0 0.6390625 0.940625 0.0796875 0.053125
0 0.71796875 0.96015625 0.0421875 0.0671875
0 0.20390625 0.3328125 0.046875 0.053125
0 0.70546875 0.72734375 0.053125 0.0578125
0 0.60625 0.8796875 0.059375 0.0484375