0 0.409375 0.4203125 0.115625 0.1484375
0 0.38984375 0.50078125 0.0640625 0.1234375
0 0.3859375 0.58125 0.0875 0.1078125
0 0.21171875 0.5640625 0.078125 0.121875
0 0.24140625 0.34765625 0.06875 0.084375
0 0.29765625 0.109375 0.0671875 0.11875
0 0.46015625 0.27734375 0.103125 0.1171875
0 0.4296875 0.31953125 0.0609375 0.0703125
0 0.34140625 0.38984375 0.0578125 0.0796875
0 0.66640625 0.47421875 0.0921875 0.1171875
0 0.60546875 0.46015625 0.0828125 0.0890625
0 0.515625 0.47890625 0.0453125 0.0921875
0 0.61875 0.678125 0.078125 0.1125
0 0.6765625 0.62890625 0.0765625 0.0734375
0 0.82578125 0.57265625 0.0796875 0.08125
0 0.76875 0.565625 0.046875 0.06875
0 0.91328125 0.59375 0.0671875 0.1078125
0 0.9265625 0.2921875 0.075 0.096875
0 0.68359375 0.221875 0.0921875 0.1015625
0 0.228125 0.02109375 0.028125 0.0421875
0 0.134375 0.02265625 0.05625 0.0453125
0 0.27265625 0.29296875 0.0609375 0.078125
0 0.97578125 0.209375 0.0484375 0.11875
0 0.9796875 0.1328125 0.040625 0.0625