0 0.465625 0.67265625 0.075 0.0890625
0 0.15859375 0.57578125 0.065625 0.08125
0 0.38125 0.47578125 0.075 0.084375
0 0.32890625 0.3875 0.0484375 0.071875
0 0.346875 0.334375 0.0734375 0.0671875
0 0.53203125 0.47890625 0.0890625 0.090625
0 0.484375 0.534375 0.09375 0.0796875
0 0.5171875 0.6328125 0.078125 0.078125
0 0.63515625 0.67421875 0.04375 0.096875
0 0.73828125 0.69296875 0.071875 0.0796875
0 0.909375 0.61640625 0.065625 0.1390625
0 0.8171875 0.55703125 0.0578125 0.0875
0 0.88203125 0.509375 0.0421875 0.0546875
0 0.77265625 0.40546875 0.065625 0.1109375
0 0.73671875 0.25390625 0.0765625 0.1296875
0 0.609375 0.3125 0.0984375 0.1296875
0 0.575 0.4203125 0.0921875 0.125
0 0.82890625 0.25859375 0.0640625 0.090625
0 0.9078125 0.26328125 0.05625 0.08125
0 0.9890625 0.23125 0.021875 0.05625
0 0.9828125 0.3828125 0.0265625 0.075
0 0.1421875 0.3453125 0.0703125 0.09375
0 0.05703125 0.0296875 0.0546875 0.059375
0 0.40859375 0.10234375 0.0578125 0.0734375