0 0.19296875 0.92890625 0.2640625 0.1421875
0 0.32421875 0.56875 0.146875 0.115625
0 0.3734375 0.79453125 0.0890625 0.090625
0 0.34609375 0.8625 0.0484375 0.0796875
0 0.378125 0.88515625 0.053125 0.05625
0 0.4953125 0.97265625 0.075 0.0546875
0 0.56640625 0.95859375 0.0703125 0.046875
0 0.5015625 0.896875 0.084375 0.0640625
0 0.55078125 0.61875 0.1015625 0.0765625
0 0.715625 0.6390625 0.121875 0.084375
0 0.90546875 0.58125 0.1890625 0.11875
0 0.953125 0.46484375 0.09375 0.078125
0 0.96171875 0.79765625 0.0765625 0.1453125
0 0.88515625 0.30859375 0.125 0.0828125
0 0.603125 0.44609375 0.0984375 0.090625
0 0.4265625 0.475 0.0703125 0.0609375
0 0.32734375 0.48203125 0.08125 0.0625
0 0.21328125 0.51875 0.1609375 0.0921875
0 0.20390625 0.5875 0.1359375 0.0703125
0 0.2078125 0.65703125 0.0859375 0.1140625
0 0.17109375 0.7484375 0.140625 0.103125
0 0.2640625 0.77734375 0.0484375 0.0546875
0 0.4171875 0.6703125 0.0671875 0.0921875
0 0.54921875 0.8375 0.0609375 0.0671875
0 0.65546875 0.77578125 0.06875 0.0828125
0 0.16796875 0.84453125 0.1203125 0.1015625
0 0.11875 0.459375 0.08125 0.090625
0 0.146875 0.32265625 0.15625 0.0890625
0 0.06875 0.578125 0.1 0.115625