0 0.29453125 0.36171875 0.3984375 0.3453125
0 0.615625 0.73046875 0.5375 0.5390625
0 0.31171875 0.94296875 0.1421875 0.1140625
0 0.434375 0.9640625 0.128125 0.071875
0 0.38515625 0.7734375 0.1375 0.1890625
0 0.259375 0.671875 0.15625 0.2
0 0.40546875 0.58046875 0.13125 0.234375
0 0.72734375 0.575 0.2265625 0.3765625
0 0.49765625 0.48125 0.1109375 0.1
0 0.37890625 0.42734375 0.1046875 0.1359375
0 0.1265625 0.15546875 0.121875 0.159375
0 0.12890625 0.80234375 0.1703125 0.215625
0 0.7234375 0.1640625 0.1640625 0.2421875
0 0.92421875 0.3796875 0.1515625 0.203125
0 0.92109375 0.62734375 0.1578125 0.3234375