0 0.33671875 0.50625 0.26875 0.1625
0 0.82734375 0.884375 0.246875 0.1421875
0 0.86953125 0.8375 0.0921875 0.09375
0 0.07265625 0.84375 0.1453125 0.128125
0 0.0421875 0.5296875 0.084375 0.115625
0 0.071875 0.5171875 0.096875 0.09375
0 0.19921875 0.36015625 0.1671875 0.090625
0 0.36796875 0.80546875 0.046875 0.0671875
0 0.26171875 0.7578125 0.06875 0.075
0 0.65625 0.36328125 0.1671875 0.1453125
0 0.76796875 0.390625 0.0921875 0.115625
0 0.63828125 0.61640625 0.0890625 0.115625
0 0.8734375 0.63515625 0.0875 0.0953125