0 0.90859375 0.4859375 0.1828125 0.271875
0 0.33671875 0.253125 0.234375 0.3015625
0 0.6390625 0.3109375 0.2171875 0.2546875
0 0.61171875 0.13359375 0.1890625 0.23125
0 0.4578125 0.08515625 0.159375 0.1703125
0 0.62421875 0.6109375 0.165625 0.2140625
0 0.36796875 0.77890625 0.1734375 0.14375
0 0.7453125 0.3875 0.15 0.284375
0 0.74609375 0.53359375 0.140625 0.1421875
0 0.62734375 0.71171875 0.2046875 0.1859375
0 0.540625 0.19609375 0.1921875 0.20625
0 0.91640625 0.59765625 0.1671875 0.1515625
0 0.73046875 0.90234375 0.103125 0.1203125