0 0.6171875 0.83359375 0.090625 0.1609375
0 0.61953125 0.64609375 0.125 0.1171875
0 0.57265625 0.4109375 0.1421875 0.2
0 0.6265625 0.3421875 0.1515625 0.1875
0 0.7421875 0.52578125 0.0953125 0.1859375
0 0.8 0.4578125 0.103125 0.13125
0 0.84921875 0.32265625 0.075 0.14375
0 0.74375 0.15703125 0.121875 0.2125
0 0.76171875 0.05 0.0859375 0.1
0 0.70625 0.24921875 0.109375 0.2015625
0 0.7390625 0.61875 0.134375 0.1671875
0 0.72890625 0.7125 0.065625 0.096875
0 0.36171875 0.8625 0.0984375 0.090625
0 0.41796875 0.928125 0.0671875 0.078125
0 0.15859375 0.8921875 0.075 0.0890625
0 0.0234375 0.28984375 0.046875 0.0953125
0 0.57578125 0.55859375 0.165625 0.165625
0 0.56640625 0.84140625 0.078125 0.1234375
0 0.67890625 0.7375 0.121875 0.221875