0 0.4234375 0.4640625 0.303125 0.284375
0 0.72734375 0.165625 0.325 0.3171875
0 0.834375 0.40078125 0.315625 0.2296875
0 0.8828125 0.615625 0.234375 0.253125
0 0.90859375 0.74375 0.1546875 0.20625
0 0.853125 0.87578125 0.1734375 0.13125
0 0.69765625 0.83828125 0.2359375 0.2078125
0 0.65625 0.49921875 0.1953125 0.1703125
0 0.69453125 0.66875 0.1109375 0.11875
0 0.621875 0.734375 0.16875 0.1625
0 0.5140625 0.83984375 0.1984375 0.196875
0 0.39140625 0.840625 0.134375 0.159375
0 0.45234375 0.7125 0.11875 0.115625
0 0.5296875 0.54140625 0.228125 0.21875
0 0.48203125 0.28984375 0.165625 0.15
0 0.528125 0.3625 0.11875 0.1546875
0 0.590625 0.06484375 0.2 0.1296875
0 0.47109375 0.14921875 0.1828125 0.15
0 0.34453125 0.03984375 0.2171875 0.0796875
0 0.24296875 0.328125 0.15 0.178125
0 0.128125 0.153125 0.1234375 0.175
0 0.10703125 0.353125 0.171875 0.2078125
0 0.209375 0.540625 0.2390625 0.2515625
0 0.3140625 0.60390625 0.1796875 0.2390625
0 0.259375 0.85703125 0.1546875 0.184375
0 0.07109375 0.909375 0.1421875 0.109375
0 0.18828125 0.69921875 0.078125 0.1515625
0 0.0609375 0.609375 0.121875 0.171875
0 0.0921875 0.45859375 0.184375 0.1515625
0 0.3484375 0.2171875 0.1125 0.1046875
0 0.57265625 0.63359375 0.096875 0.121875
0 0.1171875 0.77109375 0.0921875 0.11875