0 0.54765625 0.18828125 0.2 0.1765625
0 0.39765625 0.1390625 0.1734375 0.1484375
0 0.4859375 0.265625 0.209375 0.19375
0 0.53203125 0.35390625 0.1796875 0.1484375
0 0.17578125 0.325 0.184375 0.153125
0 0.371875 0.34140625 0.1734375 0.140625
0 0.37734375 0.44296875 0.175 0.146875
0 0.32734375 0.51875 0.1640625 0.1296875
0 0.48046875 0.6046875 0.1859375 0.153125
0 0.57421875 0.55703125 0.15 0.1453125
0 0.55625 0.45078125 0.15 0.1359375
0 0.65234375 0.37265625 0.1828125 0.1734375
0 0.7796875 0.346875 0.1234375 0.109375
0 0.69453125 0.46171875 0.171875 0.1375
0 0.71953125 0.5859375 0.1875 0.1609375