0 0.15234375 0.8875 0.2359375 0.1859375
0 0.30703125 0.95390625 0.1 0.0703125
0 0.49375 0.87578125 0.0625 0.0546875
0 0.56171875 0.91328125 0.1015625 0.10625
0 0.69296875 0.8890625 0.1390625 0.1421875
0 0.73203125 0.765625 0.1515625 0.178125
0 0.428125 0.76171875 0.128125 0.1
0 0.26171875 0.6265625 0.10625 0.10625
0 0.16171875 0.72265625 0.103125 0.0875
0 0.06171875 0.55703125 0.075 0.0828125
0 0.09609375 0.4078125 0.0875 0.0875
0 0.15546875 0.55859375 0.05 0.0453125
0 0.39375 0.515625 0.071875 0.071875
0 0.8390625 0.61796875 0.11875 0.0828125
0 0.8953125 0.40859375 0.14375 0.1046875
0 0.56015625 0.67734375 0.18125 0.19375
0 0.4015625 0.88984375 0.0578125 0.0609375