0 0.1984375 0.2640625 0.0953125 0.115625
0 0.51796875 0.2671875 0.0796875 0.10625
0 0.7671875 0.28828125 0.071875 0.1015625
0 0.91484375 0.37890625 0.0578125 0.09375
0 0.66796875 0.396875 0.0625 0.0671875
0 0.821875 0.25859375 0.078125 0.08125
0 0.95078125 0.590625 0.0984375 0.134375
0 0.7328125 0.52578125 0.05625 0.1109375
0 0.33828125 0.20546875 0.0578125 0.078125
0 0.40546875 0.409375 0.06875 0.0859375
0 0.371875 0.68828125 0.071875 0.0875
0 0.0125 0.125 0.025 0.153125
0 0.496875 0.4203125 0.0546875 0.0703125
0 0.4859375 0.5796875 0.0515625 0.05
0 0.71640625 0.6765625 0.0421875 0.10625
0 0.771875 0.5875 0.065625 0.1140625
0 0.2640625 0.28359375 0.0578125 0.078125