0 0.4828125 0.63046875 0.0609375 0.059375
0 0.425 0.63984375 0.0796875 0.075
0 0.47421875 0.5625 0.06875 0.08125
0 0.56640625 0.4203125 0.08125 0.09375
0 0.5828125 0.4875 0.0453125 0.084375
0 0.4984375 0.44375 0.065625 0.0796875
0 0.57265625 0.28984375 0.0578125 0.096875
0 0.6078125 0.14765625 0.1046875 0.121875
0 0.29375 0.27265625 0.11875 0.1390625
0 0.39296875 0.3484375 0.1078125 0.1328125
0 0.4140625 0.4640625 0.0953125 0.109375
0 0.365625 0.43125 0.0390625 0.075
0 0.265625 0.5109375 0.11875 0.15625
0 0.3203125 0.6203125 0.075 0.1265625
0 0.2546875 0.7296875 0.0625 0.0734375
0 0.16796875 0.72578125 0.115625 0.115625
0 0.153125 0.60234375 0.0703125 0.0953125
0 0.19921875 0.5640625 0.0453125 0.0859375
0 0.13828125 0.54765625 0.065625 0.0671875
0 0.05859375 0.54296875 0.1 0.1125
0 0.0546875 0.3375 0.08125 0.08125
0 0.1359375 0.33515625 0.0703125 0.1171875
0 0.81953125 0.46953125 0.08125 0.140625