0 0.3796875 0.55234375 0.3953125 0.365625
0 0.1984375 0.725 0.34375 0.346875
0 0.38671875 0.85546875 0.215625 0.2296875
0 0.82421875 0.7515625 0.309375 0.3328125
0 0.82890625 0.49296875 0.3421875 0.3359375
0 0.7421875 0.25546875 0.290625 0.2390625
0 0.78828125 0.14375 0.340625 0.2390625
0 0.53828125 0.19453125 0.221875 0.2390625
0 0.58203125 0.29765625 0.2015625 0.178125
0 0.63515625 0.39140625 0.184375 0.1859375
0 0.41328125 0.11640625 0.3296875 0.2328125
0 0.1734375 0.06953125 0.18125 0.1390625
0 0.2625 0.23828125 0.2875 0.2515625
0 0.08359375 0.51015625 0.1671875 0.2515625
0 0.11171875 0.32578125 0.2046875 0.228125
0 0.678125 0.96640625 0.209375 0.0671875
0 0.065625 0.84453125 0.13125 0.1453125
0 0.91484375 0.22421875 0.1703125 0.2046875
0 0.984375 0.3578125 0.03125 0.11875
0 0.95859375 0.3890625 0.0828125 0.1
0 0.58984375 0.64921875 0.1921875 0.1984375
0 0.6015625 0.5296875 0.2046875 0.190625
0 0.73671875 0.85234375 0.2546875 0.2421875
0 0.54921875 0.86171875 0.2125 0.25