0 0.0875 0.596875 0.175 0.253125
0 0.11875 0.703125 0.165625 0.1359375
0 0.221875 0.43515625 0.115625 0.29375
0 0.31015625 0.3609375 0.203125 0.2375
0 0.2921875 0.17109375 0.171875 0.2359375
0 0.41640625 0.24375 0.16875 0.1875
0 0.409375 0.08671875 0.184375 0.1734375
0 0.57734375 0.22109375 0.215625 0.2953125
0 0.43359375 0.75078125 0.1609375 0.128125
0 0.42890625 0.65390625 0.1421875 0.1953125
0 0.37578125 0.9390625 0.1140625 0.11875
0 0.4703125 0.9109375 0.0890625 0.178125
0 0.65 0.93359375 0.0921875 0.115625
0 0.80546875 0.95234375 0.1703125 0.0953125
0 0.7375 0.75078125 0.1859375 0.1390625
0 0.87578125 0.74296875 0.1390625 0.26875