0 0.646875 0.41953125 0.1359375 0.1015625
0 0.73125 0.07265625 0.253125 0.1453125
0 0.0703125 0.45234375 0.140625 0.0984375
0 0.2546875 0.3734375 0.0859375 0.0859375
0 0.4140625 0.38125 0.0875 0.059375
0 0.796875 0.3890625 0.1265625 0.0609375
0 0.81640625 0.23046875 0.13125 0.078125
0 0.58828125 0.19609375 0.0765625 0.059375
0 0.5984375 0.11171875 0.1078125 0.05625
0 0.45 0.10234375 0.0734375 0.046875
0 0.02734375 0.2609375 0.0546875 0.125
0 0.390625 0.56171875 0.0765625 0.0609375
0 0.15078125 0.7171875 0.11875 0.0671875
0 0.665625 0.503125 0.06875 0.0578125
0 0.8015625 0.46484375 0.15 0.103125