0 0.49375 0.37421875 0.065625 0.103125
0 0.465625 0.4546875 0.0765625 0.0921875
0 0.32890625 0.46875 0.1046875 0.0875
0 0.3265625 0.31875 0.0828125 0.1109375
0 0.36953125 0.3875 0.0546875 0.0625
0 0.07109375 0.6765625 0.109375 0.153125
0 0.12421875 0.69453125 0.05 0.0609375
0 0.08828125 0.4484375 0.0421875 0.0796875
0 0.0828125 0.5375 0.0578125 0.0515625
0 0.5125 0.8078125 0.109375 0.1234375
0 0.60546875 0.73515625 0.0625 0.1171875
0 0.6296875 0.603125 0.0390625 0.0859375
0 0.94453125 0.7296875 0.071875 0.0953125
0 0.58046875 0.87578125 0.090625 0.1140625
0 0.63046875 0.8421875 0.071875 0.096875
0 0.790625 0.90703125 0.0703125 0.0859375
0 0.3921875 0.57734375 0.078125 0.08125
0 0.33046875 0.5578125 0.078125 0.096875
0 0.490625 0.5234375 0.08125 0.0875
0 0.44921875 0.58125 0.0453125 0.0609375
0 0.50078125 0.72578125 0.053125 0.0859375
0 0.8171875 0.784375 0.0609375 0.071875
0 0.2125 0.44609375 0.0484375 0.071875
0 0.25859375 0.49140625 0.046875 0.0734375
0 0.175 0.60859375 0.0609375 0.1046875
0 0.1796875 0.0484375 0.04375 0.05