0 0.69296875 0.86953125 0.2046875 0.16875
0 0.33046875 0.71171875 0.190625 0.1640625
0 0.37265625 0.6359375 0.2046875 0.1953125
0 0.44375 0.7484375 0.0703125 0.075
0 0.61171875 0.5765625 0.1859375 0.159375
0 0.57265625 0.50234375 0.1046875 0.0859375
0 0.6171875 0.4734375 0.0734375 0.075
0 0.521875 0.42734375 0.159375 0.134375
0 0.45078125 0.3359375 0.171875 0.165625
0 0.484375 0.51875 0.18125 0.1671875
0 0.34765625 0.2796875 0.1125 0.1140625
0 0.2953125 0.31640625 0.171875 0.171875
0 0.38203125 0.40078125 0.1359375 0.1328125
0 0.2546875 0.3984375 0.1421875 0.1265625
0 0.36171875 0.4984375 0.190625 0.1515625
0 0.2484375 0.5078125 0.165625 0.13125
0 0.209375 0.56171875 0.1015625 0.1203125
0 0.79140625 0.24453125 0.16875 0.1515625
0 0.8484375 0.05703125 0.09375 0.1140625