0 0.5609375 0.2359375 0.1375 0.1234375
0 0.61171875 0.44296875 0.1828125 0.128125
0 0.3703125 0.63359375 0.103125 0.0859375
0 0.61015625 0.028125 0.0625 0.0484375
0 0.75859375 0.06328125 0.090625 0.0859375
0 0.66796875 0.1046875 0.0625 0.0546875
0 0.44140625 0.059375 0.0671875 0.0734375
0 0.47265625 0.11953125 0.0515625 0.0828125
0 0.3953125 0.03984375 0.0484375 0.0796875
0 0.81328125 0.22265625 0.134375 0.090625
0 0.87578125 0.1671875 0.0828125 0.0765625
0 0.76640625 0.33984375 0.090625 0.0859375
0 0.95546875 0.56640625 0.0859375 0.0921875
0 0.94765625 0.74453125 0.084375 0.103125
0 0.7359375 0.5515625 0.071875 0.04375
0 0.77734375 0.5828125 0.0625 0.0515625
0 0.5828125 0.0890625 0.05 0.0875
0 0.0390625 0.3703125 0.06875 0.059375
0 0.3109375 0.259375 0.1015625 0.0890625
0 0.1671875 0.36015625 0.0578125 0.06875
0 0.16171875 0.29609375 0.053125 0.0609375
0 0.20625 0.31875 0.053125 0.0640625
0 0.62421875 0.146875 0.05 0.084375
0 0.6046875 0.58359375 0.1 0.0828125
0 0.7859375 0.4703125 0.1046875 0.0734375