0 0.56015625 0.50703125 0.2140625 0.225
0 0.4390625 0.50234375 0.1890625 0.165625
0 0.50078125 0.32421875 0.2125 0.159375
0 0.490625 0.24140625 0.1796875 0.1453125
0 0.34921875 0.28515625 0.08125 0.0921875
0 0.3546875 0.5796875 0.15625 0.1875
0 0.2109375 0.7171875 0.1328125 0.1859375
0 0.07734375 0.83046875 0.1546875 0.1203125
0 0.1703125 0.20390625 0.14375 0.25
0 0.0984375 0.42109375 0.103125 0.15
0 0.1984375 0.39296875 0.08125 0.19375
0 0.22109375 0.27265625 0.10625 0.1
0 0.0921875 0.675 0.0765625 0.1359375