0 0.5734375 0.5953125 0.1390625 0.165625
0 0.60859375 0.5203125 0.0859375 0.13125
0 0.62734375 0.4421875 0.10625 0.1203125
0 0.7953125 0.4921875 0.1 0.1328125
0 0.725 0.6984375 0.0828125 0.09375
0 0.62421875 0.92265625 0.0875 0.1265625
0 0.496875 0.7265625 0.121875 0.13125
0 0.534375 0.690625 0.071875 0.0796875
0 0.634375 0.63828125 0.0703125 0.0875
0 0.33203125 0.49375 0.1109375 0.13125
0 0.3890625 0.51875 0.096875 0.1015625
0 0.48046875 0.51796875 0.0625 0.0984375
0 0.4171875 0.30234375 0.096875 0.1234375
0 0.3515625 0.33984375 0.0875 0.0859375
0 0.19453125 0.36640625 0.0921875 0.09375
0 0.2484375 0.384375 0.059375 0.075
0 0.11171875 0.32890625 0.0859375 0.1171875
0 0.04375 0.621875 0.0875 0.10625
0 0.26640625 0.73828125 0.1078125 0.115625
0 0.68359375 0.74609375 0.0734375 0.0859375