0 0.7703125 0.92265625 0.2125 0.1546875
0 0.85 0.721875 0.2046875 0.20625
0 0.72890625 0.4 0.2140625 0.53125
0 0.8625 0.27734375 0.1578125 0.2703125
0 0.84140625 0.3921875 0.146875 0.196875
0 0.5375 0.34609375 0.128125 0.1515625
0 0.61484375 0.41328125 0.1859375 0.1828125
0 0.4984375 0.62265625 0.1265625 0.1203125
0 0.3390625 0.64140625 0.1296875 0.1578125
0 0.30703125 0.3328125 0.2609375 0.209375
0 0.56875 0.1625 0.2125 0.325
0 0.7171875 0.13515625 0.134375 0.20625
0 0.47578125 0.778125 0.14375 0.1953125
0 0.565625 0.91171875 0.1578125 0.1546875
0 0.66484375 0.8109375 0.1703125 0.1828125
0 0.68828125 0.696875 0.165625 0.153125
0 0.4703125 0.92890625 0.14375 0.1421875
0 0.3421875 0.93671875 0.084375 0.0921875
0 0.32734375 0.87734375 0.096875 0.1
0 0.28046875 0.8890625 0.1203125 0.1140625
0 0.3171875 0.0640625 0.14375 0.128125
0 0.178125 0.25078125 0.1328125 0.1375
0 0.1859375 0.44453125 0.103125 0.1
0 0.06015625 0.64140625 0.115625 0.115625
0 0.025 0.75859375 0.05 0.1515625
0 0.05625 0.7703125 0.1078125 0.13125
0 0.21328125 0.6984375 0.1953125 0.215625
0 0.2390625 0.7953125 0.1390625 0.134375
0 0.309375 0.5640625 0.0859375 0.10625
0 0.4296875 0.55078125 0.0734375 0.059375
0 0.2625 0.47734375 0.1140625 0.1828125