0 0.44296875 0.6484375 0.0984375 0.1609375
0 0.33125 0.50859375 0.071875 0.1328125
0 0.20859375 0.23359375 0.109375 0.1296875
0 0.36875 0.146875 0.146875 0.159375
0 0.39765625 0.37421875 0.1109375 0.1625
0 0.50546875 0.396875 0.0671875 0.084375
0 0.54453125 0.2953125 0.146875 0.1359375
0 0.67890625 0.43125 0.1140625 0.1203125
0 0.7296875 0.66328125 0.0625 0.1125
0 0.73828125 0.621875 0.059375 0.0859375
0 0.8296875 0.48203125 0.0625 0.0640625
0 0.821875 0.2609375 0.1671875 0.1359375
0 0.9171875 0.32578125 0.1203125 0.134375
0 0.97265625 0.54453125 0.0546875 0.1140625
0 0.13671875 0.4453125 0.0625 0.1015625