0 0.68125 0.465625 0.3125 0.315625
0 0.2984375 0.36953125 0.35 0.3046875
0 0.571875 0.2484375 0.278125 0.24375
0 0.8828125 0.30859375 0.234375 0.3453125
0 0.86015625 0.58984375 0.19375 0.178125
0 0.69296875 0.92265625 0.2546875 0.1546875
0 0.396875 0.67890625 0.415625 0.3703125
0 0.109375 0.32734375 0.1734375 0.1546875
0 0.1296875 0.109375 0.1546875 0.1515625
0 0.28046875 0.04140625 0.1421875 0.0828125
0 0.2953125 0.12109375 0.2015625 0.1953125
0 0.43671875 0.1140625 0.2765625 0.228125
0 0.7796875 0.2015625 0.2109375 0.20625
0 0.63359375 0.7265625 0.1828125 0.1921875
0 0.821875 0.878125 0.2078125 0.2
0 0.0921875 0.7234375 0.184375 0.228125
0 0.096875 0.775 0.19375 0.328125
0 0.21796875 0.475 0.2 0.265625
0 0.0609375 0.4375 0.121875 0.2
0 0.6171875 0.0703125 0.18125 0.1390625
0 0.92421875 0.1484375 0.1515625 0.175