0 0.38046875 0.3890625 0.06875 0.1125
0 0.32890625 0.40390625 0.071875 0.084375
0 0.22265625 0.50859375 0.0828125 0.1265625
0 0.184375 0.67890625 0.0625 0.0734375
0 0.22734375 0.74765625 0.103125 0.0953125
0 0.340625 0.5828125 0.0578125 0.06875
0 0.42109375 0.5296875 0.1 0.090625
0 0.4015625 0.58515625 0.053125 0.0765625
0 0.3703125 0.71796875 0.0765625 0.128125
0 0.4265625 0.79921875 0.075 0.14375
0 0.34765625 0.875 0.1015625 0.1171875
0 0.27890625 0.95546875 0.0515625 0.0890625
0 0.753125 0.73203125 0.121875 0.184375
0 0.97421875 0.70234375 0.0515625 0.1671875
0 0.6671875 0.8296875 0.1125 0.125
0 0.85703125 0.64453125 0.0875 0.103125
0 0.89140625 0.3515625 0.0578125 0.1125
0 0.75859375 0.39765625 0.0578125 0.0828125
0 0.64375 0.3546875 0.078125 0.1015625
0 0.6453125 0.44921875 0.05 0.109375
0 0.546875 0.53046875 0.10625 0.0953125
0 0.728125 0.3609375 0.0578125 0.0703125