0 0.584375 0.45859375 0.1484375 0.1125
0 0.5484375 0.278125 0.1265625 0.1328125
0 0.51640625 0.0734375 0.096875 0.134375
0 0.79609375 0.22578125 0.1171875 0.0890625
0 0.846875 0.05625 0.0796875 0.0734375
0 0.39375 0.10546875 0.071875 0.075
0 0.3359375 0.03125 0.1078125 0.0578125
0 0.4359375 0.0328125 0.0703125 0.065625
0 0.465625 0.10859375 0.0625 0.053125
0 0.5234375 0.134375 0.05 0.0765625
0 0.5046875 0.19375 0.0578125 0.059375
0 0.40859375 0.18203125 0.0703125 0.05625
0 0.4296875 0.22890625 0.05 0.0328125
0 0.39453125 0.27578125 0.053125 0.0390625
0 0.29375 0.25859375 0.0796875 0.084375
0 0.215625 0.32578125 0.0578125 0.1046875
0 0.3953125 0.36796875 0.0796875 0.0578125
0 0.3796875 0.45078125 0.0796875 0.0875
0 0.334375 0.51484375 0.0703125 0.0609375
0 0.23046875 0.4375 0.0921875 0.065625
0 0.175 0.55859375 0.075 0.065625
0 0.0984375 0.70703125 0.1234375 0.084375
0 0.31484375 0.471875 0.0453125 0.05625
0 0.45625 0.421875 0.0625 0.059375
0 0.1484375 0.278125 0.125 0.0765625
0 0.4796875 0.5546875 0.1 0.096875
0 0.528125 0.64609375 0.0890625 0.0765625
0 0.409375 0.56328125 0.0375 0.0625