0 0.81640625 0.7578125 0.184375 0.2078125
0 0.83046875 0.42421875 0.0953125 0.146875
0 0.87109375 0.27265625 0.0703125 0.1171875
0 0.77109375 0.14765625 0.10625 0.20625
0 0.63671875 0.2515625 0.0828125 0.1609375
0 0.609375 0.3328125 0.1609375 0.209375
0 0.553125 0.41953125 0.184375 0.19375
0 0.646875 0.61171875 0.1921875 0.1734375
0 0.7609375 0.6 0.1203125 0.153125
0 0.7453125 0.45546875 0.1140625 0.1796875
0 0.61171875 0.68828125 0.16875 0.1953125
0 0.62578125 0.81015625 0.0953125 0.1328125
0 0.68671875 0.79609375 0.090625 0.115625
0 0.39453125 0.90078125 0.059375 0.05
0 0.37421875 0.82109375 0.0484375 0.0546875
0 0.4046875 0.840625 0.0421875 0.05625
0 0.4609375 0.83671875 0.053125 0.0578125
0 0.48125 0.79140625 0.0484375 0.0796875
0 0.2296875 0.825 0.0484375 0.05625
0 0.1609375 0.8203125 0.059375 0.08125
0 0.3015625 0.52734375 0.128125 0.1546875
0 0.06796875 0.10703125 0.0578125 0.05
0 0.0671875 0.30546875 0.0515625 0.065625
0 0.484375 0.5140625 0.228125 0.246875