0 0.71875 0.1859375 0.103125 0.121875
0 0.41484375 0.2828125 0.0875 0.1109375
0 0.1828125 0.37578125 0.078125 0.1046875
0 0.06796875 0.50546875 0.065625 0.096875
0 0.30859375 0.45078125 0.0671875 0.0703125
0 0.121875 0.36328125 0.084375 0.0875
0 0.09375 0.71875 0.109375 0.140625
0 0.28515625 0.59296875 0.0640625 0.1140625
0 0.56796875 0.17109375 0.0640625 0.08125
0 0.5640625 0.3859375 0.075 0.090625
0 0.67734375 0.64296875 0.078125 0.0921875
0 0.8796875 0.03515625 0.084375 0.0703125
0 0.4796875 0.42265625 0.059375 0.075
0 0.5375 0.57265625 0.0546875 0.053125
0 0.34453125 0.73203125 0.0515625 0.1078125
0 0.265625 0.66328125 0.075 0.1171875
0 0.66171875 0.22421875 0.0640625 0.08125