0 0.6578125 0.725 0.090625 0.0921875
0 0.78828125 0.615625 0.0953125 0.090625
0 0.475 0.81953125 0.09375 0.075
0 0.38359375 0.684375 0.1078125 0.1015625
0 0.0828125 0.53359375 0.1109375 0.159375
0 0.48515625 0.4265625 0.140625 0.08125
0 0.6578125 0.5796875 0.0984375 0.1234375
0 0.44296875 0.53359375 0.1265625 0.134375
0 0.53125 0.73515625 0.046875 0.0484375
0 0.86953125 0.50234375 0.1046875 0.0796875
0 0.0828125 0.16640625 0.1578125 0.159375
0 0.81953125 0.35859375 0.140625 0.109375
0 0.37109375 0.11875 0.146875 0.1015625