0 0.33203125 0.29765625 0.13125 0.1359375
0 0.275 0.14296875 0.096875 0.1296875
0 0.265625 0.01015625 0.0875 0.0203125
0 0.33203125 0.078125 0.065625 0.0828125
0 0.446875 0.040625 0.08125 0.08125
0 0.45859375 0.13046875 0.08125 0.1046875
0 0.64765625 0.13125 0.1328125 0.128125
0 0.65703125 0.22265625 0.109375 0.121875
0 0.71953125 0.23203125 0.071875 0.0875
0 0.7765625 0.30546875 0.1296875 0.1046875
0 0.92265625 0.225 0.1546875 0.1625
0 0.98046875 0.19296875 0.0390625 0.1578125
0 0.94375 0.340625 0.1125 0.16875
0 0.94921875 0.49765625 0.1015625 0.1265625
0 0.83203125 0.53671875 0.1484375 0.125
0 0.80546875 0.61484375 0.146875 0.1171875
0 0.78828125 0.709375 0.1765625 0.125
0 0.934375 0.56015625 0.13125 0.1390625
0 0.88828125 0.79765625 0.121875 0.1390625
0 0.625 0.734375 0.15 0.109375
0 0.62265625 0.6125 0.140625 0.1171875
0 0.44921875 0.53671875 0.125 0.1359375
0 0.43046875 0.40859375 0.16875 0.1453125
0 0.28203125 0.41328125 0.121875 0.103125
0 0.46796875 0.65546875 0.1015625 0.1125
0 0.346875 0.77578125 0.11875 0.125
0 0.38984375 0.6828125 0.0875 0.0875
0 0.5203125 0.87265625 0.1375 0.1203125
0 0.67265625 0.97578125 0.1421875 0.0484375
0 0.7890625 0.97109375 0.184375 0.0578125
0 0.74140625 0.43046875 0.1046875 0.121875
0 0.66640625 0.4359375 0.1046875 0.109375
0 0.56796875 0.428125 0.125 0.1296875
0 0.534375 0.27265625 0.14375 0.11875