0 0.18671875 0.39765625 0.1328125 0.1453125
0 0.0296875 0.43359375 0.059375 0.1078125
0 0.03671875 0.378125 0.0515625 0.06875
0 0.11953125 0.6875 0.05625 0.0953125
0 0.2359375 0.66875 0.0515625 0.05625
0 0.2671875 0.63046875 0.0546875 0.06875
0 0.3734375 0.5984375 0.04375 0.0640625
0 0.38203125 0.68984375 0.05625 0.09375
0 0.42421875 0.71953125 0.05625 0.0515625
0 0.84140625 0.39453125 0.134375 0.1296875
0 0.84296875 0.296875 0.075 0.0671875
0 0.80390625 0.20390625 0.096875 0.084375
0 0.63515625 0.24453125 0.1109375 0.1078125
0 0.61171875 0.58515625 0.06875 0.071875
0 0.59296875 0.15078125 0.0859375 0.0921875
0 0.69296875 0.05234375 0.059375 0.071875
0 0.34765625 0.18515625 0.084375 0.0890625
0 0.6765625 0.42578125 0.08125 0.075
0 0.70546875 0.575 0.06875 0.0921875