0 0.20703125 0.64609375 0.1078125 0.1078125
0 0.32265625 0.58046875 0.053125 0.075
0 0.4390625 0.57265625 0.103125 0.1421875
0 0.90859375 0.4875 0.1078125 0.134375
0 0.634375 0.4859375 0.0578125 0.08125
0 0.6203125 0.375 0.0609375 0.0921875
0 0.5359375 0.36171875 0.1015625 0.128125
0 0.4953125 0.31640625 0.1078125 0.1359375
0 0.6484375 0.215625 0.0421875 0.0578125
0 0.7390625 0.203125 0.065625 0.1203125
0 0.815625 0.2390625 0.0703125 0.08125
0 0.66171875 0.2859375 0.08125 0.09375
0 0.353125 0.23046875 0.1265625 0.115625
0 0.23203125 0.2859375 0.0546875 0.0640625
0 0.09765625 0.18203125 0.0984375 0.1203125
0 0.1640625 0.22421875 0.0546875 0.0640625
0 0.07421875 0.46875 0.0765625 0.11875
0 0.21015625 0.475 0.0640625 0.075
0 0.2640625 0.484375 0.0890625 0.0859375
0 0.2015625 0.4328125 0.0859375 0.1015625
0 0.165625 0.50859375 0.0625 0.078125
0 0.4109375 0.46875 0.0765625 0.1234375
0 0.4578125 0.48515625 0.0578125 0.065625
0 0.4828125 0.43828125 0.0359375 0.0578125
0 0.728125 0.43203125 0.0578125 0.059375
0 0.8140625 0.39921875 0.046875 0.06875
0 0.03515625 0.3296875 0.0328125 0.0609375
0 0.0640625 0.3328125 0.04375 0.04375
0 0.22890625 0.19296875 0.0546875 0.0640625