0 0.7234375 0.725 0.1671875 0.1140625
0 0.47421875 0.8453125 0.1046875 0.10625
0 0.35390625 0.765625 0.1875 0.134375
0 0.41640625 0.69765625 0.1765625 0.18125
0 0.346875 0.5765625 0.1375 0.128125
0 0.40546875 0.52421875 0.15 0.1265625
0 0.57265625 0.66953125 0.1546875 0.15
0 0.56953125 0.559375 0.190625 0.134375
0 0.62421875 0.4921875 0.1640625 0.1484375
0 0.70859375 0.56015625 0.0984375 0.10625
0 0.5109375 0.3953125 0.1671875 0.103125
0 0.41875 0.40625 0.165625 0.1125
0 0.334375 0.440625 0.0953125 0.0859375
0 0.29921875 0.3625 0.15625 0.125
0 0.36484375 0.265625 0.115625 0.0875
0 0.56328125 0.2421875 0.071875 0.13125
0 0.19140625 0.54921875 0.0921875 0.1140625
0 0.2609375 0.53515625 0.1109375 0.1453125