0 0.64921875 0.88125 0.2328125 0.215625
0 0.22421875 0.94296875 0.1390625 0.1140625
0 0.1796875 0.82109375 0.209375 0.1765625
0 0.24453125 0.696875 0.1984375 0.184375
0 0.3375 0.728125 0.2140625 0.20625
0 0.37265625 0.840625 0.2015625 0.165625
0 0.5109375 0.84921875 0.2140625 0.228125
0 0.46953125 0.96875 0.1796875 0.0625
0 0.53359375 0.71953125 0.1859375 0.153125
0 0.64453125 0.6203125 0.1984375 0.18125
0 0.6171875 0.5390625 0.196875 0.184375
0 0.5578125 0.5390625 0.1984375 0.2234375
0 0.59765625 0.46328125 0.1921875 0.1625
0 0.5734375 0.3609375 0.2078125 0.19375
0 0.35078125 0.515625 0.2203125 0.2015625
0 0.45703125 0.496875 0.1875 0.215625
0 0.9 0.4390625 0.2 0.165625
0 0.84609375 0.60234375 0.18125 0.2
0 0.734375 0.5171875 0.175 0.175