0 0.28984375 0.39375 0.1671875 0.1171875
0 0.16640625 0.0609375 0.2546875 0.121875
0 0.18984375 0.253125 0.1375 0.08125
0 0.2140625 0.40078125 0.125 0.0515625
0 0.18828125 0.30546875 0.090625 0.0875
0 0.13984375 0.6578125 0.1390625 0.09375
0 0.3171875 0.509375 0.0625 0.0453125
0 0.41953125 0.51875 0.065625 0.05625
0 0.4328125 0.478125 0.04375 0.0421875
0 0.41328125 0.31328125 0.0453125 0.0578125
0 0.56015625 0.375 0.090625 0.0515625
0 0.71875 0.35234375 0.090625 0.0734375
0 0.87109375 0.44140625 0.165625 0.0921875
0 0.89609375 0.715625 0.128125 0.059375
0 0.59375 0.55625 0.0734375 0.0484375
0 0.3578125 0.1140625 0.0890625 0.046875
0 0.96015625 0.3671875 0.0796875 0.05
0 0.553125 0.16953125 0.0609375 0.065625
0 0.36875 0.19375 0.08125 0.053125
0 0.5578125 0.0484375 0.06875 0.059375