0 0.58359375 0.60078125 0.390625 0.3609375
0 0.665625 0.8328125 0.340625 0.334375
0 0.43984375 0.86875 0.2125 0.228125
0 0.12421875 0.57578125 0.2484375 0.3296875
0 0.19296875 0.33515625 0.378125 0.33125
0 0.3953125 0.171875 0.2890625 0.2359375
0 0.40390625 0.084375 0.3390625 0.16875
0 0.6046875 0.2109375 0.2203125 0.2375
0 0.51875 0.28203125 0.2 0.175
0 0.42890625 0.34140625 0.18125 0.184375
0 0.765625 0.16953125 0.3265625 0.29375
0 0.96015625 0.2171875 0.0796875 0.24375
0 0.83046875 0.375 0.2859375 0.2484375
0 0.88359375 0.70703125 0.2046875 0.25
0 0.91171875 0.52109375 0.1765625 0.2265625
0 0.11171875 0.8703125 0.2078125 0.14375
0 0.74765625 0.9703125 0.1703125 0.059375
0 0.2234375 0.07578125 0.240625 0.1515625
0 0.10546875 0.13984375 0.090625 0.11875
0 0.1203125 0.18203125 0.13125 0.0984375
0 0.35234375 0.59140625 0.1890625 0.196875
0 0.39609375 0.48046875 0.203125 0.1875
0 0.12890625 0.70625 0.253125 0.2390625
0 0.2921875 0.8 0.209375 0.2484375