0 0.40625 0.29765625 0.2484375 0.3
0 0.65703125 0.20078125 0.2140625 0.209375
0 0.67578125 0.3109375 0.2453125 0.2765625
0 0.7671875 0.33125 0.2140625 0.2890625
0 0.82265625 0.496875 0.11875 0.153125
0 0.91171875 0.4828125 0.1765625 0.24375
0 0.9015625 0.61015625 0.1609375 0.140625
0 0.2828125 0.75234375 0.2390625 0.2703125
0 0.57734375 0.7484375 0.140625 0.1296875
0 0.64375 0.83984375 0.1546875 0.2046875
0 0.5703125 0.55703125 0.15625 0.2390625
0 0.6609375 0.55234375 0.1734375 0.1484375
0 0.72734375 0.85859375 0.1265625 0.159375
0 0.5296875 0.10390625 0.246875 0.2078125
0 0.52578125 0.2953125 0.19375 0.1734375
0 0.465625 0.67578125 0.10625 0.15625
0 0.4171875 0.9359375 0.0875 0.1015625
0 0.2484375 0.96171875 0.09375 0.0765625