0 0.68515625 0.653125 0.0734375 0.0671875
0 0.54921875 0.60625 0.0578125 0.059375
0 0.31171875 0.60625 0.1015625 0.0765625
0 0.31875 0.6828125 0.0671875 0.0890625
0 0.14296875 0.63125 0.075 0.075
0 0.0734375 0.6265625 0.084375 0.134375
0 0.225 0.58046875 0.0359375 0.1
0 0.19765625 0.35859375 0.1 0.1859375
0 0.24453125 0.409375 0.05625 0.0890625
0 0.0828125 0.42578125 0.04375 0.090625
0 0.04140625 0.33515625 0.0609375 0.075
0 0.53203125 0.39765625 0.0390625 0.0484375
0 0.59453125 0.353125 0.06875 0.121875
0 0.5421875 0.37109375 0.04375 0.0703125
0 0.49609375 0.49765625 0.0515625 0.075
0 0.72421875 0.34609375 0.0546875 0.0890625
0 0.7734375 0.03828125 0.04375 0.0734375
0 0.7609375 0.0609375 0.0390625 0.0546875
0 0.77734375 0.27109375 0.0671875 0.109375
0 0.64609375 0.21328125 0.0828125 0.0828125
0 0.45625 0.24765625 0.0765625 0.121875
0 0.3984375 0.55625 0.071875 0.06875
0 0.65234375 0.5109375 0.0515625 0.065625
0 0.87890625 0.16953125 0.1015625 0.1234375
0 0.88984375 0.09375 0.0640625 0.0484375
0 0.95859375 0.21796875 0.0671875 0.10625