0 0.42265625 0.44140625 0.096875 0.115625
0 0.4265625 0.565625 0.0546875 0.1125
0 0.415625 0.5640625 0.0953125 0.115625
0 0.4015625 0.646875 0.0671875 0.0578125
0 0.2109375 0.60546875 0.1015625 0.103125
0 0.2546875 0.36640625 0.0734375 0.0671875
0 0.26796875 0.328125 0.06875 0.0640625
0 0.26640625 0.1265625 0.0765625 0.10625
0 0.6859375 0.41796875 0.0796875 0.1453125
0 0.628125 0.69453125 0.065625 0.1
0 0.9234375 0.53515625 0.059375 0.090625
0 0.91796875 0.4640625 0.0671875 0.084375
0 0.80390625 0.55234375 0.065625 0.0734375
0 0.8328125 0.45390625 0.053125 0.0765625
0 0.9453125 0.15390625 0.0734375 0.1640625
0 0.9140625 0.22421875 0.05 0.096875
0 0.6640625 0.23046875 0.1015625 0.1171875
0 0.4640625 0.32109375 0.1015625 0.1484375
0 0.36328125 0.390625 0.046875 0.078125
0 0.70078125 0.63984375 0.0640625 0.1
0 0.8046875 0.35078125 0.040625 0.053125