0 0.64453125 0.65 0.0625 0.0953125
0 0.8921875 0.65703125 0.0703125 0.1265625
0 0.7421875 0.70859375 0.0609375 0.0625
0 0.78203125 0.44453125 0.0328125 0.0921875
0 0.62109375 0.32265625 0.06875 0.0796875
0 0.59765625 0.4234375 0.065625 0.0703125
0 0.5609375 0.4640625 0.059375 0.059375
0 0.49375 0.53671875 0.0640625 0.065625
0 0.54140625 0.61796875 0.059375 0.0546875
0 0.475 0.6390625 0.0484375 0.0625
0 0.3703125 0.32109375 0.053125 0.075
0 0.40859375 0.10546875 0.0546875 0.084375
0 0.15390625 0.54140625 0.0453125 0.0921875
0 0.35625 0.378125 0.059375 0.0578125
0 0.85859375 0.290625 0.065625 0.078125
0 0.80703125 0.55078125 0.0515625 0.05625
0 0.403125 0.47109375 0.0484375 0.0640625
0 0.74375 0.2640625 0.08125 0.0859375