0 0.421875 0.71015625 0.315625 0.275
0 0.66328125 0.18671875 0.346875 0.371875
0 0.84609375 0.278125 0.103125 0.2609375
0 0.74609375 0.6515625 0.1 0.1046875
0 0.84375 0.65390625 0.0828125 0.1609375
0 0.86875 0.55703125 0.1171875 0.096875
0 0.93125 0.71328125 0.1109375 0.1640625
0 0.57890625 0.815625 0.1625 0.146875
0 0.1671875 0.6609375 0.0890625 0.15625
0 0.178125 0.41015625 0.1421875 0.2484375
0 0.03984375 0.51328125 0.0796875 0.1203125
0 0.24140625 0.11015625 0.2546875 0.2203125
0 0.48046875 0.08828125 0.1671875 0.1765625
0 0.61875 0.49609375 0.1078125 0.1125
0 0.5359375 0.5484375 0.05625 0.19375
0 0.53125 0.559375 0.1296875 0.11875
0 0.3515625 0.578125 0.1578125 0.190625
0 0.25546875 0.52578125 0.1296875 0.1734375
0 0.21875 0.725 0.0875 0.11875
0 0.2609375 0.85390625 0.1125 0.1328125
0 0.32109375 0.828125 0.146875 0.1265625
0 0.7609375 0.82890625 0.1265625 0.10625
0 0.715625 0.8703125 0.1046875 0.1125
0 0.73671875 0.76484375 0.103125 0.1390625
0 0.7265625 0.46015625 0.103125 0.0953125
0 0.62734375 0.378125 0.103125 0.109375
0 0.4171875 0.33828125 0.1203125 0.175
0 0.3671875 0.2875 0.1 0.1890625
0 0.2953125 0.3046875 0.121875 0.15
0 0.93125 0.39375 0.1375 0.115625
0 0.83984375 0.41484375 0.10625 0.1109375
0 0.84921875 0.9578125 0.0765625 0.084375
0 0.40546875 0.946875 0.146875 0.10625
0 0.0609375 0.8984375 0.0984375 0.1109375
0 0.14453125 0.85546875 0.06875 0.09375