0 0.26484375 0.8171875 0.21875 0.2203125
0 0.36328125 0.93359375 0.09375 0.1109375
0 0.41484375 0.971875 0.06875 0.05
0 0.4890625 0.95 0.06875 0.0640625
0 0.7625 0.94609375 0.075 0.0671875
0 0.83828125 0.8703125 0.103125 0.0953125
0 0.82109375 0.9796875 0.0546875 0.040625
0 0.93046875 0.646875 0.1078125 0.0984375
0 0.89296875 0.55859375 0.0890625 0.075
0 0.80546875 0.4046875 0.14375 0.1171875
0 0.35078125 0.4890625 0.0953125 0.065625
0 0.28984375 0.4296875 0.1265625 0.125
0 0.26484375 0.52109375 0.09375 0.084375
0 0.2453125 0.6296875 0.103125 0.084375
0 0.190625 0.58359375 0.0890625 0.071875
0 0.11015625 0.5125 0.2203125 0.140625
0 0.1765625 0.4078125 0.103125 0.0625
0 0.215625 0.45703125 0.06875 0.0453125
0 0.17734375 0.71171875 0.084375 0.096875
0 0.4203125 0.8375 0.059375 0.059375
0 0.58515625 0.7140625 0.0640625 0.0859375