0 0.65546875 0.1671875 0.225 0.2125
0 0.4890625 0.04375 0.16875 0.0875
0 0.23125 0.09296875 0.140625 0.146875
0 0.209375 0.25078125 0.190625 0.15625
0 0.26328125 0.36328125 0.1828125 0.165625
0 0.3578125 0.32265625 0.20625 0.1859375
0 0.39296875 0.2015625 0.1921875 0.1296875
0 0.528125 0.2078125 0.225 0.2328125
0 0.5484375 0.31015625 0.18125 0.125
0 0.378125 0.53828125 0.190625 0.178125
0 0.4109375 0.48203125 0.1125 0.1234375
0 0.4953125 0.52890625 0.1625 0.165625
0 0.559375 0.46015625 0.1515625 0.146875
0 0.60234375 0.56953125 0.209375 0.175
0 0.5984375 0.675 0.2 0.146875
0 0.4265625 0.8140625 0.071875 0.1296875
0 0.6515625 0.4140625 0.1703125 0.1515625
0 0.82578125 0.3921875 0.1484375 0.1828125
0 0.77109375 0.496875 0.171875 0.1546875