0 0.40390625 0.50078125 0.08125 0.11875
0 0.39453125 0.375 0.0921875 0.090625
0 0.4546875 0.396875 0.084375 0.071875
0 0.27265625 0.75390625 0.096875 0.10625
0 0.2671875 0.703125 0.059375 0.0671875
0 0.20234375 0.5921875 0.0625 0.0890625
0 0.26015625 0.546875 0.06875 0.0796875
0 0.15546875 0.4234375 0.0515625 0.0546875
0 0.01796875 0.39375 0.0359375 0.1
0 0.09296875 0.66171875 0.08125 0.0671875
0 0.31171875 0.50546875 0.0546875 0.084375
0 0.21015625 0.34375 0.0578125 0.06875
0 0.5984375 0.43203125 0.071875 0.0625
0 0.365625 0.2296875 0.09375 0.0953125
0 0.54609375 0.3625 0.0515625 0.0796875
0 0.603125 0.15859375 0.0703125 0.096875
0 0.6515625 0.1390625 0.0578125 0.0890625
0 0.83125 0.359375 0.0828125 0.096875