0 0.478125 0.325 0.078125 0.090625
0 0.16484375 0.4 0.06875 0.0828125
0 0.3796875 0.515625 0.078125 0.0875
0 0.321875 0.6 0.0515625 0.0734375
0 0.33515625 0.6546875 0.075 0.0703125
0 0.53046875 0.5234375 0.0921875 0.09375
0 0.48671875 0.46484375 0.096875 0.0828125
0 0.5265625 0.36875 0.08125 0.08125
0 0.646875 0.3359375 0.046875 0.0984375
0 0.75078125 0.32421875 0.075 0.0828125
0 0.9171875 0.4125 0.0703125 0.140625
0 0.8203125 0.46484375 0.0609375 0.0890625
0 0.88125 0.51796875 0.04375 0.05625
0 0.765625 0.61328125 0.0703125 0.1140625
0 0.71875 0.76171875 0.08125 0.13125
0 0.59609375 0.69453125 0.103125 0.1328125
0 0.56875 0.58515625 0.096875 0.128125
0 0.81171875 0.76328125 0.0671875 0.09375
0 0.890625 0.76484375 0.059375 0.0828125
0 0.97265625 0.8015625 0.028125 0.0578125
0 0.9734375 0.65078125 0.028125 0.0765625
0 0.1328125 0.6296875 0.0734375 0.096875
0 0.0265625 0.9421875 0.053125 0.06875
0 0.38125 0.890625 0.059375 0.075