0 0.59765625 0.615625 0.05 0.084375
0 0.56796875 0.5421875 0.0546875 0.090625
0 0.4109375 0.48515625 0.0453125 0.0828125
0 0.4359375 0.41875 0.0359375 0.0828125
0 0.40078125 0.2359375 0.04375 0.1078125
0 0.31875 0.20625 0.075 0.090625
0 0.184375 0.48203125 0.1046875 0.1234375
0 0.46953125 0.29453125 0.04375 0.0859375
0 0.5359375 0.39609375 0.0890625 0.071875
0 0.59375 0.43203125 0.1015625 0.09375
0 0.584375 0.3375 0.053125 0.103125
0 0.6875 0.48671875 0.0734375 0.1203125
0 0.7515625 0.51796875 0.0453125 0.090625
0 0.79140625 0.50390625 0.0703125 0.0796875
0 0.81640625 0.64921875 0.1125 0.1125
0 0.784375 0.62421875 0.05625 0.08125
0 0.91953125 0.44921875 0.084375 0.1390625
0 0.85625 0.31953125 0.059375 0.103125
0 0.76171875 0.2484375 0.075 0.1078125
0 0.96328125 0.28046875 0.05625 0.1015625
0 0.9671875 0.54609375 0.065625 0.0890625