0 0.6046875 0.7765625 0.2 0.1609375
0 0.57578125 0.68828125 0.2265625 0.1953125
0 0.58125 0.5578125 0.2046875 0.1828125
0 0.715625 0.56015625 0.146875 0.1484375
0 0.80078125 0.61328125 0.0984375 0.0984375
0 0.746875 0.4203125 0.15625 0.128125
0 0.62109375 0.40390625 0.1671875 0.14375
0 0.6921875 0.29140625 0.1171875 0.0953125
0 0.53359375 0.36328125 0.1828125 0.1546875
0 0.42890625 0.51171875 0.1734375 0.15
0 0.2859375 0.62421875 0.178125 0.1609375
0 0.415625 0.78125 0.14375 0.1515625
0 0.1390625 0.26484375 0.16875 0.140625
0 0.42109375 0.44375 0.1609375 0.153125
0 0.43359375 0.5953125 0.1578125 0.159375