0 0.92109375 0.9234375 0.1453125 0.1421875
0 0.909375 0.78203125 0.115625 0.1265625
0 0.7328125 0.89375 0.1796875 0.1984375
0 0.6078125 0.825 0.140625 0.1421875
0 0.440625 0.82890625 0.2109375 0.215625
0 0.5015625 0.946875 0.0875 0.10625
0 0.0859375 0.91875 0.171875 0.15
0 0.11640625 0.83046875 0.115625 0.1546875
0 0.2640625 0.8125 0.2109375 0.2125
0 0.30703125 0.6 0.13125 0.165625
0 0.1875 0.684375 0.0890625 0.18125
0 0.0984375 0.6703125 0.196875 0.175
0 0.103125 0.540625 0.20625 0.3125
0 0.15625 0.32109375 0.3109375 0.234375
0 0.36328125 0.25390625 0.125 0.15
0 0.484375 0.30546875 0.1578125 0.178125
0 0.5234375 0.2296875 0.20625 0.21875
0 0.77578125 0.2765625 0.2078125 0.1671875
0 0.80234375 0.4375 0.121875 0.159375
0 0.93359375 0.41484375 0.1328125 0.2265625
0 0.93828125 0.2328125 0.1234375 0.109375
0 0.925 0.1015625 0.15 0.190625
0 0.7578125 0.609375 0.29375 0.234375
0 0.671875 0.728125 0.1578125 0.1578125
0 0.565625 0.69140625 0.128125 0.1328125
0 0.4390625 0.59453125 0.23125 0.178125
0 0.590625 0.475 0.3640625 0.321875