0 0.4265625 0.3796875 0.034375 0.0625
0 0.5234375 0.37421875 0.040625 0.0640625
0 0.57578125 0.33828125 0.0484375 0.065625
0 0.59296875 0.39453125 0.0453125 0.0515625
0 0.55078125 0.4015625 0.028125 0.05625
0 0.525 0.40859375 0.046875 0.0578125
0 0.7140625 0.3421875 0.05625 0.0875
0 0.73984375 0.34453125 0.059375 0.1
0 0.765625 0.36875 0.0765625 0.10625
0 0.7421875 0.375 0.040625 0.0671875
0 0.77578125 0.403125 0.071875 0.0890625
0 0.6546875 0.43203125 0.0375 0.0375
0 0.58046875 0.47109375 0.0453125 0.075
0 0.59921875 0.5015625 0.034375 0.0390625
0 0.64765625 0.49609375 0.046875 0.0515625
0 0.88359375 0.32734375 0.04375 0.059375
0 0.8984375 0.35546875 0.0515625 0.0609375
0 0.8484375 0.38046875 0.034375 0.0484375
0 0.921875 0.3890625 0.0484375 0.0578125
0 0.9359375 0.40859375 0.0515625 0.0546875
0 0.95859375 0.42890625 0.05 0.053125
0 0.96484375 0.3703125 0.05 0.04375
0 0.99296875 0.315625 0.0140625 0.05625
0 0.990625 0.34765625 0.01875 0.0484375
0 0.99453125 0.36953125 0.0109375 0.0390625
0 0.98203125 0.48515625 0.0359375 0.0390625
0 0.97890625 0.4578125 0.0421875 0.046875
0 0.9859375 0.4046875 0.028125 0.04375
0 0.725 0.4984375 0.0296875 0.04375
0 0.8859375 0.4640625 0.025 0.03125
0 0.84296875 0.35546875 0.0328125 0.04375
0 0.6 0.57421875 0.05 0.059375
0 0.53515625 0.440625 0.034375 0.0390625
0 0.48671875 0.45703125 0.0234375 0.0375
0 0.43203125 0.44453125 0.0234375 0.046875
0 0.39921875 0.48828125 0.025 0.040625
0 0.390625 0.4421875 0.0453125 0.0453125