0 0.646875 0.203125 0.2421875 0.1859375
0 0.59609375 0.13828125 0.153125 0.1203125
0 0.50703125 0.325 0.29375 0.19375
0 0.28046875 0.1515625 0.1625 0.1625
0 0.31015625 0.475 0.1203125 0.1078125
0 0.2140625 0.3390625 0.078125 0.0578125
0 0.11328125 0.13203125 0.0953125 0.0875
0 0.93515625 0.253125 0.1296875 0.196875
0 0.72265625 0.075 0.103125 0.090625
0 0.54453125 0.61484375 0.1359375 0.1359375
0 0.5296875 0.6765625 0.278125 0.228125
0 0.75 0.43671875 0.1109375 0.084375
0 0.79609375 0.32890625 0.0921875 0.0765625
0 0.5125 0.4546875 0.05 0.0609375
0 0.38515625 0.4703125 0.0984375 0.084375
0 0.73828125 0.56484375 0.0796875 0.078125
0 0.659375 0.55234375 0.0625 0.0625
0 0.61015625 0.51796875 0.0671875 0.05625
0 0.96953125 0.13046875 0.0609375 0.0734375