0 0.8125 0.22421875 0.375 0.4109375
0 0.525 0.08984375 0.20625 0.1796875
0 0.38671875 0.2390625 0.16875 0.1765625
0 0.18984375 0.1640625 0.24375 0.1984375
0 0.16015625 0.078125 0.2265625 0.15625
0 0.27734375 0.3671875 0.215625 0.1984375
0 0.1546875 0.40234375 0.1234375 0.165625
0 0.11484375 0.48359375 0.128125 0.1296875
0 0.51171875 0.38984375 0.1625 0.1671875
0 0.621875 0.4640625 0.178125 0.175
0 0.80390625 0.4171875 0.1640625 0.1578125
0 0.9375 0.3734375 0.125 0.19375
0 0.9 0.546875 0.2 0.24375
0 0.728125 0.6546875 0.1921875 0.171875
0 0.5125 0.65234375 0.2546875 0.2296875
0 0.3203125 0.64453125 0.19375 0.2
0 0.49375 0.84296875 0.19375 0.2109375
0 0.8390625 0.91953125 0.228125 0.1609375