0 0.65234375 0.7546875 0.15625 0.16875
0 0.6703125 0.603125 0.1296875 0.128125
0 0.57109375 0.534375 0.15 0.15625
0 0.53046875 0.4265625 0.1734375 0.1640625
0 0.4109375 0.396875 0.1390625 0.1609375
0 0.671875 0.4296875 0.1375 0.13125
0 0.67109375 0.3078125 0.15 0.15625
0 0.5609375 0.3015625 0.1765625 0.1875
0 0.52265625 0.2234375 0.1265625 0.1265625
0 0.49453125 0.15546875 0.1703125 0.153125
0 0.44765625 0.09296875 0.1421875 0.15625
0 0.3625 0.075 0.1828125 0.14375
0 0.30234375 0.2546875 0.1859375 0.165625
0 0.0890625 0.09375 0.1234375 0.1171875
0 0.0453125 0.09921875 0.090625 0.1171875
0 0.35234375 0.93125 0.1109375 0.1375
0 0.296875 0.7625 0.134375 0.146875
0 0.26875 0.571875 0.1390625 0.1421875
0 0.41484375 0.63984375 0.1625 0.1328125
0 0.39296875 0.565625 0.1421875 0.1265625
0 0.42109375 0.75390625 0.103125 0.125
0 0.5359375 0.746875 0.11875 0.128125
0 0.76953125 0.56171875 0.1265625 0.1171875
0 0.8421875 0.4734375 0.1625 0.13125
0 0.809375 0.39765625 0.1390625 0.11875
0 0.79375 0.30859375 0.1609375 0.1234375
0 0.88671875 0.2109375 0.1671875 0.1640625
0 0.79140625 0.071875 0.190625 0.1140625
0 0.9359375 0.4921875 0.128125 0.146875
0 0.90234375 0.59765625 0.0796875 0.1078125
0 0.81875 0.69296875 0.1265625 0.1203125
0 0.13359375 0.87578125 0.10625 0.134375
0 0.134375 0.8078125 0.0953125 0.115625