0 0.72578125 0.16796875 0.1171875 0.2875
0 0.709375 0.35234375 0.1625 0.221875
0 0.8609375 0.42421875 0.175 0.2546875
0 0.9703125 0.159375 0.059375 0.0875
0 0.57421875 0.8265625 0.078125 0.225
0 0.72265625 0.7171875 0.0875 0.084375
0 0.53671875 0.44375 0.1484375 0.096875
0 0.36484375 0.2203125 0.1296875 0.090625
0 0.22265625 0.22421875 0.171875 0.1140625
0 0.19296875 0.3390625 0.1640625 0.3015625
0 0.21328125 0.40703125 0.2609375 0.309375
0 0.28984375 0.03515625 0.1609375 0.0703125
0 0.1515625 0.04921875 0.18125 0.0984375
0 0.4 0.64453125 0.1203125 0.2265625
0 0.25390625 0.64765625 0.1625 0.1625
0 0.32109375 0.7421875 0.1265625 0.14375
0 0.2515625 0.78046875 0.10625 0.13125
0 0.4578125 0.12578125 0.146875 0.1921875