0 0.53046875 0.8046875 0.2765625 0.271875
0 0.65390625 0.6859375 0.1203125 0.103125
0 0.596875 0.61484375 0.0703125 0.1765625
0 0.846875 0.61484375 0.1125 0.1625
0 0.95234375 0.83828125 0.0953125 0.1765625
0 0.903125 0.8890625 0.084375 0.1046875
0 0.74921875 0.846875 0.153125 0.15
0 0.18125 0.915625 0.18125 0.16875
0 0.21015625 0.65390625 0.075 0.1890625
0 0.09453125 0.2890625 0.1890625 0.38125
0 0.3234375 0.28515625 0.3125 0.36875
0 0.70703125 0.26015625 0.2296875 0.2875
0 0.853125 0.33359375 0.18125 0.2453125
0 0.77109375 0.4859375 0.134375 0.1640625
0 0.721875 0.62578125 0.165625 0.1578125
0 0.6421875 0.540625 0.09375 0.1203125
0 0.37421875 0.8078125 0.146875 0.140625
0 0.36328125 0.7140625 0.1328125 0.1125
0 0.3984375 0.95546875 0.1 0.0890625
0 0.384375 0.9 0.109375 0.1078125
0 0.16171875 0.7421875 0.153125 0.1984375
0 0.25 0.61953125 0.1171875 0.134375
0 0.23359375 0.5453125 0.1296875 0.10625
0 0.35390625 0.48828125 0.125 0.1015625
0 0.48515625 0.52578125 0.090625 0.2078125
0 0.41015625 0.07890625 0.2109375 0.1578125
0 0.6234375 0.09296875 0.259375 0.1859375
0 0.61953125 0.3609375 0.121875 0.1484375
0 0.525 0.434375 0.1171875 0.1671875
0 0.5296875 0.5921875 0.10625 0.1328125
0 0.43828125 0.56953125 0.08125 0.0953125
0 0.17578125 0.45703125 0.146875 0.1171875
0 0.28984375 0.38984375 0.075 0.084375