0 0.77109375 0.60078125 0.11875 0.1359375
0 0.871875 0.4625 0.08125 0.0953125
0 0.87265625 0.3765625 0.13125 0.121875
0 0.8875 0.1640625 0.0609375 0.096875
0 0.78359375 0.21640625 0.11875 0.1234375
0 0.703125 0.353125 0.1171875 0.1421875
0 0.69765625 0.2375 0.0828125 0.1140625
0 0.61484375 0.4515625 0.0640625 0.0703125
0 0.62421875 0.51328125 0.078125 0.0796875
0 0.67890625 0.5015625 0.0484375 0.096875
0 0.62734375 0.6625 0.0734375 0.1078125
0 0.5640625 0.64140625 0.090625 0.1109375
0 0.465625 0.478125 0.1015625 0.1359375
0 0.3390625 0.1984375 0.1515625 0.1953125
0 0.471875 0.153125 0.1453125 0.1515625
0 0.42421875 0.18984375 0.1109375 0.10625
0 0.2265625 0.2390625 0.0890625 0.1015625
0 0.12265625 0.15625 0.1015625 0.1390625
0 0.23671875 0.5234375 0.0625 0.0765625
0 0.2015625 0.496875 0.0765625 0.0984375
0 0.3171875 0.5890625 0.0875 0.1109375
0 0.34765625 0.5 0.065625 0.125
0 0.0703125 0.48359375 0.0625 0.1140625
0 0.56953125 0.2984375 0.05 0.0859375