0 0.33359375 0.33828125 0.0765625 0.0875
0 0.2828125 0.69375 0.0625 0.09375
0 0.21328125 0.7390625 0.0953125 0.1375
0 0.07265625 0.88359375 0.09375 0.140625
0 0.08203125 0.9734375 0.0484375 0.053125
0 0.23671875 0.9375 0.0609375 0.1109375
0 0.35546875 0.80703125 0.078125 0.096875
0 0.409375 0.61875 0.059375 0.1046875
0 0.34453125 0.478125 0.0625 0.06875
0 0.4671875 0.4078125 0.096875 0.078125
0 0.48125 0.61171875 0.0484375 0.0796875
0 0.5484375 0.753125 0.0796875 0.1328125
0 0.4890625 0.784375 0.0296875 0.0546875
0 0.715625 0.590625 0.0765625 0.0734375
0 0.78828125 0.66640625 0.0484375 0.0828125
0 0.81953125 0.7171875 0.071875 0.0796875
0 0.9203125 0.571875 0.0671875 0.1265625
0 0.96953125 0.65078125 0.0609375 0.0671875
0 0.94375 0.371875 0.1015625 0.1625
0 0.8984375 0.3453125 0.0671875 0.075
0 0.69375 0.3265625 0.0453125 0.1046875
0 0.7265625 0.40546875 0.0515625 0.096875
0 0.77421875 0.4015625 0.0453125 0.1265625