0 0.290625 0.11875 0.16875 0.1421875
0 0.75 0.55859375 0.2703125 0.1859375
0 0.82421875 0.4296875 0.2125 0.1765625
0 0.62890625 0.42734375 0.075 0.0890625
0 0.540625 0.54765625 0.0640625 0.078125
0 0.90625 0.1921875 0.0875 0.0734375
0 0.94140625 0.5265625 0.1171875 0.128125
0 0.94921875 0.43515625 0.1015625 0.1578125
0 0.8796875 0.7078125 0.175 0.1125
0 0.909375 0.77265625 0.0875 0.0859375
0 0.59296875 0.53046875 0.053125 0.0625
0 0.415625 0.35703125 0.1125 0.1328125
0 0.175 0.60546875 0.10625 0.1296875
0 0.30859375 0.6671875 0.0921875 0.1359375
0 0.2796875 0.6140625 0.0796875 0.0921875
0 0.1765625 0.334375 0.096875 0.084375
0 0.190625 0.42421875 0.0703125 0.0640625