0 0.45234375 0.71875 0.190625 0.25
0 0.20703125 0.28984375 0.215625 0.225
0 0.52109375 0.24140625 0.121875 0.10625
0 0.79453125 0.58828125 0.140625 0.284375
0 0.715625 0.63203125 0.1859375 0.2046875
0 0.8609375 0.2859375 0.134375 0.115625
0 0.91484375 0.40546875 0.159375 0.21875
0 0.54140625 0.109375 0.0890625 0.140625
0 0.6265625 0.08671875 0.0984375 0.1421875
0 0.3 0.096875 0.078125 0.0890625
0 0.12578125 0.08359375 0.090625 0.1359375
0 0.63203125 0.90234375 0.1875 0.1953125
0 0.72890625 0.76640625 0.178125 0.18125
0 0.5890625 0.7046875 0.165625 0.1375