0 0.23515625 0.19609375 0.2125 0.2046875
0 0.11171875 0.5265625 0.2234375 0.15
0 0.18359375 0.44375 0.08125 0.0640625
0 0.35 0.53203125 0.0953125 0.0703125
0 0.30625 0.59765625 0.125 0.096875
0 0.7984375 0.55859375 0.121875 0.0859375
0 0.909375 0.3046875 0.11875 0.0828125
0 0.3375 0.09140625 0.0734375 0.075
0 0.37421875 0.04609375 0.0609375 0.0578125
0 0.471875 0.44921875 0.05625 0.053125
0 0.2578125 0.5171875 0.075 0.0609375
0 0.7984375 0.09609375 0.0875 0.071875
0 0.15625 0.33125 0.09375 0.09375
0 0.44453125 0.05625 0.0625 0.0578125
0 0.23125 0.40859375 0.0875 0.065625
0 0.2203125 0.5671875 0.0671875 0.046875
0 0.8796875 0.4015625 0.071875 0.0515625