0 0.50390625 0.27421875 0.1328125 0.1171875
0 0.45859375 0.44765625 0.16875 0.1296875
0 0.53359375 0.58046875 0.10625 0.0875
0 0.4375 0.640625 0.0890625 0.0890625
0 0.55703125 0.17890625 0.0828125 0.084375
0 0.26484375 0.2 0.1109375 0.096875
0 0.68984375 0.11171875 0.084375 0.071875
0 0.66484375 0.1828125 0.0828125 0.071875
0 0.6390625 0.246875 0.0671875 0.053125
0 0.6546875 0.28671875 0.0703125 0.0609375
0 0.63515625 0.40078125 0.0875 0.0828125
0 0.6171875 0.4609375 0.0859375 0.0671875
0 0.753125 0.28203125 0.0953125 0.1
0 0.90078125 0.20078125 0.0890625 0.159375
0 0.8484375 0.3203125 0.1328125 0.0953125
0 0.7921875 0.39609375 0.078125 0.109375
0 0.7765625 0.484375 0.0859375 0.0734375
0 0.70234375 0.5015625 0.0578125 0.0515625
0 0.67421875 0.5453125 0.08125 0.0625
0 0.83828125 0.61640625 0.0875 0.0703125
0 0.896875 0.7765625 0.1390625 0.0984375
0 0.575 0.06875 0.128125 0.1375
0 0.54453125 0.121875 0.065625 0.0796875