0 0.53515625 0.16484375 0.084375 0.1203125
0 0.5671875 0.20078125 0.075 0.1171875
0 0.6421875 0.1265625 0.090625 0.1203125
0 0.63359375 0.05625 0.1125 0.0953125
0 0.46796875 0.0890625 0.0875 0.128125
0 0.4921875 0.2828125 0.0859375 0.1140625
0 0.49375 0.3890625 0.1125 0.153125
0 0.41796875 0.38203125 0.10625 0.15
0 0.63984375 0.22109375 0.05 0.075
0 0.2578125 0.696875 0.1203125 0.1859375
0 0.371875 0.6609375 0.10625 0.1625
0 0.46640625 0.62578125 0.128125 0.1859375
0 0.428125 0.50625 0.1390625 0.171875
0 0.49375 0.51171875 0.1078125 0.1796875
0 0.21328125 0.8515625 0.1328125 0.15625