0 0.70859375 0.74609375 0.1328125 0.225
0 0.7390625 0.88671875 0.18125 0.2265625
0 0.9046875 0.9578125 0.11875 0.084375
0 0.81328125 0.33125 0.1125 0.4625
0 0.53828125 0.51953125 0.11875 0.2328125
0 0.35859375 0.6453125 0.0984375 0.275
0 0.3296875 0.83984375 0.0953125 0.2140625
0 0.29609375 0.95546875 0.084375 0.084375
0 0.19453125 0.9390625 0.1 0.1125
0 0.37734375 0.2109375 0.1328125 0.421875
0 0.278125 0.2515625 0.096875 0.365625
0 0.08046875 0.36953125 0.1078125 0.31875
0 0.1453125 0.3390625 0.0671875 0.1015625
0 0.2390625 0.35390625 0.13125 0.084375
0 0.49453125 0.153125 0.1453125 0.0984375
0 0.28828125 0.59765625 0.06875 0.171875