0 0.1828125 0.034375 0.0734375 0.059375
0 0.03203125 0.1078125 0.0640625 0.13125
0 0.2 0.190625 0.059375 0.0796875
0 0.2546875 0.72265625 0.090625 0.09375
0 0.3515625 0.8875 0.0671875 0.103125
0 0.4109375 0.83984375 0.0828125 0.075
0 0.4390625 0.93515625 0.071875 0.0640625
0 0.496875 0.91875 0.0578125 0.065625
0 0.45546875 0.7296875 0.0515625 0.0640625
0 0.52890625 0.76328125 0.046875 0.0921875
0 0.55078125 0.871875 0.0515625 0.0875
0 0.58828125 0.946875 0.0578125 0.06875
0 0.54609375 0.95546875 0.0390625 0.059375
0 0.5546875 0.67421875 0.040625 0.0578125
0 0.52734375 0.5265625 0.046875 0.06875
0 0.51875 0.478125 0.053125 0.0671875
0 0.528125 0.35625 0.0359375 0.0609375
0 0.49765625 0.33046875 0.040625 0.08125
0 0.515625 0.378125 0.040625 0.0609375
0 0.46484375 0.38203125 0.0421875 0.0671875
0 0.578125 0.496875 0.0578125 0.0609375
0 0.58515625 0.415625 0.0484375 0.0609375
0 0.65390625 0.5828125 0.059375 0.0578125
0 0.609375 0.621875 0.0625 0.084375
0 0.57734375 0.628125 0.0328125 0.05
0 0.603125 0.6859375 0.0625 0.0640625
0 0.671875 0.715625 0.05 0.0625
0 0.646875 0.78984375 0.034375 0.10625
0 0.75390625 0.87265625 0.0359375 0.059375
0 0.82109375 0.9296875 0.05625 0.0921875
0 0.778125 0.96328125 0.0484375 0.065625
0 0.73046875 0.97421875 0.0515625 0.0453125
0 0.71796875 0.94609375 0.05 0.071875
0 0.84609375 0.87578125 0.0421875 0.05625
0 0.38671875 0.25078125 0.0625 0.0546875
0 0.38046875 0.171875 0.059375 0.065625
0 0.425 0.1546875 0.0515625 0.0703125
0 0.425 0.203125 0.040625 0.05
0 0.3484375 0.128125 0.03125 0.0703125
0 0.24765625 0.165625 0.034375 0.0609375
0 0.28203125 0.19296875 0.04375 0.0453125
0 0.31484375 0.26875 0.0453125 0.109375
0 0.521875 0.24765625 0.0359375 0.0703125
0 0.48046875 0.58515625 0.0484375 0.06875
0 0.4375 0.634375 0.0421875 0.053125
0 0.4078125 0.75703125 0.0484375 0.1140625
0 0.425 0.73515625 0.053125 0.0640625