0 0.61953125 0.3046875 0.10625 0.121875
0 0.72890625 0.39140625 0.1578125 0.159375
0 0.865625 0.153125 0.0953125 0.1015625
0 0.890625 0.35390625 0.090625 0.1
0 0.45078125 0.11171875 0.0765625 0.0703125
0 0.43984375 0.14765625 0.0765625 0.06875
0 0.56328125 0.14140625 0.0609375 0.0875
0 0.515625 0.153125 0.065625 0.0578125
0 0.51328125 0.115625 0.065625 0.0609375
0 0.50625 0.0703125 0.0625 0.0734375
0 0.38984375 0.0703125 0.0796875 0.059375
0 0.41015625 0.2078125 0.0609375 0.0578125
0 0.3984375 0.28671875 0.053125 0.04375
0 0.47421875 0.36875 0.0953125 0.0671875
0 0.47421875 0.3046875 0.08125 0.0609375
0 0.4765625 0.259375 0.0671875 0.05
0 0.4828125 0.21796875 0.0640625 0.0515625
0 0.55546875 0.546875 0.0828125 0.0734375
0 0.19921875 0.109375 0.09375 0.115625
0 0.165625 0.13046875 0.1125 0.0984375
0 0.26640625 0.08984375 0.0671875 0.0703125
0 0.3328125 0.08359375 0.084375 0.075
0 0.1671875 0.328125 0.1234375 0.090625
0 0.21015625 0.45703125 0.115625 0.0828125
0 0.3015625 0.48359375 0.084375 0.071875
0 0.3796875 0.51796875 0.0703125 0.0765625
0 0.26953125 0.559375 0.0828125 0.0640625
0 0.22890625 0.596875 0.0484375 0.0515625
0 0.1734375 0.7203125 0.103125 0.0703125
0 0.35 0.3203125 0.08125 0.1078125
0 0.42890625 0.4375 0.0578125 0.059375