0 0.49375 0.8671875 0.225 0.2125
0 0.70078125 0.925 0.16875 0.115625
0 0.9109375 0.7625 0.140625 0.146875
0 0.86640625 0.609375 0.190625 0.15625
0 0.771875 0.528125 0.1828125 0.165625
0 0.7015625 0.60390625 0.20625 0.1859375
0 0.71875 0.72890625 0.1921875 0.1296875
0 0.59296875 0.778125 0.225 0.2328125
0 0.5328125 0.69375 0.18125 0.125
0 0.5953125 0.415625 0.190625 0.178125
0 0.58828125 0.48046875 0.1125 0.1234375
0 0.4921875 0.471875 0.1625 0.165625
0 0.46171875 0.5609375 0.1515625 0.146875
0 0.378125 0.478125 0.209375 0.175
0 0.3390625 0.38046875 0.2 0.146875
0 0.4390625 0.1828125 0.071875 0.1296875
0 0.39609375 0.63984375 0.1703125 0.1515625
0 0.24609375 0.73125 0.1484375 0.1828125
0 0.253125 0.61328125 0.171875 0.1546875