0 0.70546875 0.09609375 0.2046875 0.1921875
0 0.83125 0.078125 0.18125 0.15625
0 0.9140625 0.15 0.0921875 0.153125
0 0.88515625 0.3546875 0.2296875 0.284375
0 0.81484375 0.55859375 0.2109375 0.203125
0 0.94296875 0.58359375 0.1140625 0.1640625
0 0.97578125 0.78203125 0.0484375 0.1265625
0 0.92265625 0.88359375 0.1546875 0.1296875
0 0.67265625 0.86015625 0.1671875 0.1390625
0 0.72890625 0.68046875 0.1875 0.1953125
0 0.6984375 0.459375 0.1578125 0.1296875
0 0.7640625 0.275 0.23125 0.2125
0 0.6734375 0.3421875 0.1046875 0.1328125
0 0.6359375 0.18125 0.0921875 0.1421875
0 0.56640625 0.20546875 0.15625 0.1484375
0 0.50859375 0.1484375 0.1015625 0.0984375
0 0.396875 0.05546875 0.125 0.10625
0 0.384375 0.21171875 0.184375 0.203125
0 0.26171875 0.16328125 0.175 0.1796875
0 0.26953125 0.31953125 0.1703125 0.16875
0 0.221875 0.51171875 0.215625 0.2609375
0 0.36484375 0.65703125 0.1703125 0.1734375
0 0.446875 0.54140625 0.175 0.1578125
0 0.50390625 0.6109375 0.2390625 0.2359375
0 0.42109375 0.41171875 0.0828125 0.1234375
0 0.09453125 0.43515625 0.1890625 0.2203125
0 0.059375 0.25078125 0.11875 0.1671875
0 0.12265625 0.21796875 0.0859375 0.115625
0 0.08125 0.63203125 0.1625 0.2390625
0 0.15703125 0.715625 0.2046875 0.1734375
0 0.15859375 0.84765625 0.240625 0.1984375
0 0.46875 0.87109375 0.2515625 0.240625
0 0.3390625 0.91484375 0.21875 0.1703125
0 0.528125 0.79609375 0.1421875 0.1296875
0 0.184375 0.95859375 0.09375 0.0828125
0 0.53984375 0.0359375 0.1109375 0.071875