0 0.50390625 0.8828125 0.13125 0.234375
0 0.1296875 0.5265625 0.225 0.334375
0 0.2484375 0.775 0.2234375 0.1765625
0 0.11640625 0.91875 0.1609375 0.1625
0 0.275 0.9046875 0.209375 0.190625
0 0.378125 0.87578125 0.103125 0.1265625
0 0.4953125 0.7015625 0.159375 0.1515625
0 0.36171875 0.5265625 0.140625 0.0984375
0 0.30859375 0.3328125 0.1265625 0.115625
0 0.15859375 0.36640625 0.2046875 0.159375
0 0.0828125 0.23125 0.11875 0.115625
0 0.27734375 0.20703125 0.175 0.121875
0 0.4296875 0.13203125 0.134375 0.10625
0 0.57109375 0.26328125 0.2109375 0.265625
0 0.73984375 0.0734375 0.1765625 0.146875
0 0.6296875 0.0625 0.13125 0.125
0 0.7921875 0.1703125 0.1328125 0.18125
0 0.909375 0.32734375 0.175 0.1484375
0 0.91953125 0.18046875 0.1609375 0.14375
0 0.66171875 0.3921875 0.190625 0.1125
0 0.61015625 0.56953125 0.159375 0.1515625
0 0.78125 0.62421875 0.2 0.1890625
0 0.68203125 0.84375 0.165625 0.178125
0 0.7921875 0.92734375 0.1703125 0.14375
0 0.89765625 0.71953125 0.2046875 0.240625
0 0.97265625 0.89375 0.053125 0.109375
0 0.9140625 0.86015625 0.09375 0.1171875
0 0.6640625 0.959375 0.09375 0.08125