0 0.51640625 0.66171875 0.1625 0.15
0 0.746875 0.71875 0.2375 0.23125
0 0.865625 0.625 0.253125 0.3390625
0 0.8453125 0.9140625 0.171875 0.171875
0 0.92890625 0.86328125 0.0828125 0.140625
0 0.72265625 0.8984375 0.2078125 0.203125
0 0.5625 0.80859375 0.153125 0.1546875
0 0.51796875 0.9359375 0.1390625 0.128125
0 0.37578125 0.94375 0.1484375 0.1046875
0 0.221875 0.871875 0.1609375 0.16875
0 0.346875 0.89375 0.1265625 0.1125
0 0.3515625 0.8015625 0.1875 0.171875
0 0.3984375 0.7234375 0.1234375 0.140625
0 0.32734375 0.675 0.08125 0.0890625
0 0.246875 0.7109375 0.1578125 0.153125
0 0.1671875 0.55546875 0.2296875 0.296875
0 0.29140625 0.6015625 0.1890625 0.178125
0 0.30390625 0.4609375 0.096875 0.1734375
0 0.034375 0.796875 0.06875 0.153125
0 0.08828125 0.8109375 0.1015625 0.103125
0 0.06171875 0.5828125 0.1234375 0.23125
0 0.0453125 0.40390625 0.090625 0.1953125
0 0.12109375 0.30546875 0.221875 0.18125
0 0.128125 0.159375 0.2046875 0.1875
0 0.0953125 0.04609375 0.109375 0.0921875
0 0.3109375 0.07578125 0.2234375 0.1515625
0 0.421875 0.09921875 0.24375 0.1984375
0 0.62734375 0.12265625 0.159375 0.1515625
0 0.72265625 0.2625 0.1984375 0.1796875
0 0.715625 0.34921875 0.140625 0.125
0 0.67890625 0.52890625 0.1375 0.1265625
0 0.6453125 0.465625 0.11875 0.1171875
0 0.82421875 0.39765625 0.1984375 0.16875
0 0.946875 0.39921875 0.10625 0.1640625
0 0.959375 0.21953125 0.08125 0.1421875
0 0.90234375 0.084375 0.1953125 0.109375
0 0.4171875 0.475 0.1953125 0.225
0 0.4703125 0.3375 0.2265625 0.2671875
0 0.34921875 0.34921875 0.1609375 0.1578125
0 0.38359375 0.60234375 0.1 0.1296875
0 0.540625 0.5453125 0.153125 0.18125
0 0.79375 0.53359375 0.109375 0.1234375