0 0.53125 0.21015625 0.225 0.4203125
0 0.709375 0.625 0.3578125 0.321875
0 0.6984375 0.89921875 0.1875 0.2015625
0 0.584375 0.884375 0.13125 0.14375
0 0.4984375 0.86875 0.13125 0.1390625
0 0.6421875 0.834375 0.140625 0.11875
0 0.7890625 0.81015625 0.1421875 0.1734375
0 0.88671875 0.9359375 0.1390625 0.128125
0 0.79296875 0.278125 0.1453125 0.2109375
0 0.7625 0.1625 0.0953125 0.271875
0 0.68671875 0.44296875 0.103125 0.159375
0 0.55078125 0.4734375 0.1921875 0.2265625
0 0.44296875 0.659375 0.06875 0.2
0 0.5 0.59921875 0.115625 0.1234375
0 0.48203125 0.74453125 0.0984375 0.1359375
0 0.36484375 0.88359375 0.103125 0.134375
0 0.29609375 0.8765625 0.0921875 0.1140625
0 0.24453125 0.69765625 0.1984375 0.20625
0 0.35078125 0.59609375 0.1 0.1390625
0 0.1703125 0.29765625 0.228125 0.2296875
0 0.3265625 0.34375 0.1171875 0.13125
0 0.109375 0.6046875 0.075 0.1171875