0 0.64140625 0.13828125 0.1484375 0.121875
0 0.85859375 0.03125 0.1265625 0.0625
0 0.89296875 0.15546875 0.1203125 0.1078125
0 0.56015625 0.3546875 0.1171875 0.1234375
0 0.828125 0.70546875 0.11875 0.1703125
0 0.73515625 0.640625 0.134375 0.1453125
0 0.6921875 0.56484375 0.0796875 0.078125
0 0.7140625 0.45625 0.0921875 0.0953125
0 0.78828125 0.36328125 0.1109375 0.0921875
0 0.86796875 0.4203125 0.059375 0.0609375
0 0.95390625 0.346875 0.0640625 0.0796875
0 0.37734375 0.09609375 0.090625 0.08125
0 0.4984375 0.04296875 0.0890625 0.0796875
0 0.16015625 0.18828125 0.0796875 0.0796875
0 0.24140625 0.08671875 0.0671875 0.06875
0 0.1265625 0.2625 0.1328125 0.1515625
0 0.01875 0.16484375 0.0375 0.1203125
0 0.08203125 0.38359375 0.1640625 0.1734375
0 0.11015625 0.49609375 0.2203125 0.1828125
0 0.1015625 0.5890625 0.2015625 0.140625
0 0.09765625 0.75 0.1328125 0.1078125
0 0.24453125 0.6015625 0.0640625 0.0625
0 0.23203125 0.515625 0.0875 0.0875
0 0.23828125 0.38359375 0.084375 0.065625
0 0.3515625 0.34140625 0.0578125 0.06875
0 0.3765625 0.4203125 0.059375 0.0890625
0 0.48359375 0.53671875 0.08125 0.078125