0 0.390625 0.3484375 0.1796875 0.215625
0 0.29296875 0.26171875 0.1453125 0.2515625
0 0.171875 0.459375 0.1765625 0.1921875
0 0.07421875 0.29296875 0.1484375 0.2203125
0 0.1703125 0.2453125 0.1734375 0.1671875
0 0.57109375 0.28125 0.196875 0.2859375
0 0.4296875 0.65703125 0.178125 0.3171875
0 0.6015625 0.51796875 0.1234375 0.1953125
0 0.7828125 0.81796875 0.1546875 0.26875
0 0.7375 0.80546875 0.1625 0.25625
0 0.88203125 0.73515625 0.15625 0.2421875
0 0.7875 0.4546875 0.1609375 0.165625
0 0.76640625 0.4046875 0.146875 0.184375
0 0.78828125 0.18359375 0.175 0.2078125
0 0.3078125 0.6375 0.1984375 0.2625