0 0.4125 0.73359375 0.09375 0.2234375
0 0.496875 0.69296875 0.08125 0.1296875
0 0.625 0.684375 0.10625 0.15
0 0.55703125 0.903125 0.1109375 0.1171875
0 0.49140625 0.8296875 0.05 0.096875
0 0.24375 0.859375 0.15 0.146875
0 0.73125 0.7765625 0.18125 0.15625
0 0.55703125 0.36796875 0.096875 0.18125
0 0.8421875 0.86953125 0.153125 0.128125
0 0.68125 0.90703125 0.11875 0.11875
0 0.44921875 0.9609375 0.078125 0.078125
0 0.29609375 0.96484375 0.0984375 0.0703125
0 0.7453125 0.49296875 0.1640625 0.196875
0 0.83515625 0.346875 0.190625 0.128125
0 0.93046875 0.0890625 0.1390625 0.14375
0 0.8484375 0.1765625 0.06875 0.125
0 0.73203125 0.059375 0.103125 0.11875
0 0.68125 0.17421875 0.16875 0.171875
0 0.55 0.0859375 0.128125 0.171875
0 0.396875 0.09765625 0.084375 0.1953125
0 0.275 0.15703125 0.1875 0.3140625
0 0.38046875 0.29453125 0.1296875 0.190625
0 0.35078125 0.39765625 0.115625 0.08125
0 0.26015625 0.609375 0.084375 0.26875
0 0.109375 0.89765625 0.1109375 0.109375
0 0.1 0.61171875 0.1 0.09375
0 0.17890625 0.59296875 0.0875 0.14375
0 0.2203125 0.7171875 0.1 0.1
0 0.3015625 0.77578125 0.1015625 0.10625
0 0.56328125 0.60703125 0.1 0.0875
0 0.53828125 0.49453125 0.025 0.128125
0 0.3765625 0.54375 0.1125 0.1140625
0 0.4890625 0.45625 0.090625 0.09375
0 0.41953125 0.45390625 0.0953125 0.103125
0 0.475 0.29375 0.0375 0.140625
0 0.084375 0.30859375 0.1140625 0.1484375
0 0.1234375 0.3484375 0.0875 0.0875
0 0.0484375 0.49375 0.096875 0.1015625
0 0.2234375 0.3375 0.06875 0.175
0 0.65859375 0.309375 0.1578125 0.096875
0 0.9328125 0.4078125 0.134375 0.134375
0 0.9234375 0.540625 0.153125 0.1859375
0 0.85625 0.67265625 0.15625 0.13125
0 0.90703125 0.79921875 0.1359375 0.1109375