0 0.2921875 0.546875 0.1578125 0.096875
0 0.37890625 0.6625 0.0515625 0.0671875
0 0.86171875 0.640625 0.165625 0.0796875
0 0.68515625 0.68125 0.0875 0.071875
0 0.5359375 0.6359375 0.0875 0.0640625
0 0.31171875 0.7765625 0.0921875 0.0640625
0 0.92109375 0.37421875 0.1375 0.0703125
0 0.3265625 0.4484375 0.071875 0.0515625
0 0.41796875 0.88984375 0.06875 0.0484375
0 0.29140625 0.840625 0.09375 0.0734375
0 0.42734375 0.46484375 0.0640625 0.0546875
0 0.20078125 0.5296875 0.1390625 0.075
0 0.1328125 0.67890625 0.1421875 0.078125
0 0.61015625 0.46484375 0.078125 0.0546875