0 0.4875 0.11015625 0.1234375 0.178125
0 0.35234375 0.11328125 0.128125 0.159375
0 0.6359375 0.0734375 0.128125 0.14375
0 0.83984375 0.0578125 0.078125 0.1046875
0 0.7515625 0.48515625 0.05625 0.1640625
0 0.34921875 0.72265625 0.11875 0.1984375
0 0.5484375 0.52421875 0.09375 0.0875
0 0.4984375 0.4515625 0.0890625 0.0875
0 0.64921875 0.81640625 0.1140625 0.109375
0 0.7546875 0.85546875 0.04375 0.0796875
0 0.86796875 0.88984375 0.1125 0.0796875
0 0.8296875 0.596875 0.115625 0.053125
0 0.840625 0.553125 0.10625 0.05625
0 0.7984375 0.5046875 0.075 0.0609375
0 0.4734375 0.378125 0.103125 0.05625
0 0.14453125 0.36875 0.096875 0.0609375
0 0.0578125 0.4859375 0.0921875 0.075
0 0.04921875 0.6203125 0.0984375 0.0625
0 0.04921875 0.9375 0.0875 0.0578125