0 0.88671875 0.27265625 0.2265625 0.2671875
0 0.63203125 0.103125 0.2328125 0.20625
0 0.69140625 0.284375 0.178125 0.1875
0 0.74609375 0.4640625 0.2390625 0.1984375
0 0.53359375 0.3828125 0.1765625 0.1953125
0 0.46796875 0.278125 0.1703125 0.2
0 0.2859375 0.14765625 0.4125 0.2953125
0 0.1265625 0.22265625 0.1734375 0.1609375
0 0.1015625 0.37578125 0.203125 0.2328125
0 0.25546875 0.55625 0.18125 0.1671875
0 0.42734375 0.62109375 0.2734375 0.2453125
0 0.60703125 0.696875 0.2046875 0.2234375
0 0.384375 0.81953125 0.215625 0.196875
0 0.07734375 0.78359375 0.1546875 0.2328125
0 0.23828125 0.31640625 0.159375 0.16875
0 0.5234375 0.4828125 0.15625 0.165625
0 0.85546875 0.54609375 0.134375 0.1484375
0 0.9046875 0.36796875 0.190625 0.1859375
0 0.3859375 0.4046875 0.2203125 0.203125