0 0.35390625 0.57265625 0.2765625 0.1859375
0 0.9140625 0.71796875 0.171875 0.1640625
0 0.9625 0.6578125 0.075 0.1
0 0.234375 0.9609375 0.184375 0.078125
0 0.0859375 0.71796875 0.1109375 0.121875
0 0.115625 0.68984375 0.103125 0.1015625
0 0.16875 0.49453125 0.171875 0.1046875
0 0.50390625 0.8328125 0.0515625 0.06875
0 0.38671875 0.8328125 0.0734375 0.0796875
0 0.58671875 0.31171875 0.1765625 0.1578125
0 0.70078125 0.290625 0.1015625 0.121875
0 0.6734375 0.55 0.0984375 0.1203125
0 0.89609375 0.471875 0.0953125 0.1015625