0 0.53671875 0.8796875 0.1515625 0.240625
0 0.39375 0.7890625 0.059375 0.103125
0 0.3125 0.72265625 0.165625 0.1609375
0 0.2171875 0.64296875 0.1546875 0.1484375
0 0.0875 0.59375 0.1265625 0.0890625
0 0.05859375 0.3390625 0.1171875 0.125
0 0.71640625 0.2546875 0.1328125 0.103125
0 0.81953125 0.2515625 0.1984375 0.1515625
0 0.8859375 0.2953125 0.190625 0.1046875
0 0.92734375 0.42421875 0.14375 0.1
0 0.82421875 0.55703125 0.1375 0.103125
0 0.86875 0.69609375 0.1375 0.11875
0 0.8390625 0.79453125 0.1734375 0.184375
0 0.78828125 0.92734375 0.15625 0.121875
0 0.6671875 0.9265625 0.0984375 0.1359375
0 0.703125 0.815625 0.1359375 0.178125
0 0.64140625 0.82109375 0.0921875 0.1203125
0 0.725 0.43984375 0.115625 0.0921875
0 0.26484375 0.40703125 0.1046875 0.1140625
0 0.55 0.4765625 0.0609375 0.08125
0 0.59296875 0.71875 0.1 0.121875
0 0.7140625 0.61953125 0.046875 0.0515625
0 0.7375 0.69296875 0.0609375 0.0546875
0 0.390625 0.365625 0.0875 0.1484375
0 0.48671875 0.72734375 0.05 0.071875
0 0.4640625 0.7234375 0.025 0.04375
0 0.425 0.65390625 0.04375 0.0765625