0 0.62421875 0.1515625 0.1578125 0.303125
0 0.33203125 0.37734375 0.146875 0.253125
0 0.16328125 0.7578125 0.15625 0.1453125
0 0.121875 0.69375 0.1109375 0.2171875
0 0.2640625 0.5328125 0.103125 0.1890625
0 0.409375 0.6671875 0.1171875 0.2578125
0 0.5421875 0.68515625 0.1359375 0.209375
0 0.57265625 0.7796875 0.1875 0.115625
0 0.40546875 0.7546875 0.1984375 0.1484375
0 0.46328125 0.1015625 0.1296875 0.203125
0 0.3125 0.17734375 0.1390625 0.2375
0 0.3046875 0.146875 0.215625 0.1796875
0 0.10859375 0.5421875 0.1328125 0.1109375
0 0.23984375 0.68125 0.128125 0.13125