0 0.49375 0.4015625 0.18125 0.11875
0 0.7796875 0.37578125 0.3234375 0.1890625
0 0.834375 0.1015625 0.2875 0.203125
0 0.70546875 0.08828125 0.15 0.1296875
0 0.59140625 0.09453125 0.0890625 0.1078125
0 0.5796875 0.13515625 0.0703125 0.078125
0 0.53984375 0.20859375 0.04375 0.059375
0 0.44296875 0.6578125 0.228125 0.178125
0 0.334375 0.5578125 0.078125 0.0734375
0 0.4453125 0.534375 0.0734375 0.0765625
0 0.24609375 0.62265625 0.084375 0.06875
0 0.234375 0.53359375 0.0515625 0.0578125
0 0.321875 0.459375 0.0484375 0.06875
0 0.9515625 0.39609375 0.0953125 0.14375
0 0.7125 0.5671875 0.128125 0.090625
0 0.66875 0.49921875 0.04375 0.046875
0 0.6140625 0.521875 0.071875 0.08125
0 0.56171875 0.47421875 0.04375 0.0453125
0 0.55703125 0.534375 0.0375 0.040625
0 0.5171875 0.55625 0.0390625 0.0625
0 0.0453125 0.43984375 0.090625 0.0546875
0 0.01484375 0.2453125 0.0296875 0.053125