0 0.46953125 0.91171875 0.215625 0.16875
0 0.60390625 0.840625 0.1953125 0.1984375
0 0.89765625 0.84921875 0.11875 0.1296875
0 0.89921875 0.7125 0.1890625 0.15625
0 0.7328125 0.796875 0.18125 0.1484375
0 0.7140625 0.67109375 0.1984375 0.1625
0 0.79609375 0.60546875 0.1953125 0.1359375
0 0.64296875 0.459375 0.1921875 0.1703125
0 0.53125 0.4921875 0.146875 0.171875
0 0.603125 0.50859375 0.1296875 0.1515625
0 0.38359375 0.38359375 0.19375 0.14375
0 0.39765625 0.48828125 0.184375 0.109375
0 0.46015625 0.55390625 0.1671875 0.16875
0 0.38984375 0.575 0.159375 0.15625
0 0.4078125 0.65625 0.1625 0.1421875
0 0.54296875 0.71796875 0.1515625 0.1734375
0 0.20234375 0.70546875 0.1453125 0.1859375
0 0.09921875 0.55703125 0.1984375 0.1265625
0 0.28125 0.58828125 0.153125 0.1234375
0 0.67421875 0.95 0.16875 0.0890625