0 0.6453125 0.8140625 0.646875 0.371875
0 0.40703125 0.60625 0.475 0.39375
0 0.17890625 0.73515625 0.1828125 0.234375
0 0.21953125 0.91953125 0.1453125 0.1609375
0 0.12109375 0.5359375 0.2421875 0.259375
0 0.04453125 0.3453125 0.0890625 0.25
0 0.35859375 0.11796875 0.4234375 0.2359375
0 0.4453125 0.26015625 0.2484375 0.16875
0 0.64453125 0.0609375 0.1265625 0.121875
0 0.74140625 0.2859375 0.2234375 0.1453125
0 0.846875 0.3359375 0.215625 0.1375
0 0.7796875 0.41796875 0.121875 0.0734375
0 0.6203125 0.41171875 0.125 0.1109375
0 0.8109375 0.5625 0.2015625 0.1421875
0 0.92890625 0.5734375 0.1421875 0.146875
0 0.7171875 0.58125 0.096875 0.1828125