0 0.2625 0.259375 0.1765625 0.215625
0 0.3203125 0.15546875 0.140625 0.11875
0 0.275 0.63671875 0.2375 0.203125
0 0.2375 0.8953125 0.134375 0.1375
0 0.48359375 0.8203125 0.159375 0.26875
0 0.4203125 0.6859375 0.10625 0.103125
0 0.5109375 0.6375 0.121875 0.1484375
0 0.59296875 0.6015625 0.1484375 0.1875
0 0.5484375 0.5140625 0.10625 0.10625
0 0.52734375 0.38671875 0.121875 0.125
0 0.51953125 0.2984375 0.103125 0.1046875
0 0.53828125 0.203125 0.1125 0.16875
0 0.55234375 0.065625 0.10625 0.121875
0 0.4421875 0.0484375 0.06875 0.096875
0 0.3640625 0.05546875 0.1046875 0.1046875
0 0.415625 0.11328125 0.08125 0.08125
0 0.05859375 0.13671875 0.115625 0.134375
0 0.1 0.2578125 0.11875 0.09375
0 0.17265625 0.4859375 0.0859375 0.1328125
0 0.121875 0.59375 0.0625 0.0875
0 0.125 0.6640625 0.09375 0.1125
0 0.046875 0.6546875 0.078125 0.109375
0 0.71484375 0.6671875 0.0953125 0.5515625
0 0.8078125 0.80234375 0.090625 0.25625
0 0.91953125 0.41953125 0.1609375 0.278125
0 0.93515625 0.12578125 0.1296875 0.2515625
0 0.86015625 0.14453125 0.153125 0.2125
0 0.73125 0.2421875 0.134375 0.190625
0 0.65234375 0.12265625 0.1453125 0.15625
0 0.7328125 0.34453125 0.159375 0.159375
0 0.3734375 0.3234375 0.1 0.1546875
0 0.4234375 0.365625 0.0625 0.1515625
0 0.0609375 0.96640625 0.121875 0.065625