0 0.628125 0.26171875 0.20625 0.1875
0 0.515625 0.2359375 0.1015625 0.109375
0 0.34140625 0.196875 0.2015625 0.2078125
0 0.2 0.784375 0.19375 0.1953125
0 0.221875 0.94140625 0.140625 0.1171875
0 0.59609375 0.340625 0.23125 0.1984375
0 0.73125 0.45078125 0.171875 0.1703125
0 0.55078125 0.47734375 0.1828125 0.2
0 0.45546875 0.4296875 0.159375 0.134375
0 0.3375 0.409375 0.178125 0.15625
0 0.43515625 0.50234375 0.1640625 0.1171875
0 0.35859375 0.55390625 0.0828125 0.090625
0 0.45625 0.5921875 0.1734375 0.14375
0 0.55546875 0.65546875 0.184375 0.1609375
0 0.63828125 0.60625 0.1796875 0.1390625
0 0.73046875 0.575 0.2109375 0.2125
0 0.68828125 0.72734375 0.1390625 0.1296875