0 0.628125 0.61015625 0.2015625 0.2171875
0 0.4546875 0.565625 0.1546875 0.2140625
0 0.37734375 0.44921875 0.1796875 0.25625
0 0.28515625 0.328125 0.178125 0.1453125
0 0.13125 0.2484375 0.1625 0.128125
0 0.10546875 0.44921875 0.1484375 0.140625
0 0.1 0.62421875 0.109375 0.196875
0 0.0296875 0.77421875 0.0515625 0.1375
0 0.1671875 0.9140625 0.0828125 0.1390625
0 0.28671875 0.878125 0.0921875 0.15
0 0.2203125 0.73828125 0.0421875 0.0828125
0 0.4375 0.9453125 0.1625 0.109375
0 0.6453125 0.8453125 0.059375 0.0828125
0 0.68984375 0.4625 0.221875 0.1953125
0 0.8671875 0.28203125 0.0578125 0.071875
0 0.84609375 0.434375 0.034375 0.0453125
0 0.80625 0.63359375 0.0453125 0.059375
0 0.90703125 0.6296875 0.05 0.0828125
0 0.75234375 0.940625 0.053125 0.0546875
0 0.78984375 0.95390625 0.0265625 0.06875
0 0.27890625 0.225 0.09375 0.109375
0 0.17265625 0.61796875 0.125 0.1609375
0 0.77265625 0.8296875 0.0515625 0.040625
0 0.78515625 0.871875 0.0375 0.0421875
0 0.9140625 0.8765625 0.0359375 0.075
0 0.9765625 0.92734375 0.0390625 0.0578125
0 0.7796875 0.71171875 0.0359375 0.0625
0 0.85234375 0.79921875 0.04375 0.05625