0 0.3953125 0.14296875 0.19375 0.19375
0 0.5734375 0.05234375 0.184375 0.1046875
0 0.82265625 0.12265625 0.1234375 0.1421875
0 0.8328125 0.2953125 0.171875 0.178125
0 0.66171875 0.2125 0.18125 0.134375
0 0.521875 0.19140625 0.1890625 0.18125
0 0.43828125 0.21328125 0.13125 0.153125
0 0.478125 0.31015625 0.1890625 0.1171875
0 0.18203125 0.3609375 0.134375 0.1765625
0 0.1140625 0.4765625 0.146875 0.1421875
0 0.22421875 0.45625 0.1640625 0.13125
0 0.3546875 0.3765625 0.171875 0.134375
0 0.35078125 0.4578125 0.1515625 0.115625
0 0.44453125 0.4578125 0.1625 0.140625
0 0.38359375 0.54296875 0.1875 0.15
0 0.3828125 0.6625 0.171875 0.171875
0 0.50859375 0.52578125 0.1578125 0.1796875
0 0.6203125 0.5515625 0.1765625 0.1734375
0 0.7625 0.39765625 0.18125 0.1984375
0 0.66796875 0.34296875 0.2125 0.1734375