0 0.56640625 0.1296875 0.121875 0.1140625
0 0.73671875 0.103125 0.121875 0.084375
0 0.2703125 0.24609375 0.134375 0.090625
0 0.51875 0.3296875 0.109375 0.1390625
0 0.63359375 0.35234375 0.06875 0.059375
0 0.3421875 0.375 0.0921875 0.1125
0 0.2921875 0.51484375 0.1546875 0.096875
0 0.50078125 0.53671875 0.05625 0.0859375
0 0.1125 0.15390625 0.0984375 0.0921875
0 0.24375 0.14765625 0.0625 0.053125
0 0.88828125 0.41875 0.109375 0.06875
0 0.81171875 0.2484375 0.109375 0.09375
0 0.15078125 0.44453125 0.075 0.0953125
0 0.05703125 0.4265625 0.1140625 0.090625
0 0.04140625 0.2375 0.0828125 0.103125
0 0.12421875 0.6921875 0.09375 0.0703125
0 0.06484375 0.7328125 0.1109375 0.1046875
0 0.63359375 0.57578125 0.06875 0.0578125