0 0.603125 0.62734375 0.1046875 0.109375
0 0.2546875 0.84609375 0.1390625 0.11875
0 0.740625 0.79921875 0.1328125 0.1015625
0 0.4796875 0.46015625 0.0609375 0.0546875
0 0.70234375 0.134375 0.0953125 0.15
0 0.0484375 0.4109375 0.096875 0.090625
0 0.165625 0.97109375 0.096875 0.0578125
0 0.18046875 0.59453125 0.1953125 0.1296875
0 0.1171875 0.76953125 0.1578125 0.13125
0 0.95390625 0.8 0.0921875 0.071875
0 0.946875 0.6640625 0.10625 0.0875
0 0.41171875 0.7109375 0.0671875 0.0578125
0 0.29296875 0.70859375 0.071875 0.0515625
0 0.67265625 0.26875 0.1015625 0.1265625
0 0.5125 0.93828125 0.075 0.053125
0 0.40703125 0.6328125 0.0609375 0.0890625