0 0.3328125 0.7125 0.184375 0.1609375
0 0.43828125 0.7578125 0.0875 0.0984375
0 0.603125 0.8265625 0.175 0.1828125
0 0.84453125 0.27265625 0.1703125 0.171875
0 0.8578125 0.0828125 0.1125 0.165625
0 0.37734375 0.63984375 0.209375 0.1671875
0 0.26328125 0.50859375 0.15 0.1484375
0 0.44609375 0.5140625 0.15625 0.178125
0 0.53125 0.5765625 0.14375 0.1140625
0 0.64453125 0.61796875 0.1609375 0.1328125
0 0.5640625 0.509375 0.153125 0.0921875
0 0.6484375 0.47109375 0.0703125 0.08125
0 0.559375 0.4171875 0.1578125 0.1203125
0 0.47265625 0.3375 0.165625 0.1359375
0 0.38203125 0.371875 0.1640625 0.1140625
0 0.2859375 0.3859375 0.184375 0.1859375
0 0.3546875 0.24296875 0.1234375 0.1125