0 0.39296875 0.1703125 0.090625 0.134375
0 0.2171875 0.1984375 0.1734375 0.2046875
0 0.16875 0.5640625 0.0859375 0.14375
0 0.1203125 0.73515625 0.06875 0.146875
0 0.21640625 0.83359375 0.0828125 0.1796875
0 0.27421875 0.7640625 0.1109375 0.2109375
0 0.3515625 0.7125 0.0921875 0.1578125
0 0.37421875 0.659375 0.1421875 0.203125
0 0.43046875 0.5921875 0.1484375 0.18125
0 0.49765625 0.49453125 0.2046875 0.2234375
0 0.353125 0.378125 0.165625 0.165625
0 0.24296875 0.38125 0.1 0.1109375
0 0.25078125 0.515625 0.1015625 0.2140625
0 0.253125 0.29453125 0.04375 0.0875
0 0.378125 0.30234375 0.146875 0.1609375
0 0.43828125 0.15859375 0.0890625 0.109375
0 0.32109375 0.190625 0.0796875 0.1046875
0 0.73828125 0.17890625 0.10625 0.115625
0 0.62109375 0.1 0.053125 0.0734375
0 0.62890625 0.16796875 0.0546875 0.0546875
0 0.5640625 0.14140625 0.065625 0.0609375
0 0.7109375 0.490625 0.109375 0.1265625