0 0.12421875 0.14609375 0.1890625 0.1578125
0 0.1046875 0.3765625 0.1765625 0.178125
0 0.3046875 0.65625 0.1171875 0.525
0 0.2078125 0.80859375 0.1125 0.25625
0 0.19765625 0.69296875 0.115625 0.1796875
0 0.50390625 0.65859375 0.1046875 0.1359375
0 0.41171875 0.61328125 0.1609375 0.1578125
0 0.4703125 0.38046875 0.1109375 0.1015625
0 0.61875 0.321875 0.10625 0.1421875
0 0.7296875 0.61171875 0.2359375 0.1703125
0 0.52109375 0.8453125 0.1578125 0.309375
0 0.38359375 0.90546875 0.1015625 0.1890625
0 0.4515625 0.225 0.1125 0.1796875
0 0.33046875 0.11875 0.1375 0.1328125
0 0.26015625 0.24296875 0.1453125 0.159375
0 0.26796875 0.35859375 0.1453125 0.1296875
0 0.41640625 0.07578125 0.125 0.125
0 0.5390625 0.0390625 0.071875 0.078125
0 0.56953125 0.09140625 0.0828125 0.0859375
0 0.61171875 0.0671875 0.10625 0.096875
0 0.79296875 0.8875 0.121875 0.1375
0 0.875 0.65703125 0.1140625 0.1203125
0 0.81796875 0.47265625 0.0890625 0.084375
0 0.88828125 0.24921875 0.1 0.1
0 0.93125 0.11640625 0.1078125 0.134375
0 0.85859375 0.12421875 0.0875 0.11875
0 0.725 0.234375 0.1640625 0.190625
0 0.675 0.14765625 0.1203125 0.115625
0 0.6671875 0.38828125 0.0703125 0.0953125
0 0.5546875 0.4328125 0.065625 0.0484375
0 0.73515625 0.46015625 0.0828125 0.1734375