0 0.55703125 0.61953125 0.096875 0.0953125
0 0.76171875 0.54296875 0.0890625 0.06875
0 0.9296875 0.49921875 0.09375 0.0765625
0 0.4484375 0.46640625 0.103125 0.0859375
0 0.5296875 0.49375 0.065625 0.06875
0 0.3875 0.3625 0.0609375 0.0640625
0 0.35859375 0.7 0.065625 0.0625
0 0.33984375 0.67265625 0.075 0.075
0 0.4640625 0.9125 0.0953125 0.0828125
0 0.78046875 0.72890625 0.1046875 0.1296875
0 0.6625 0.71328125 0.06875 0.11875
0 0.16484375 0.48203125 0.0546875 0.0640625
0 0.796875 0.6765625 0.0828125 0.075
0 0.446875 0.39375 0.0765625 0.0765625