0 0.1609375 0.50234375 0.10625 0.109375
0 0.31328125 0.28671875 0.0875 0.084375
0 0.140625 0.28203125 0.0875 0.0671875
0 0.334375 0.17578125 0.084375 0.0765625
0 0.77421875 0.3171875 0.0890625 0.11875
0 0.66015625 0.65390625 0.03125 0.0875
0 0.41328125 0.6078125 0.0625 0.0640625
0 0.3296875 0.62421875 0.05 0.075
0 0.3234375 0.48046875 0.0625 0.0625
0 0.4125 0.42578125 0.046875 0.0484375
0 0.9546875 0.30234375 0.0609375 0.115625
0 0.665625 0.21875 0.071875 0.071875
0 0.578125 0.1546875 0.08125 0.0671875
0 0.790625 0.5921875 0.05 0.0625