0 0.4375 0.309375 0.29375 0.203125
0 0.225 0.10078125 0.1484375 0.1625
0 0.115625 0.1453125 0.0859375 0.0921875
0 0.60234375 0.18828125 0.25625 0.171875
0 0.54765625 0.13125 0.1375 0.0984375
0 0.91484375 0.2171875 0.1703125 0.225
0 0.82109375 0.328125 0.0875 0.0640625
0 0.75703125 0.4296875 0.1140625 0.1
0 0.29921875 0.465625 0.11875 0.0984375
0 0.5578125 0.68125 0.225 0.2328125
0 0.50859375 0.4625 0.065625 0.0828125
0 0.36875 0.4546875 0.078125 0.0703125
0 0.12421875 0.4734375 0.08125 0.053125
0 0.11171875 0.396875 0.084375 0.071875
0 0.684375 0.0640625 0.078125 0.0609375