0 0.24453125 0.32578125 0.1859375 0.1546875
0 0.09609375 0.70703125 0.15625 0.1828125
0 0.39453125 0.3625 0.171875 0.171875
0 0.4078125 0.45625 0.1828125 0.175
0 0.28515625 0.47421875 0.1203125 0.1109375
0 0.3734375 0.52890625 0.1671875 0.13125
0 0.4609375 0.16328125 0.1328125 0.1375
0 0.59296875 0.209375 0.2015625 0.1671875
0 0.54140625 0.27421875 0.2171875 0.20625
0 0.53984375 0.36171875 0.1359375 0.1109375
0 0.6125 0.4140625 0.2046875 0.184375
0 0.5875 0.46171875 0.175 0.171875
0 0.5953125 0.578125 0.18125 0.190625
0 0.49375 0.59609375 0.171875 0.1734375
0 0.68203125 0.70234375 0.14375 0.1015625
0 0.73203125 0.58515625 0.171875 0.15625
0 0.725 0.409375 0.1421875 0.1375
0 0.79453125 0.3765625 0.103125 0.1296875
0 0.7359375 0.4828125 0.1375 0.1171875
0 0.67109375 0.5265625 0.10625 0.1