0 0.2375 0.321875 0.1859375 0.14375
0 0.459375 0.15625 0.1234375 0.1234375
0 0.59296875 0.21171875 0.2109375 0.16875
0 0.54453125 0.28984375 0.2078125 0.2125
0 0.6359375 0.3953125 0.1609375 0.1515625
0 0.58828125 0.4578125 0.171875 0.153125
0 0.39609375 0.34765625 0.18125 0.178125
0 0.4203125 0.4546875 0.2125 0.16875
0 0.3796875 0.53125 0.1890625 0.1765625
0 0.28359375 0.48046875 0.1171875 0.1234375
0 0.509375 0.6046875 0.184375 0.1328125
0 0.59765625 0.5765625 0.184375 0.1421875
0 0.67421875 0.5265625 0.109375 0.103125
0 0.7234375 0.596875 0.1765625 0.153125
0 0.67734375 0.70390625 0.1296875 0.1078125
0 0.48671875 0.76484375 0.0953125 0.1421875
0 0.79375 0.39296875 0.1125 0.1296875
0 0.728125 0.41953125 0.1359375 0.1640625