0 0.796875 0.83125 0.2328125 0.24375
0 0.90234375 0.5046875 0.1953125 0.146875
0 0.86796875 0.428125 0.121875 0.1171875
0 0.87421875 0.32109375 0.1171875 0.096875
0 0.86015625 0.13828125 0.2109375 0.2765625
0 0.7421875 0.246875 0.084375 0.1421875
0 0.51953125 0.2078125 0.11875 0.184375
0 0.35 0.2109375 0.1015625 0.159375
0 0.34296875 0.2625 0.146875 0.1703125
0 0.24765625 0.06328125 0.0828125 0.06875
0 0.1015625 0.13125 0.203125 0.175
0 0.19765625 0.31796875 0.2015625 0.178125
0 0.09296875 0.421875 0.1 0.1015625
0 0.059375 0.5203125 0.11875 0.18125
0 0.11171875 0.54921875 0.090625 0.078125
0 0.1984375 0.52265625 0.1265625 0.11875
0 0.24921875 0.4953125 0.0859375 0.0984375
0 0.2875 0.596875 0.0953125 0.084375
0 0.334375 0.759375 0.09375 0.121875
0 0.39453125 0.8078125 0.125 0.1171875
0 0.1046875 0.746875 0.159375 0.146875
0 0.41015625 0.465625 0.1078125 0.0890625
0 0.36015625 0.34140625 0.046875 0.078125
0 0.73671875 0.5015625 0.1234375 0.13125
0 0.34765625 0.51875 0.06875 0.1109375
0 0.4421875 0.378125 0.1125 0.1109375
0 0.46640625 0.275 0.0734375 0.09375
0 0.63828125 0.3625 0.0796875 0.0828125
0 0.628125 0.44375 0.05 0.0703125