0 0.465625 0.62578125 0.096875 0.0890625
0 0.30546875 0.63125 0.109375 0.1015625
0 0.18515625 0.51640625 0.171875 0.10625
0 0.7171875 0.55625 0.1078125 0.0796875
0 0.715625 0.5078125 0.0984375 0.065625
0 0.60546875 0.50625 0.06875 0.0625
0 0.64375 0.92109375 0.1109375 0.109375
0 0.496875 0.71875 0.0640625 0.0546875
0 0.58203125 0.71484375 0.0625 0.0734375
0 0.8921875 0.38515625 0.14375 0.1125
0 0.7828125 0.48671875 0.05625 0.0578125
0 0.44375 0.42890625 0.0828125 0.0671875
0 0.7734375 0.7734375 0.1296875 0.1015625
0 0.75234375 0.62109375 0.1515625 0.0828125
0 0.4265625 0.94453125 0.084375 0.0703125
0 0.3171875 0.80859375 0.0375 0.0828125