0 0.57265625 0.14375 0.1453125 0.2875
0 0.2875 0.07421875 0.196875 0.14375
0 0.40859375 0.1578125 0.084375 0.2109375
0 0.39375 0.40234375 0.0640625 0.2859375
0 0.0453125 0.471875 0.090625 0.13125
0 0.27578125 0.7109375 0.1734375 0.1921875
0 0.36953125 0.83359375 0.153125 0.159375
0 0.30078125 0.91875 0.1484375 0.1484375
0 0.3921875 0.67890625 0.1515625 0.18125
0 0.50703125 0.81015625 0.1203125 0.2640625
0 0.73984375 0.18671875 0.1234375 0.3734375
0 0.62109375 0.46015625 0.04375 0.075
0 0.621875 0.3609375 0.04375 0.1109375
0 0.58671875 0.39453125 0.0421875 0.0640625
0 0.53515625 0.44765625 0.04375 0.06875
0 0.64140625 0.8953125 0.078125 0.1125
0 0.2375 0.53125 0.153125 0.1671875
0 0.0875 0.7421875 0.1 0.1421875
0 0.1890625 0.6625 0.1078125 0.128125
0 0.1625 0.74375 0.1125 0.1046875