0 0.578125 0.59140625 0.1328125 0.1609375
0 0.609375 0.51484375 0.0796875 0.1296875
0 0.62421875 0.4359375 0.1015625 0.1171875
0 0.79453125 0.4765625 0.09375 0.1296875
0 0.73515625 0.68671875 0.0796875 0.090625
0 0.64609375 0.91484375 0.0828125 0.125
0 0.50859375 0.72578125 0.1171875 0.128125
0 0.54453125 0.68828125 0.06875 0.0765625
0 0.64140625 0.63125 0.0671875 0.0859375
0 0.33125 0.50234375 0.10625 0.128125
0 0.38984375 0.525 0.09375 0.0984375
0 0.48125 0.51875 0.0578125 0.096875
0 0.40703125 0.30703125 0.0921875 0.1203125
0 0.34296875 0.34765625 0.0859375 0.0828125
0 0.1875 0.3828125 0.0890625 0.090625
0 0.24296875 0.39765625 0.05625 0.075
0 0.103125 0.35 0.08125 0.1140625
0 0.04921875 0.64609375 0.0859375 0.1046875
0 0.2796875 0.75 0.103125 0.1109375
0 0.70078125 0.99375 0.0359375 0.0125
0 0.69609375 0.7359375 0.0703125 0.084375
0 0.009375 0.71875 0.01875 0.125