0 0.6078125 0.821875 0.125 0.1171875
0 0.340625 0.7640625 0.19375 0.1703125
0 0.46484375 0.65390625 0.165625 0.1546875
0 0.434375 0.5703125 0.19375 0.1828125
0 0.38203125 0.52265625 0.175 0.171875
0 0.3234375 0.60078125 0.115625 0.096875
0 0.7109375 0.73046875 0.2125 0.1921875
0 0.63984375 0.66796875 0.24375 0.2125
0 0.590625 0.6046875 0.1484375 0.1453125
0 0.64375 0.54609375 0.178125 0.1578125
0 0.56484375 0.53046875 0.1046875 0.134375
0 0.7296875 0.49921875 0.1421875 0.134375
0 0.81015625 0.48984375 0.1078125 0.1046875
0 0.7296875 0.4421875 0.18125 0.140625
0 0.65078125 0.40703125 0.11875 0.109375
0 0.6875 0.32421875 0.1734375 0.1609375
0 0.57578125 0.3953125 0.18125 0.1859375
0 0.4546875 0.39375 0.16875 0.16875
0 0.57734375 0.2453125 0.125 0.128125
0 0.378125 0.2828125 0.1015625 0.146875
0 0.06875 0.49140625 0.1375 0.1703125
0 0.078125 0.13359375 0.1109375 0.1140625