0 0.06953125 0.47734375 0.1390625 0.1046875
0 0.02421875 0.2625 0.0484375 0.159375
0 0.18046875 0.07734375 0.08125 0.0609375
0 0.23203125 0.3953125 0.103125 0.1078125
0 0.30078125 0.26328125 0.08125 0.09375
0 0.39375 0.19140625 0.0875 0.078125
0 0.41875 0.10703125 0.078125 0.08125
0 0.41328125 0.046875 0.0765625 0.075
0 0.35234375 0.0609375 0.0734375 0.06875
0 0.37265625 0.11953125 0.053125 0.0625
0 0.5421875 0.115625 0.0890625 0.1
0 0.69296875 0.08125 0.2609375 0.1625
0 0.7671875 0.109375 0.14375 0.1265625
0 0.69453125 0.19609375 0.046875 0.0625
0 0.55234375 0.3234375 0.078125 0.0828125
0 0.6265625 0.4171875 0.15625 0.1453125
0 0.54375 0.465625 0.078125 0.065625
0 0.559375 0.52265625 0.0703125 0.0765625
0 0.65 0.49609375 0.0859375 0.0765625
0 0.8046875 0.3640625 0.1484375 0.1015625
0 0.80234375 0.434375 0.1734375 0.1328125
0 0.80078125 0.2078125 0.1703125 0.11875
0 0.76484375 0.31328125 0.0875 0.115625
0 0.38125 0.56875 0.0890625 0.0875
0 0.16796875 0.7296875 0.1359375 0.109375
0 0.4078125 0.3859375 0.128125 0.10625
0 0.42265625 0.315625 0.078125 0.05
0 0.85703125 0.61640625 0.134375 0.128125