0 0.496875 0.86484375 0.103125 0.103125
0 0.6859375 0.79609375 0.1140625 0.115625
0 0.83046875 0.72109375 0.1421875 0.146875
0 0.9390625 0.62421875 0.109375 0.125
0 0.42109375 0.76328125 0.121875 0.128125
0 0.17109375 0.86875 0.1171875 0.1734375
0 0.35390625 0.6921875 0.1078125 0.11875
0 0.0625 0.46640625 0.125 0.1828125
0 0.1046875 0.228125 0.140625 0.1171875
0 0.18203125 0.2015625 0.19375 0.1796875
0 0.23984375 0.1109375 0.1578125 0.1828125
0 0.128125 0.02421875 0.109375 0.0484375
0 0.3859375 0.0640625 0.121875 0.128125
0 0.446875 0.18984375 0.1453125 0.14375
0 0.47421875 0.2859375 0.115625 0.1171875
0 0.5609375 0.48515625 0.1140625 0.1296875
0 0.475 0.578125 0.196875 0.1796875
0 0.709375 0.65 0.128125 0.1265625
0 0.90703125 0.47109375 0.128125 0.13125
0 0.965625 0.16328125 0.06875 0.1203125
0 0.8625 0.1234375 0.1625 0.15625
0 0.70078125 0.0921875 0.1921875 0.1546875
0 0.66796875 0.26953125 0.146875 0.128125
0 0.653125 0.31875 0.1265625 0.109375
0 0.73359375 0.540625 0.140625 0.1453125
0 0.82265625 0.37109375 0.13125 0.1109375
0 0.91640625 0.35625 0.1375 0.171875
0 0.24296875 0.3 0.1375 0.0890625
0 0.15625 0.52578125 0.115625 0.1703125
0 0.103125 0.63125 0.1375 0.1734375
0 0.565625 0.775 0.0765625 0.0875