0 0.12265625 0.39609375 0.103125 0.121875
0 0.340625 0.525 0.096875 0.1171875
0 0.30546875 0.09296875 0.0609375 0.0828125
0 0.29140625 0.1328125 0.071875 0.1046875
0 0.32734375 0.20078125 0.0765625 0.0875
0 0.3421875 0.30625 0.1 0.13125
0 0.34453125 0.1265625 0.08125 0.1171875
0 0.4 0.1609375 0.08125 0.103125
0 0.39765625 0.21484375 0.0828125 0.11875
0 0.390625 0.253125 0.08125 0.1109375
0 0.55390625 0.27421875 0.0921875 0.090625
0 0.5546875 0.34765625 0.0953125 0.109375
0 0.4546875 0.34609375 0.075 0.0671875
0 0.40859375 0.37734375 0.0828125 0.1265625
0 0.4890625 0.428125 0.0953125 0.09375