0 0.28984375 0.11953125 0.15625 0.1828125
0 0.44765625 0.0953125 0.1140625 0.1375
0 0.5953125 0.07890625 0.128125 0.1578125
0 0.66484375 0.103125 0.06875 0.1671875
0 0.7296875 0.084375 0.084375 0.1265625
0 0.80625 0.07734375 0.09375 0.1453125
0 0.89921875 0.1546875 0.1109375 0.1234375
0 0.94375 0.3984375 0.109375 0.1296875
0 0.98203125 0.490625 0.0359375 0.09375
0 0.92734375 0.67109375 0.1453125 0.1078125
0 0.9765625 0.73828125 0.046875 0.1046875
0 0.95234375 0.84296875 0.0953125 0.1515625
0 0.2921875 0.26640625 0.15625 0.15
0 0.378125 0.43515625 0.1125 0.14375
0 0.31484375 0.51171875 0.125 0.11875
0 0.55859375 0.446875 0.1390625 0.1328125
0 0.5296875 0.33203125 0.153125 0.1671875
0 0.6609375 0.2828125 0.1125 0.1234375
0 0.4921875 0.15234375 0.1109375 0.1140625
0 0.15625 0.1578125 0.0953125 0.1109375
0 0.2203125 0.09375 0.0921875 0.0953125
0 0.00859375 0.20859375 0.0171875 0.1109375
0 0.0734375 0.425 0.071875 0.096875
0 0.07421875 0.53671875 0.0875 0.1234375
0 0.159375 0.5421875 0.1046875 0.15625
0 0.1625 0.4015625 0.0859375 0.146875
0 0.04765625 0.60234375 0.0828125 0.1125
0 0.196875 0.7953125 0.134375 0.1078125
0 0.20703125 0.7390625 0.0734375 0.103125
0 0.271875 0.72578125 0.071875 0.08125
0 0.3421875 0.7890625 0.115625 0.1078125
0 0.46640625 0.62109375 0.0515625 0.0734375
0 0.2265625 0.9390625 0.08125 0.121875
0 0.2171875 0.96484375 0.08125 0.0703125
0 0.48125 0.90078125 0.0953125 0.1046875
0 0.71328125 0.91171875 0.1 0.128125
0 0.696875 0.7265625 0.065625 0.08125
0 0.7171875 0.16640625 0.071875 0.0984375
0 0.72734375 0.22890625 0.059375 0.11875
0 0.8328125 0.19765625 0.0828125 0.109375
0 0.61953125 0.21015625 0.078125 0.06875
0 0.54921875 0.23984375 0.0421875 0.0953125
0 0.23515625 0.33828125 0.0796875 0.115625
0 0.5875 0.56328125 0.128125 0.1203125