0 0.67265625 0.540625 0.0671875 0.090625
0 0.7078125 0.64140625 0.075 0.075
0 0.76953125 0.31015625 0.1046875 0.121875
0 0.8875 0.2671875 0.0703125 0.134375
0 0.92265625 0.49375 0.059375 0.1
0 0.8328125 0.54296875 0.0765625 0.065625
0 0.45625 0.61953125 0.06875 0.0609375
0 0.23203125 0.34140625 0.09375 0.0765625
0 0.28046875 0.25390625 0.09375 0.1078125
0 0.06015625 0.525 0.1203125 0.10625
0 0.1234375 0.23125 0.096875 0.1046875
0 0.05859375 0.36953125 0.071875 0.0796875
0 0.409375 0.42890625 0.046875 0.0609375
0 0.23046875 0.51953125 0.0703125 0.0671875