0 0.3171875 0.58359375 0.134375 0.084375
0 0.465625 0.446875 0.0796875 0.0609375
0 0.165625 0.8234375 0.1125 0.0734375
0 0.55234375 0.62578125 0.0859375 0.05
0 0.40546875 0.69765625 0.103125 0.0828125
0 0.4578125 0.8828125 0.0625 0.115625
0 0.89296875 0.89765625 0.1546875 0.140625
0 0.840625 0.915625 0.1140625 0.1109375
0 0.771875 0.92421875 0.071875 0.0578125
0 0.684375 0.70703125 0.0734375 0.0796875
0 0.67578125 0.51796875 0.0875 0.0765625
0 0.828125 0.66796875 0.1171875 0.078125
0 0.77890625 0.5359375 0.1109375 0.059375
0 0.8484375 0.27578125 0.1140625 0.065625
0 0.7578125 0.428125 0.0765625 0.046875
0 0.53359375 0.81328125 0.0734375 0.05625
0 0.58359375 0.88984375 0.0859375 0.0625
0 0.61015625 0.75546875 0.0578125 0.0359375