0 0.21796875 0.4390625 0.378125 0.403125
0 0.071875 0.54296875 0.14375 0.1953125
0 0.115625 0.76640625 0.1890625 0.2203125
0 0.103125 0.91796875 0.11875 0.1640625
0 0.25546875 0.8890625 0.2921875 0.221875
0 0.421875 0.9328125 0.14375 0.134375
0 0.58046875 0.90546875 0.1953125 0.1890625
0 0.475 0.88359375 0.11875 0.1703125
0 0.47265625 0.72109375 0.2578125 0.278125
0 0.284375 0.74375 0.1828125 0.225
0 0.703125 0.8 0.2078125 0.203125
0 0.621875 0.846875 0.1046875 0.1
0 0.69609375 0.70390625 0.0984375 0.0984375
0 0.65078125 0.59140625 0.234375 0.215625
0 0.4984375 0.565625 0.1796875 0.2265625
0 0.63671875 0.40703125 0.2265625 0.2265625
0 0.809375 0.17109375 0.334375 0.3421875
0 0.92109375 0.4734375 0.1578125 0.178125
0 0.84140625 0.54609375 0.1421875 0.184375
0 0.8109375 0.61796875 0.14375 0.1671875
0 0.88125 0.7015625 0.115625 0.15
0 0.2953125 0.24375 0.34375 0.39375
0 0.4765625 0.15859375 0.184375 0.3171875
0 0.321875 0.1 0.1828125 0.178125
0 0.5515625 0.10546875 0.18125 0.2109375