0 0.3359375 0.628125 0.065625 0.096875
0 0.08984375 0.60078125 0.075 0.128125
0 0.23046875 0.67265625 0.0625 0.065625
0 0.228125 0.40546875 0.034375 0.0921875
0 0.4046875 0.30703125 0.0703125 0.08125
0 0.4140625 0.4109375 0.0671875 0.071875
0 0.4453125 0.45625 0.0609375 0.0609375
0 0.5015625 0.53671875 0.065625 0.0671875
0 0.4421875 0.6109375 0.0609375 0.0578125
0 0.50546875 0.640625 0.05 0.0640625
0 0.653125 0.340625 0.05625 0.0765625
0 0.6453125 0.121875 0.0578125 0.0859375
0 0.8375 0.5890625 0.0484375 0.09375
0 0.659375 0.39921875 0.0609375 0.059375
0 0.17421875 0.2421875 0.06875 0.0796875
0 0.1890625 0.50703125 0.053125 0.0578125
0 0.6 0.48515625 0.05 0.065625
0 0.29140625 0.23203125 0.0828125 0.0890625