0 0.42109375 0.83359375 0.296875 0.315625
0 0.5078125 0.93671875 0.140625 0.1265625
0 0.6703125 0.79609375 0.13125 0.1296875
0 0.6609375 0.71953125 0.1359375 0.134375
0 0.9046875 0.81015625 0.1078125 0.1375
0 0.85078125 0.9453125 0.1421875 0.109375
0 0.975 0.23671875 0.05 0.1484375
0 0.16171875 0.2984375 0.2796875 0.275
0 0.1578125 0.42890625 0.2890625 0.2296875
0 0.1546875 0.52265625 0.2734375 0.2703125
0 0.19921875 0.61328125 0.171875 0.18125
0 0.52890625 0.45625 0.2125 0.1921875
0 0.35703125 0.228125 0.1796875 0.2640625
0 0.21328125 0.11484375 0.2921875 0.2296875
0 0.33046875 0.05390625 0.2171875 0.1078125
0 0.0953125 0.8578125 0.190625 0.171875
0 0.2703125 0.709375 0.0796875 0.103125
0 0.33203125 0.671875 0.0859375 0.0828125