0 0.70234375 0.7671875 0.3296875 0.34375
0 0.59296875 0.496875 0.3296875 0.278125
0 0.17734375 0.78984375 0.2921875 0.2875
0 0.140625 0.61875 0.28125 0.53125
0 0.40078125 0.58984375 0.190625 0.190625
0 0.36796875 0.2921875 0.1984375 0.184375
0 0.18046875 0.18515625 0.2984375 0.2234375
0 0.46015625 0.09765625 0.3046875 0.1953125
0 0.76015625 0.11796875 0.3609375 0.2359375
0 0.87265625 0.325 0.2546875 0.35625
0 0.92265625 0.57421875 0.1546875 0.2140625
0 0.446875 0.9203125 0.16875 0.159375
0 0.3515625 0.840625 0.2328125 0.2765625
0 0.52421875 0.78359375 0.225 0.2265625
0 0.1359375 0.41328125 0.271875 0.2515625
0 0.65859375 0.2046875 0.2453125 0.1953125
0 0.75078125 0.6015625 0.221875 0.1859375
0 0.52578125 0.3859375 0.196875 0.1484375
0 0.3546875 0.47421875 0.1734375 0.1265625