0 0.43203125 0.1671875 0.1171875 0.10625
0 0.690625 0.2578125 0.18125 0.153125
0 0.553125 0.3515625 0.153125 0.140625
0 0.5734375 0.43828125 0.178125 0.165625
0 0.6203125 0.4921875 0.1609375 0.1578125
0 0.6875 0.42109375 0.109375 0.0875
0 0.31875 0.2453125 0.1984375 0.1734375
0 0.38203125 0.31640625 0.228125 0.190625
0 0.42265625 0.38515625 0.1375 0.13125
0 0.36328125 0.43671875 0.165625 0.1421875
0 0.4390625 0.46171875 0.0921875 0.1265625
0 0.271875 0.47265625 0.13125 0.121875
0 0.190625 0.471875 0.0984375 0.096875
0 0.26484375 0.5296875 0.171875 0.121875
0 0.3390625 0.5734375 0.1109375 0.0984375
0 0.29296875 0.6515625 0.159375 0.146875
0 0.41171875 0.59453125 0.1640625 0.1703125
0 0.53203125 0.6109375 0.1546875 0.153125
0 0.3921875 0.74296875 0.1140625 0.11875
0 0.59375 0.73046875 0.0859375 0.140625
0 0.93203125 0.5625 0.1359375 0.15625
0 0.87421875 0.915625 0.1015625 0.1046875