0 0.5046875 0.190625 0.1671875 0.190625
0 0.67734375 0.38046875 0.2125 0.16875
0 0.653125 0.528125 0.115625 0.1125
0 0.77578125 0.46640625 0.0875 0.0796875
0 0.82734375 0.34453125 0.1546875 0.1265625
0 0.7390625 0.12421875 0.146875 0.134375
0 0.66640625 0.01953125 0.1234375 0.0390625
0 0.5625 0.04921875 0.078125 0.0765625
0 0.37890625 0.11484375 0.078125 0.090625
0 0.3234375 0.05703125 0.065625 0.065625
0 0.2859375 0.33203125 0.10625 0.1046875
0 0.365625 0.6875 0.1046875 0.090625
0 0.1453125 0.5921875 0.071875 0.0765625
0 0.0375 0.24453125 0.0546875 0.0703125
0 0.03359375 0.50859375 0.0671875 0.0765625
0 0.525 0.4296875 0.071875 0.078125
0 0.43515625 0.05 0.0515625 0.0703125