0 0.80703125 0.76875 0.1796875 0.203125
0 0.8328125 0.4359375 0.0921875 0.146875
0 0.87890625 0.2859375 0.0671875 0.1171875
0 0.7828125 0.1578125 0.1 0.2046875
0 0.6453125 0.25703125 0.078125 0.1609375
0 0.615625 0.33671875 0.1546875 0.2078125
0 0.55546875 0.421875 0.1796875 0.190625
0 0.64296875 0.6171875 0.1875 0.16875
0 0.7578125 0.609375 0.115625 0.1515625
0 0.746875 0.4640625 0.1078125 0.178125
0 0.6046875 0.6921875 0.1640625 0.1921875
0 0.61484375 0.8140625 0.090625 0.13125
0 0.6765625 0.80234375 0.0875 0.1140625
0 0.38046875 0.896875 0.059375 0.0484375
0 0.36328125 0.81640625 0.046875 0.053125
0 0.39296875 0.83671875 0.040625 0.0546875
0 0.44921875 0.83515625 0.0515625 0.0578125
0 0.47109375 0.790625 0.0453125 0.0796875
0 0.21796875 0.81484375 0.046875 0.0546875
0 0.15 0.80859375 0.05625 0.0796875
0 0.30078125 0.5203125 0.1234375 0.153125
0 0.08125 0.0921875 0.05625 0.0484375
0 0.07421875 0.290625 0.05 0.0640625
0 0.48359375 0.51328125 0.221875 0.2421875