0 0.0515625 0.13828125 0.103125 0.1546875
0 0.059375 0.2765625 0.11875 0.1375
0 0.2140625 0.1421875 0.1984375 0.215625
0 0.3484375 0.19296875 0.153125 0.15625
0 0.51328125 0.16640625 0.23125 0.2359375
0 0.4359375 0.0578125 0.096875 0.115625
0 0.85625 0.0546875 0.19375 0.109375
0 0.834375 0.11875 0.1296875 0.165625
0 0.68984375 0.1578125 0.23125 0.2328125
0 0.67734375 0.37421875 0.146875 0.178125
0 0.78359375 0.27421875 0.1078125 0.1890625
0 0.87578125 0.27421875 0.2171875 0.19375
0 0.884375 0.403125 0.23125 0.33125
0 0.85 0.628125 0.3 0.265625
0 0.66953125 0.725 0.1390625 0.1609375
0 0.5421875 0.690625 0.175 0.1921875
0 0.5140625 0.7703125 0.228125 0.2390625
0 0.2578125 0.759375 0.2234375 0.1875
0 0.20859375 0.60390625 0.1375 0.171875
0 0.08125 0.64453125 0.1578125 0.2390625
0 0.1 0.82578125 0.1375 0.121875
0 0.12890625 0.92578125 0.1765625 0.1484375
0 0.2296875 0.42734375 0.3140625 0.2625
0 0.2984375 0.2984375 0.1734375 0.171875
0 0.40859375 0.31953125 0.1421875 0.1453125
0 0.54765625 0.3984375 0.2484375 0.2
0 0.4140625 0.5375 0.39375 0.35625