0 0.4359375 0.69453125 0.2828125 0.1953125
0 0.2328125 0.90859375 0.14375 0.1296875
0 0.1296875 0.8625 0.0765625 0.05
0 0.30234375 0.540625 0.0734375 0.0671875
0 0.5484375 0.296875 0.2046875 0.2015625
0 0.7625 0.55703125 0.1015625 0.06875
0 0.821875 0.65703125 0.071875 0.046875
0 0.51484375 0.5453125 0.04375 0.05
0 0.6015625 0.80625 0.2234375 0.159375
0 0.565625 0.865625 0.1515625 0.1203125
0 0.2125 0.38359375 0.075 0.06875
0 0.9109375 0.75234375 0.178125 0.2203125
0 0.53046875 0.40078125 0.0671875 0.0578125