0 0.90859375 0.3359375 0.1546875 0.0984375
0 0.9046875 0.11015625 0.109375 0.15625
0 0.66328125 0.0125 0.0796875 0.025
0 0.71953125 0.3140625 0.0984375 0.1046875
0 0.61171875 0.21171875 0.0765625 0.090625
0 0.5 0.1734375 0.084375 0.075
0 0.4484375 0.1015625 0.075 0.078125
0 0.434375 0.04375 0.0734375 0.071875
0 0.49609375 0.03671875 0.071875 0.065625
0 0.496875 0.09921875 0.05 0.0609375
0 0.33515625 0.15 0.084375 0.096875
0 0.17109375 0.140625 0.2546875 0.2078125
0 0.1203125 0.2171875 0.1390625 0.1203125
0 0.2171875 0.2765625 0.0453125 0.0609375
0 0.39296875 0.35 0.075 0.0796875
0 0.35390625 0.46328125 0.1515625 0.1390625
0 0.44765625 0.48125 0.0765625 0.0625
0 0.4515625 0.540625 0.0671875 0.0734375
0 0.35703125 0.5453125 0.084375 0.071875
0 0.16796875 0.47109375 0.146875 0.0953125
0 0.19296875 0.5359375 0.16875 0.125
0 0.1203125 0.32109375 0.1671875 0.1109375
0 0.1890625 0.409375 0.0828125 0.1125
0 0.634375 0.52578125 0.0859375 0.084375
0 0.88828125 0.609375 0.1328125 0.103125
0 0.55 0.36171875 0.125 0.1015625
0 0.51328125 0.3 0.0765625 0.046875
0 0.20078125 0.72578125 0.1296875 0.1234375