0 0.615625 0.38671875 0.0859375 0.1609375
0 0.62109375 0.1234375 0.096875 0.1546875
0 0.70234375 0.1 0.065625 0.09375
0 0.8 0.20546875 0.0796875 0.0890625
0 0.503125 0.06796875 0.0625 0.1
0 0.4171875 0.13203125 0.096875 0.0921875
0 0.44921875 0.3109375 0.0671875 0.084375
0 0.2546875 0.54453125 0.0578125 0.0625
0 0.26484375 0.6 0.0453125 0.0875
0 0.30625 0.57890625 0.04375 0.08125
0 0.38515625 0.66328125 0.0421875 0.0765625
0 0.42734375 0.440625 0.0625 0.075
0 0.39140625 0.34375 0.040625 0.096875
0 0.3515625 0.85 0.053125 0.0984375
0 0.2421875 0.7375 0.0765625 0.0859375
0 0.28671875 0.109375 0.065625 0.084375
0 0.81640625 0.8890625 0.1515625 0.175
0 0.52578125 0.43046875 0.06875 0.1015625
0 0.5359375 0.23203125 0.0578125 0.08125
0 0.50078125 0.34296875 0.0671875 0.115625
0 0.49375 0.5125 0.0515625 0.0765625
0 0.475 0.62421875 0.0515625 0.06875