0 0.5546875 0.859375 0.1640625 0.121875
0 0.6109375 0.9515625 0.0390625 0.071875
0 0.6890625 0.95703125 0.0484375 0.053125
0 0.68359375 0.88359375 0.046875 0.0484375
0 0.72890625 0.8265625 0.065625 0.053125
0 0.875 0.8265625 0.1015625 0.103125
0 0.853125 0.65703125 0.0671875 0.121875
0 0.8109375 0.7109375 0.075 0.075
0 0.8171875 0.3046875 0.1296875 0.1375
0 0.6 0.48203125 0.1515625 0.19375
0 0.5875 0.64609375 0.1328125 0.15
0 0.38046875 0.4609375 0.146875 0.14375
0 0.32421875 0.31015625 0.0859375 0.08125
0 0.42265625 0.36640625 0.0984375 0.075
0 0.559375 0.85859375 0.1671875 0.11875
0 0.34375 0.94296875 0.1296875 0.0875
0 0.1375 0.80546875 0.1 0.1515625
0 0.06484375 0.64140625 0.1171875 0.0921875
0 0.22109375 0.5390625 0.06875 0.1359375
0 0.2671875 0.41796875 0.06875 0.1453125
0 0.41953125 0.6546875 0.0984375 0.103125
0 0.43125 0.7859375 0.0609375 0.0703125
0 0.50234375 0.7203125 0.0515625 0.065625
0 0.7265625 0.82890625 0.0640625 0.0515625
0 0.36875 0.19921875 0.115625 0.1796875
0 0.85859375 0.0859375 0.1328125 0.1421875
0 0.37421875 0.7390625 0.0515625 0.0828125
0 0.36015625 0.85234375 0.059375 0.0484375
0 0.78125 0.50625 0.146875 0.1140625
0 0.7390625 0.584375 0.090625 0.1265625
0 0.8015625 0.79765625 0.09375 0.0734375
0 0.70546875 0.73203125 0.040625 0.103125
0 0.90546875 0.56484375 0.0828125 0.1171875