0 0.31015625 0.82421875 0.1390625 0.1609375
0 0.12265625 0.61015625 0.1625 0.159375
0 0.26015625 0.63515625 0.1890625 0.1546875
0 0.35 0.58828125 0.1328125 0.121875
0 0.4265625 0.7796875 0.1234375 0.121875
0 0.59296875 0.640625 0.1609375 0.1640625
0 0.6890625 0.5953125 0.1484375 0.1484375
0 0.94609375 0.75 0.1078125 0.15
0 0.921875 0.6328125 0.15625 0.140625
0 0.209375 0.36171875 0.1640625 0.16875
0 0.21640625 0.48359375 0.1625 0.1390625
0 0.078125 0.50234375 0.15625 0.1390625
0 0.0578125 0.42421875 0.115625 0.1046875
0 0.3109375 0.33359375 0.1828125 0.1609375
0 0.4 0.446875 0.1578125 0.1359375
0 0.5921875 0.18984375 0.1875 0.1703125
0 0.74375 0.05390625 0.16875 0.1078125
0 0.1734375 0.12265625 0.1546875 0.1234375
0 0.08828125 0.33984375 0.1765625 0.1609375