0 0.5671875 0.80703125 0.1921875 0.2796875
0 0.571875 0.61640625 0.234375 0.3234375
0 0.8625 0.43828125 0.275 0.3265625
0 0.40625 0.41875 0.2171875 0.2203125
0 0.18828125 0.73125 0.2109375 0.2078125
0 0.24296875 0.30859375 0.1328125 0.221875
0 0.596875 0.28828125 0.16875 0.284375
0 0.69921875 0.3640625 0.171875 0.28125
0 0.64375 0.90859375 0.29375 0.1828125
0 0.36640625 0.84296875 0.14375 0.15
0 0.78203125 0.63203125 0.2125 0.2046875
0 0.81484375 0.15703125 0.1625 0.2203125
0 0.68359375 0.1328125 0.14375 0.221875