0 0.83203125 0.78125 0.159375 0.1265625
0 0.2453125 0.53515625 0.259375 0.159375
0 0.22265625 0.68203125 0.2 0.1578125
0 0.40546875 0.6140625 0.065625 0.084375
0 0.4453125 0.46953125 0.05625 0.0734375
0 0.23125 0.9328125 0.0828125 0.065625
0 0.06953125 0.63671875 0.125 0.1171875
0 0.0828125 0.72890625 0.13125 0.146875
0 0.07734375 0.44140625 0.1546875 0.0953125
0 0.03046875 0.3921875 0.0609375 0.078125
0 0.40234375 0.5046875 0.046875 0.0578125
0 0.6296875 0.603125 0.1 0.125
0 0.765625 0.28515625 0.0953125 0.121875
0 0.61875 0.275 0.078125 0.13125
0 0.66484375 0.31484375 0.071875 0.0859375
0 0.86171875 0.5390625 0.090625 0.0765625
0 0.81640625 0.459375 0.065625 0.0578125