0 0.16875 0.42265625 0.121875 0.2671875
0 0.5578125 0.4328125 0.15625 0.1828125
0 0.6375 0.59140625 0.165625 0.2453125
0 0.521875 0.2265625 0.140625 0.18125
0 0.86796875 0.26640625 0.159375 0.2609375
0 0.903125 0.16015625 0.178125 0.184375
0 0.55078125 0.9140625 0.125 0.1609375
0 0.40859375 0.7203125 0.1125 0.1765625
0 0.80234375 0.978125 0.1109375 0.04375
0 0.77734375 0.76484375 0.11875 0.153125
0 0.60234375 0.3171875 0.09375 0.1296875
0 0.6390625 0.140625 0.103125 0.103125
0 0.75234375 0.146875 0.1109375 0.1265625
0 0.690625 0.4640625 0.096875 0.11875
0 0.165625 0.6640625 0.075 0.1453125