0 0.44140625 0.3296875 0.0828125 0.0703125
0 0.1828125 0.375 0.0625 0.078125
0 0.4859375 0.38671875 0.075 0.0828125
0 0.4578125 0.4484375 0.09375 0.08125
0 0.475 0.53671875 0.0890625 0.084375
0 0.53046875 0.50546875 0.0734375 0.071875
0 0.28671875 0.60546875 0.071875 0.0671875
0 0.35703125 0.5046875 0.05625 0.0703125
0 0.30625 0.64375 0.065625 0.0890625
0 0.34453125 0.62109375 0.04375 0.05
0 0.425 0.61015625 0.05625 0.065625
0 0.37265625 0.66953125 0.0421875 0.0703125
0 0.33515625 0.88359375 0.1140625 0.11875
0 0.03828125 0.93359375 0.0515625 0.059375
0 0.73359375 0.62578125 0.090625 0.0765625
0 0.58671875 0.75234375 0.103125 0.1703125
0 0.684375 0.81640625 0.121875 0.134375
0 0.7234375 0.76015625 0.0734375 0.071875
0 0.928125 0.46171875 0.06875 0.0984375
0 0.90703125 0.63203125 0.1 0.10625
0 0.85703125 0.55 0.06875 0.0640625
0 0.8296875 0.4578125 0.0484375 0.0640625
0 0.95078125 0.81796875 0.05625 0.109375
0 0.9484375 0.7734375 0.0453125 0.084375
0 0.74453125 0.34375 0.0390625 0.0421875
0 0.72578125 0.334375 0.059375 0.084375
0 0.6328125 0.3140625 0.059375 0.0875