0 0.0875 0.5984375 0.0578125 0.121875
0 0.13984375 0.56953125 0.08125 0.0640625
0 0.23046875 0.578125 0.08125 0.09375
0 0.39453125 0.69921875 0.0875 0.125
0 0.6203125 0.57265625 0.0984375 0.1046875
0 0.6421875 0.63515625 0.065625 0.08125
0 0.80234375 0.546875 0.10625 0.10625
0 0.596875 0.509375 0.075 0.1265625
0 0.63984375 0.46328125 0.0390625 0.0953125
0 0.5828125 0.4078125 0.1234375 0.1453125
0 0.70703125 0.28984375 0.075 0.0953125
0 0.74921875 0.32578125 0.0515625 0.06875
0 0.67265625 0.09765625 0.096875 0.115625
0 0.8515625 0.0125 0.046875 0.025
0 0.53125 0.28984375 0.1015625 0.1203125
0 0.565625 0.32421875 0.0625 0.078125
0 0.30546875 0.240625 0.1046875 0.1078125
0 0.3640625 0.45234375 0.071875 0.08125
0 0.321875 0.46328125 0.08125 0.1328125
0 0.16796875 0.49921875 0.065625 0.0875
0 0.05859375 0.30390625 0.075 0.084375
0 0.01953125 0.21484375 0.0390625 0.1328125
0 0.47890625 0.484375 0.065625 0.096875
0 0.321875 0.66875 0.053125 0.05