0 0.946875 0.59453125 0.103125 0.0828125
0 0.9140625 0.81875 0.09375 0.0953125
0 0.35 0.83359375 0.1734375 0.1671875
0 0.1625 0.565625 0.234375 0.11875
0 0.33515625 0.51171875 0.1 0.059375
0 0.31171875 0.43828125 0.1125 0.08125
0 0.48046875 0.55546875 0.0640625 0.05625
0 0.12578125 0.95859375 0.14375 0.0734375
0 0.47109375 0.97265625 0.0578125 0.0546875
0 0.46953125 0.9234375 0.0640625 0.0640625
0 0.58359375 0.921875 0.059375 0.0859375
0 0.628125 0.70078125 0.0703125 0.1125
0 0.7546875 0.37421875 0.1265625 0.090625
0 0.884375 0.5015625 0.09375 0.08125
0 0.45546875 0.8453125 0.0671875 0.0578125
0 0.1921875 0.45390625 0.09375 0.05