0 0.56328125 0.82109375 0.240625 0.2265625
0 0.72109375 0.49296875 0.2453125 0.3125
0 0.79296875 0.16640625 0.1984375 0.2875
0 0.6796875 0.25546875 0.14375 0.2984375
0 0.6125 0.14140625 0.1875 0.2828125
0 0.5015625 0.28515625 0.1140625 0.3125
0 0.38984375 0.3140625 0.1109375 0.4140625
0 0.2953125 0.57421875 0.1359375 0.1484375
0 0.09453125 0.76953125 0.1625 0.1640625
0 0.09453125 0.3078125 0.0875 0.29375
0 0.21171875 0.43359375 0.053125 0.2265625
0 0.2671875 0.2046875 0.1109375 0.2078125
0 0.196875 0.1515625 0.059375 0.2640625
0 0.4484375 0.70546875 0.1296875 0.2515625
0 0.76328125 0.75546875 0.184375 0.265625
0 0.8609375 0.7125 0.18125 0.2546875
0 0.88203125 0.40078125 0.1734375 0.259375
0 0.58125 0.5421875 0.13125 0.3515625