0 0.76015625 0.30546875 0.1015625 0.1234375
0 0.17421875 0.5109375 0.1 0.1078125
0 0.12734375 0.3875 0.05625 0.071875
0 0.1484375 0.3015625 0.0796875 0.075
0 0.31796875 0.29453125 0.0921875 0.096875
0 0.3171875 0.17734375 0.065625 0.0765625
0 0.41171875 0.615625 0.05 0.084375
0 0.6625 0.64375 0.034375 0.0921875
0 0.7890625 0.58359375 0.0515625 0.0671875
0 0.33515625 0.6265625 0.04375 0.0734375
0 0.4046875 0.43125 0.0453125 0.05
0 0.553125 0.496875 0.040625 0.0734375
0 0.65234375 0.55234375 0.0390625 0.0703125
0 0.33671875 0.484375 0.06875 0.0671875
0 0.20859375 0.10390625 0.0453125 0.0765625
0 0.6484375 0.2109375 0.071875 0.08125
0 0.5765625 0.14609375 0.0890625 0.0640625