0 0.4359375 0.36328125 0.0609375 0.0890625
0 0.4453125 0.4421875 0.0671875 0.096875
0 0.58203125 0.5375 0.05625 0.0875
0 0.540625 0.59453125 0.0484375 0.0859375
0 0.52734375 0.78046875 0.059375 0.1109375
0 0.59921875 0.83125 0.0875 0.1
0 0.8 0.59921875 0.1203125 0.1359375
0 0.47578125 0.70625 0.05625 0.090625
0 0.43828125 0.590625 0.096875 0.084375
0 0.3921875 0.54140625 0.1125 0.1078125
0 0.3765625 0.63515625 0.0671875 0.1078125
0 0.31484375 0.4640625 0.090625 0.128125
0 0.26171875 0.4171875 0.0578125 0.0953125
0 0.21953125 0.4203125 0.08125 0.0890625
0 0.23359375 0.27421875 0.1265625 0.1265625
0 0.2578125 0.30625 0.0671875 0.0875
0 0.08125 0.440625 0.1046875 0.1484375
0 0.109375 0.58203125 0.0734375 0.109375
0 0.18203125 0.675 0.090625 0.1171875
0 0.01484375 0.5921875 0.0296875 0.10625
0 0.0578125 0.334375 0.0828125 0.0984375