0 0.7921875 0.84140625 0.1359375 0.309375
0 0.83515625 0.19296875 0.1375 0.196875
0 0.92265625 0.15703125 0.14375 0.140625
0 0.81484375 0.05078125 0.1140625 0.1015625
0 0.4109375 0.046875 0.1109375 0.0921875
0 0.27734375 0.0578125 0.1578125 0.1109375
0 0.21015625 0.1578125 0.178125 0.1609375
0 0.1046875 0.10234375 0.1671875 0.15
0 0.053125 0.16015625 0.10625 0.1078125
0 0.109375 0.259375 0.146875 0.1640625
0 0.0734375 0.3171875 0.14375 0.109375
0 0.22421875 0.36484375 0.203125 0.2
0 0.33984375 0.30078125 0.0953125 0.1109375
0 0.3953125 0.25 0.0640625 0.09375
0 0.4484375 0.23046875 0.1 0.13125
0 0.49609375 0.13671875 0.0703125 0.084375
0 0.634375 0.19921875 0.06875 0.2171875
0 0.7015625 0.2359375 0.1078125 0.2125
0 0.74375 0.40859375 0.0796875 0.2140625
0 0.79140625 0.3765625 0.06875 0.171875
0 0.91171875 0.3328125 0.1390625 0.1390625
0 0.87578125 0.5375 0.1140625 0.153125
0 0.91875 0.4609375 0.0828125 0.1078125
0 0.93984375 0.62734375 0.1203125 0.1640625
0 0.9546875 0.76875 0.090625 0.115625
0 0.696875 0.78671875 0.13125 0.215625
0 0.58046875 0.88203125 0.1234375 0.165625
0 0.665625 0.934375 0.1234375 0.1265625
0 0.57265625 0.53359375 0.171875 0.1890625
0 0.65703125 0.471875 0.065625 0.140625
0 0.421875 0.58828125 0.15625 0.1984375
0 0.2484375 0.64609375 0.1703125 0.1125
0 0.0390625 0.47578125 0.078125 0.1890625
0 0.1109375 0.5359375 0.1421875 0.1875
0 0.06328125 0.84765625 0.1171875 0.1796875
0 0.1109375 0.7828125 0.0703125 0.1171875
0 0.25390625 0.834375 0.1890625 0.2375
0 0.40703125 0.74375 0.0921875 0.146875
0 0.51484375 0.73125 0.078125 0.1328125
0 0.63203125 0.6484375 0.0703125 0.1265625
0 0.775 0.578125 0.0640625 0.1296875
0 0.3578125 0.909375 0.1109375 0.121875