0 0.55234375 0.61796875 0.084375 0.0734375
0 0.6671875 0.65703125 0.05 0.109375
0 0.9515625 0.49375 0.096875 0.11875
0 0.78984375 0.5078125 0.0890625 0.115625
0 0.75078125 0.43671875 0.06875 0.0953125
0 0.753125 0.3265625 0.115625 0.1078125
0 0.6984375 0.24296875 0.103125 0.1109375
0 0.84765625 0.22734375 0.1125 0.1171875
0 0.934375 0.3328125 0.0859375 0.1
0 0.88046875 0.084375 0.09375 0.08125
0 0.8859375 0.121875 0.0609375 0.05625
0 0.58671875 0.41953125 0.06875 0.0875
0 0.55234375 0.3390625 0.0703125 0.084375
0 0.45625 0.5265625 0.046875 0.0828125
0 0.33359375 0.5546875 0.084375 0.1171875
0 0.30859375 0.66640625 0.1015625 0.0953125
0 0.165625 0.57265625 0.0890625 0.0828125
0 0.21015625 0.50390625 0.0625 0.0828125
0 0.20390625 0.34921875 0.0953125 0.1171875
0 0.08203125 0.33203125 0.0875 0.1171875
0 0.09375 0.2515625 0.0734375 0.059375
0 0.07421875 0.54140625 0.0765625 0.134375
0 0.00703125 0.790625 0.0140625 0.053125
0 0.79453125 0.0953125 0.0625 0.0734375
0 0.325 0.2375 0.075 0.0984375
0 0.65703125 0.52734375 0.0453125 0.0859375