0 0.1078125 0.8234375 0.215625 0.2125
0 0.31171875 0.5109375 0.165625 0.140625
0 0.28828125 0.740625 0.1046875 0.10625
0 0.24140625 0.796875 0.0625 0.0875
0 0.26484375 0.828125 0.0625 0.0640625
0 0.3484375 0.95 0.0828125 0.0703125
0 0.42109375 0.95703125 0.078125 0.059375
0 0.37890625 0.87734375 0.0953125 0.078125
0 0.51171875 0.628125 0.1140625 0.0953125
0 0.66171875 0.6984375 0.134375 0.10625
0 0.86171875 0.703125 0.2078125 0.153125
0 0.9421875 0.60625 0.10625 0.09375
0 0.85625 0.925 0.121875 0.15
0 0.925 0.43671875 0.1375 0.10625
0 0.6140625 0.48046875 0.1125 0.1078125
0 0.43828125 0.453125 0.0796875 0.0734375
0 0.3421875 0.4296875 0.090625 0.0765625
0 0.22109375 0.4296875 0.171875 0.121875
0 0.19140625 0.49140625 0.1453125 0.0953125
0 0.1734375 0.55859375 0.10625 0.1265625
0 0.11015625 0.63515625 0.15625 0.128125
0 0.18984375 0.69140625 0.0578125 0.0625
0 0.36875 0.6359375 0.084375 0.1015625
0 0.4421875 0.83671875 0.071875 0.078125
0 0.5625 0.81015625 0.0828125 0.09375
0 0.078125 0.725 0.1359375 0.121875
0 0.14921875 0.34375 0.096875 0.1046875
0 0.21875 0.22265625 0.1671875 0.1171875
0 0.06640625 0.44140625 0.1203125 0.13125