0 0.67890625 0.196875 0.190625 0.346875
0 0.3921875 0.06015625 0.240625 0.1203125
0 0.84296875 0.2625 0.1640625 0.390625
0 0.40078125 0.853125 0.1296875 0.228125
0 0.265625 0.796875 0.184375 0.1953125
0 0.1734375 0.8828125 0.15625 0.1359375
0 0.21328125 0.65390625 0.221875 0.2109375
0 0.05859375 0.63203125 0.1171875 0.1671875
0 0.09921875 0.67890625 0.1328125 0.128125
0 0.36015625 0.659375 0.1796875 0.2265625
0 0.4140625 0.40390625 0.15 0.3125
0 0.2125 0.48359375 0.1625 0.178125
0 0.49375 0.146875 0.15 0.278125
0 0.60859375 0.42578125 0.040625 0.05
0 0.63671875 0.50625 0.059375 0.0671875
0 0.665625 0.446875 0.04375 0.0546875
0 0.540625 0.63828125 0.046875 0.090625
0 0.4671875 0.6546875 0.053125 0.071875
0 0.5421875 0.46328125 0.0625 0.084375
0 0.5171875 0.53671875 0.053125 0.0796875
0 0.44453125 0.87109375 0.0453125 0.0625
0 0.51328125 0.87734375 0.0671875 0.0796875
0 0.8625 0.74375 0.05625 0.0703125