0 0.615625 0.45703125 0.315625 0.2875
0 0.765625 0.26796875 0.2734375 0.2515625
0 0.503125 0.13046875 0.203125 0.1796875
0 0.34453125 0.1671875 0.1984375 0.2015625
0 0.1640625 0.259375 0.21875 0.1859375
0 0.12578125 0.40234375 0.2515625 0.2796875
0 0.18046875 0.603125 0.303125 0.21875
0 0.1078125 0.9125 0.215625 0.128125
0 0.8015625 0.70625 0.228125 0.175
0 0.6859375 0.9046875 0.265625 0.190625
0 0.5296875 0.79140625 0.2015625 0.18125
0 0.39375 0.5140625 0.1796875 0.140625
0 0.39375 0.6671875 0.178125 0.1265625
0 0.32421875 0.82578125 0.2609375 0.1296875
0 0.32265625 0.91015625 0.275 0.178125
0 0.45 0.34375 0.1890625 0.2
0 0.384375 0.40234375 0.1890625 0.1703125
0 0.91875 0.3640625 0.1625 0.175
0 0.9 0.5625 0.1390625 0.15
0 0.16015625 0.0515625 0.1859375 0.103125
0 0.240625 0.1953125 0.125 0.1640625
0 0.60234375 0.26875 0.1140625 0.121875
0 0.48046875 0.71171875 0.1671875 0.1453125