0 0.37265625 0.30546875 0.10625 0.0875
0 0.24765625 0.37578125 0.1640625 0.1265625
0 0.5234375 0.36953125 0.1078125 0.0828125
0 0.54375 0.14609375 0.078125 0.0890625
0 0.4453125 0.14453125 0.0671875 0.125
0 0.5921875 0.1421875 0.0515625 0.06875
0 0.621875 0.059375 0.0765625 0.0984375
0 0.66640625 0.11015625 0.078125 0.0734375
0 0.7265625 0.1234375 0.0828125 0.0765625
0 0.81640625 0.1625 0.128125 0.1125
0 0.746875 0.25 0.0859375 0.0625
0 0.8453125 0.3546875 0.1296875 0.0890625
0 0.8328125 0.425 0.1609375 0.115625
0 0.778125 0.484375 0.140625 0.090625
0 0.71953125 0.515625 0.115625 0.0859375
0 0.709375 0.57109375 0.0859375 0.0609375
0 0.75859375 0.61484375 0.0703125 0.0734375
0 0.8328125 0.7515625 0.19375 0.1359375
0 0.60234375 0.53515625 0.0828125 0.08125
0 0.59296875 0.5015625 0.059375 0.065625
0 0.60390625 0.290625 0.0609375 0.0578125
0 0.65859375 0.3296875 0.0703125 0.0921875
0 0.5921875 0.22734375 0.06875 0.0609375
0 0.50390625 0.07734375 0.0609375 0.0484375
0 0.06328125 0.22578125 0.05625 0.084375
0 0.140625 0.33515625 0.084375 0.0828125
0 0.14921875 0.11015625 0.1140625 0.096875