0 0.278125 0.29296875 0.0765625 0.1109375
0 0.253125 0.31953125 0.08125 0.096875
0 0.3421875 0.2796875 0.0609375 0.09375
0 0.3171875 0.27578125 0.0671875 0.1140625
0 0.478125 0.3375 0.0390625 0.065625
0 0.521875 0.3703125 0.046875 0.0796875
0 0.5125 0.41796875 0.0421875 0.0609375
0 0.48984375 0.40390625 0.0421875 0.0453125
0 0.45234375 0.3671875 0.0546875 0.0609375
0 0.4546875 0.4140625 0.05 0.046875
0 0.79609375 0.56875 0.0390625 0.0546875
0 0.93203125 0.72578125 0.03125 0.053125
0 0.1796875 0.21171875 0.0515625 0.0859375
0 0.1578125 0.228125 0.04375 0.0671875
0 0.1421875 0.234375 0.0421875 0.0640625
0 0.1296875 0.265625 0.0671875 0.0734375
0 0.096875 0.27109375 0.0625 0.071875
0 0.0734375 0.2859375 0.0546875 0.0515625
0 0.375 0.396875 0.05 0.0375
0 0.071875 0.15859375 0.0484375 0.078125