0 0.0875 0.45078125 0.175 0.1140625
0 0.35703125 0.896875 0.203125 0.1828125
0 0.49296875 0.84765625 0.2109375 0.2140625
0 0.6421875 0.84609375 0.1703125 0.128125
0 0.471875 0.71640625 0.1859375 0.165625
0 0.37109375 0.63125 0.1625 0.1453125
0 0.1609375 0.60546875 0.146875 0.1609375
0 0.26875 0.51328125 0.1625 0.11875
0 0.384375 0.553125 0.1609375 0.1609375
0 0.45078125 0.54453125 0.171875 0.1765625
0 0.4234375 0.45625 0.1640625 0.1328125
0 0.43203125 0.3578125 0.184375 0.1453125
0 0.64609375 0.52265625 0.19375 0.153125
0 0.540625 0.5171875 0.1609375 0.1625
0 0.6671875 0.7359375 0.203125 0.171875
0 0.76328125 0.7015625 0.1875 0.159375
0 0.82890625 0.8203125 0.190625 0.1546875
0 0.7828125 0.95078125 0.1125 0.0984375