0 0.4796875 0.20703125 0.196875 0.4140625
0 0.72734375 0.58671875 0.3390625 0.3015625
0 0.76796875 0.87734375 0.1734375 0.2265625
0 0.65 0.8640625 0.121875 0.1375
0 0.5625 0.86328125 0.1234375 0.13125
0 0.6984375 0.8046875 0.1328125 0.1109375
0 0.8390625 0.75546875 0.1328125 0.165625
0 0.946875 0.88125 0.10625 0.159375
0 0.75 0.23046875 0.1328125 0.203125
0 0.7 0.128125 0.078125 0.25625
0 0.6734375 0.4109375 0.09375 0.1546875
0 0.5453125 0.46484375 0.178125 0.215625
0 0.47109375 0.66640625 0.0546875 0.196875
0 0.5171875 0.59765625 0.109375 0.115625
0 0.52421875 0.74453125 0.090625 0.13125
0 0.43359375 0.90078125 0.0953125 0.1296875
0 0.36484375 0.90625 0.084375 0.109375
0 0.2828125 0.7390625 0.1875 0.1953125
0 0.36953125 0.6203125 0.090625 0.134375
0 0.140625 0.3578125 0.215625 0.2171875
0 0.3015625 0.3765625 0.109375 0.125
0 0.13359375 0.67109375 0.0671875 0.1125