0 0.08671875 0.41953125 0.16875 0.090625
0 0.203125 0.29375 0.134375 0.15
0 0.40625 0.40390625 0.1609375 0.153125
0 0.46171875 0.43046875 0.159375 0.1421875
0 0.39453125 0.61015625 0.1609375 0.09375
0 0.5484375 0.4953125 0.1421875 0.165625
0 0.65 0.5328125 0.1875 0.1625
0 0.73046875 0.3265625 0.18125 0.165625
0 0.74765625 0.20390625 0.1546875 0.1109375
0 0.60625 0.159375 0.1828125 0.1890625
0 0.54375 0.275 0.1671875 0.1375
0 0.421875 0.32578125 0.1515625 0.125
0 0.290625 0.40546875 0.1546875 0.1046875
0 0.9171875 0.2875 0.165625 0.125
0 0.62578125 0.48984375 0.140625 0.140625
0 0.8125 0.3921875 0.1703125 0.1578125
0 0.48984375 0.084375 0.184375 0.15625