0 0.5140625 0.3859375 0.075 0.10625
0 0.5421875 0.45234375 0.075 0.0890625
0 0.06484375 0.70703125 0.096875 0.1140625
0 0.4078125 0.87734375 0.103125 0.1109375
0 0.409375 0.7046875 0.0609375 0.0890625
0 0.509375 0.76953125 0.10625 0.14375
0 0.49765625 0.70859375 0.0625 0.0890625
0 0.68359375 0.4515625 0.1015625 0.075
0 0.65859375 0.54609375 0.1 0.1328125
0 0.75078125 0.4765625 0.0546875 0.078125
0 0.875 0.6796875 0.0671875 0.078125
0 0.93515625 0.678125 0.0875 0.1015625
0 0.92890625 0.5203125 0.0625 0.0578125
0 0.909375 0.44296875 0.0421875 0.0859375
0 0.790625 0.4125 0.0484375 0.0671875
0 0.6875 0.31328125 0.090625 0.1125
0 0.36953125 0.58125 0.0375 0.0703125
0 0.3796875 0.7984375 0.06875 0.090625
0 0.23125 0.89140625 0.0703125 0.078125
0 0.7921875 0.56015625 0.0734375 0.0984375
0 0.72109375 0.74140625 0.040625 0.1046875
0 0.57265625 0.6796875 0.0546875 0.0828125
0 0.52109375 0.5171875 0.071875 0.0875