0 0.37109375 0.2828125 0.1328125 0.1546875
0 0.25390625 0.56171875 0.1140625 0.0890625
0 0.3453125 0.04609375 0.13125 0.0921875
0 0.55625 0.12578125 0.21875 0.2
0 0.53671875 0.22734375 0.1265625 0.109375
0 0.72109375 0.446875 0.11875 0.10625
0 0.67265625 0.39140625 0.078125 0.0625
0 0.50859375 0.52578125 0.1109375 0.146875
0 0.521875 0.37578125 0.0765625 0.1328125
0 0.4671875 0.33203125 0.15625 0.1265625
0 0.66171875 0.81640625 0.059375 0.05
0 0.77421875 0.77734375 0.1125 0.0796875
0 0.79453125 0.8703125 0.046875 0.06875
0 0.7328125 0.86328125 0.0828125 0.065625
0 0.771875 0.2671875 0.1125 0.1078125
0 0.675 0.24921875 0.0359375 0.0703125
0 0.865625 0.196875 0.0609375 0.084375
0 0.66171875 0.16015625 0.0671875 0.0578125
0 0.61640625 0.2484375 0.0640625 0.053125
0 0.61484375 0.38125 0.0515625 0.1203125
0 0.60859375 0.51171875 0.08125 0.09375
0 0.90546875 0.38671875 0.09375 0.0875
0 0.93671875 0.21171875 0.0640625 0.090625
0 0.875 0.28359375 0.0578125 0.0421875
0 0.7859375 0.18359375 0.0359375 0.04375
0 0.83515625 0.5296875 0.15625 0.1390625
0 0.91953125 0.73671875 0.0703125 0.0609375
0 0.934375 0.3109375 0.0671875 0.0640625