0 0.31015625 0.659375 0.378125 0.315625
0 0.59140625 0.25546875 0.4984375 0.5109375
0 0.26328125 0.065625 0.1296875 0.13125
0 0.38359375 0.0375 0.1203125 0.075
0 0.35703125 0.23984375 0.1234375 0.1828125
0 0.24296875 0.35390625 0.140625 0.1921875
0 0.396875 0.4296875 0.109375 0.23125
0 0.71796875 0.4015625 0.19375 0.3703125
0 0.49921875 0.51875 0.1046875 0.0921875
0 0.38671875 0.58515625 0.09375 0.1296875
0 0.1640625 0.88203125 0.109375 0.153125
0 0.09921875 0.23828125 0.1546875 0.2078125
0 0.75703125 0.81015625 0.14375 0.2359375
0 0.9328125 0.57421875 0.134375 0.1953125
0 0.9203125 0.3265625 0.159375 0.315625