0 0.23046875 0.9015625 0.2234375 0.190625
0 0.37734375 0.96015625 0.0953125 0.0765625
0 0.5046875 0.975 0.08125 0.05
0 0.82890625 0.81796875 0.09375 0.084375
0 0.8734375 0.58984375 0.1015625 0.0890625
0 0.85390625 0.378125 0.1203125 0.0765625
0 0.378125 0.5203125 0.096875 0.0671875
0 0.234375 0.46640625 0.115625 0.0640625
0 0.1546875 0.6453125 0.0765625 0.0453125
0 0.1796875 0.75625 0.11875 0.084375
0 0.10703125 0.45546875 0.1140625 0.0796875
0 0.2671875 0.54765625 0.0890625 0.0453125
0 0.28125 0.64609375 0.1 0.0765625
0 0.41015625 0.90859375 0.046875 0.0359375
0 0.51484375 0.85703125 0.053125 0.059375
0 0.49453125 0.83203125 0.0390625 0.04375
0 0.58125 0.66328125 0.071875 0.1078125
0 0.50859375 0.54921875 0.0765625 0.0640625
0 0.05234375 0.596875 0.0796875 0.0546875