0 0.690625 0.75859375 0.0890625 0.125
0 0.6515625 0.75078125 0.0609375 0.103125
0 0.59375 0.6359375 0.075 0.04375
0 0.58671875 0.6015625 0.0875 0.059375
0 0.6421875 0.62421875 0.0609375 0.075
0 0.68359375 0.67109375 0.040625 0.059375
0 0.67265625 0.6171875 0.059375 0.0640625
0 0.6890625 0.590625 0.040625 0.04375
0 0.71484375 0.60546875 0.0453125 0.04375
0 0.73359375 0.65 0.04375 0.0453125
0 0.728125 0.753125 0.084375 0.1265625
0 0.759375 0.75078125 0.0640625 0.0671875
0 0.76171875 0.70078125 0.0734375 0.096875
0 0.80703125 0.74140625 0.078125 0.090625
0 0.809375 0.68828125 0.05625 0.0703125
0 0.77265625 0.63671875 0.046875 0.0703125
0 0.8078125 0.64453125 0.0546875 0.0734375
0 0.82734375 0.6765625 0.05 0.053125
0 0.8609375 0.80390625 0.0625 0.075
0 0.88125 0.8375 0.04375 0.06875
0 0.87265625 0.77890625 0.075 0.075
0 0.86875 0.71171875 0.0515625 0.0734375
0 0.86640625 0.671875 0.05 0.059375
0 0.9203125 0.75234375 0.0578125 0.0625
0 0.903125 0.703125 0.0359375 0.0625
0 0.2171875 0.4703125 0.0390625 0.0625
0 0.63671875 0.46328125 0.05 0.0609375