0 0.45625 0.659375 0.0828125 0.0640625
0 0.5078125 0.63515625 0.0640625 0.0515625
0 0.47890625 0.5453125 0.096875 0.08125
0 0.3671875 0.47890625 0.040625 0.0578125
0 0.1671875 0.603125 0.0703125 0.1125
0 0.30625 0.39296875 0.0609375 0.0734375
0 0.32578125 0.35703125 0.06875 0.0640625
0 0.42890625 0.39140625 0.0453125 0.0640625
0 0.3953125 0.33984375 0.0390625 0.05
0 0.4296875 0.3203125 0.0640625 0.053125
0 0.7546875 0.6828125 0.0328125 0.0578125
0 0.73125 0.678125 0.05625 0.0796875
0 0.63984375 0.67734375 0.05625 0.1046875
0 0.55 0.403125 0.0890625 0.1234375
0 0.5125 0.48671875 0.071875 0.0875
0 0.5875 0.2953125 0.1078125 0.1578125
0 0.7578125 0.3796875 0.0890625 0.0859375
0 0.71328125 0.2078125 0.0921875 0.1484375
0 0.77734375 0.23671875 0.071875 0.1015625
0 0.9140625 0.5890625 0.06875 0.1359375
0 0.96640625 0.18828125 0.0390625 0.0703125
0 0.96328125 0.54453125 0.0734375 0.0890625