0 0.43671875 0.73125 0.0984375 0.11875
0 0.74140625 0.91171875 0.1046875 0.121875
0 0.8328125 0.7546875 0.10625 0.10625
0 0.93828125 0.61640625 0.1234375 0.1171875
0 0.72578125 0.54609375 0.090625 0.140625
0 0.61328125 0.4953125 0.0828125 0.1125
0 0.48203125 0.534375 0.0921875 0.1
0 0.246875 0.45234375 0.0859375 0.08125
0 0.225 0.2078125 0.1 0.1078125
0 0.0734375 0.35390625 0.0671875 0.0578125
0 0.58203125 0.3578125 0.0671875 0.0828125
0 0.70390625 0.7265625 0.0921875 0.1625
0 0.66328125 0.80078125 0.059375 0.08125
0 0.85 0.90390625 0.071875 0.1
0 0.90625 0.86328125 0.0671875 0.1328125