0 0.6671875 0.27890625 0.0625 0.153125
0 0.43203125 0.4625 0.078125 0.1078125
0 0.29296875 0.60859375 0.071875 0.109375
0 0.3046875 0.86484375 0.115625 0.125
0 0.18125 0.6734375 0.0484375 0.0828125
0 0.4734375 0.65078125 0.121875 0.1234375
0 0.521875 0.5625 0.046875 0.0765625
0 0.60859375 0.5265625 0.05625 0.0578125
0 0.6359375 0.52578125 0.0453125 0.1265625
0 0.6015625 0.42265625 0.08125 0.0828125
0 0.6546875 0.7359375 0.1203125 0.1078125
0 0.69375 0.3484375 0.0625 0.071875
0 0.48984375 0.346875 0.03125 0.0828125
0 0.96328125 0.54609375 0.0734375 0.1421875
0 0.95703125 0.3453125 0.078125 0.14375
0 0.86640625 0.43984375 0.0546875 0.059375
0 0.95234375 0.75625 0.0953125 0.2375
0 0.7265625 0.66640625 0.034375 0.0640625