0 0.41484375 0.28671875 0.146875 0.15
0 0.53828125 0.21796875 0.1828125 0.153125
0 0.60625 0.1 0.1515625 0.1796875
0 0.86953125 0.0859375 0.146875 0.1328125
0 0.7359375 0.1375 0.1796875 0.140625
0 0.73125 0.25703125 0.1953125 0.1765625
0 0.81875 0.30234375 0.159375 0.215625
0 0.9078125 0.1828125 0.1671875 0.1625
0 0.48125 0.41875 0.165625 0.175
0 0.546875 0.32421875 0.1203125 0.13125
0 0.57578125 0.434375 0.153125 0.178125
0 0.66484375 0.38125 0.134375 0.1328125
0 0.66015625 0.459375 0.2296875 0.171875
0 0.434375 0.60859375 0.1984375 0.1625
0 0.41640625 0.47890625 0.1453125 0.128125
0 0.421875 0.365625 0.1625 0.153125
0 0.29609375 0.41484375 0.14375 0.134375
0 0.1625 0.30859375 0.1609375 0.1765625
0 0.0515625 0.45234375 0.103125 0.1171875
0 0.45546875 0.053125 0.2015625 0.10625