0 0.91328125 0.25390625 0.1 0.10625
0 0.91796875 0.48671875 0.1125 0.128125
0 0.77890625 0.68515625 0.1296875 0.11875
0 0.88671875 0.1546875 0.053125 0.0484375
0 0.94140625 0.103125 0.06875 0.0703125
0 0.33359375 0.1046875 0.2453125 0.209375
0 0.48671875 0.03515625 0.1109375 0.0703125
0 0.47578125 0.078125 0.0703125 0.0765625
0 0.37265625 0.4671875 0.090625 0.0890625
0 0.26328125 0.50078125 0.1640625 0.1265625
0 0.10234375 0.36640625 0.184375 0.159375
0 0.25625 0.19296875 0.1109375 0.1140625
0 0.29765625 0.30078125 0.0984375 0.084375
0 0.28515625 0.396875 0.0796875 0.0765625
0 0.2546875 0.43671875 0.0546875 0.0421875
0 0.1375 0.4875 0.121875 0.08125
0 0.21171875 0.5140625 0.06875 0.08125
0 0.18984375 0.35703125 0.075 0.0625
0 0.21015625 0.29921875 0.0984375 0.0734375
0 0.5578125 0.14765625 0.06875 0.0578125
0 0.5046875 0.45 0.0734375 0.0671875
0 0.496875 0.21484375 0.065625 0.0671875
0 0.64140625 0.33515625 0.0875 0.090625
0 0.628125 0.05 0.0734375 0.078125