0 0.33671875 0.36953125 0.1109375 0.103125
0 0.35703125 0.2859375 0.096875 0.1015625
0 0.7 0.36875 0.075 0.09375
0 0.61640625 0.30390625 0.0640625 0.0703125
0 0.5671875 0.3953125 0.0734375 0.0859375
0 0.65 0.503125 0.053125 0.0796875
0 0.74140625 0.7453125 0.0828125 0.1265625
0 0.86484375 0.7140625 0.0796875 0.11875
0 0.96328125 0.63515625 0.053125 0.08125
0 0.9171875 0.82421875 0.090625 0.1171875
0 0.809375 0.86171875 0.121875 0.1171875
0 0.80078125 0.94296875 0.075 0.08125
0 0.71640625 0.9609375 0.0984375 0.078125
0 0.6078125 0.78984375 0.0984375 0.1109375
0 0.58515625 0.68359375 0.0796875 0.1078125
0 0.53203125 0.615625 0.05 0.0484375
0 0.17421875 0.59609375 0.096875 0.1484375
0 0.06953125 0.515625 0.0453125 0.08125
0 0.16953125 0.325 0.0828125 0.0828125
0 0.034375 0.6015625 0.06875 0.0875
0 0.09375 0.33203125 0.1046875 0.14375
0 0.2296875 0.396875 0.053125 0.10625
0 0.4234375 0.75859375 0.059375 0.1171875
0 0.490625 0.5015625 0.0484375 0.0703125
0 0.71171875 0.65546875 0.0609375 0.071875