0 0.309375 0.35390625 0.0765625 0.06875
0 0.44765625 0.3953125 0.059375 0.0609375
0 0.68515625 0.3875 0.103125 0.0796875
0 0.675 0.3109375 0.0703125 0.090625
0 0.85234375 0.35625 0.0765625 0.0765625
0 0.921875 0.35859375 0.0890625 0.1375
0 0.771875 0.409375 0.0390625 0.1
0 0.80703125 0.63046875 0.10625 0.1890625
0 0.75859375 0.58125 0.059375 0.090625
0 0.91953125 0.56015625 0.046875 0.0921875
0 0.9640625 0.6484375 0.0640625 0.078125
0 0.47109375 0.603125 0.040625 0.05
0 0.4109375 0.65 0.0734375 0.125
0 0.4625 0.63046875 0.0453125 0.071875
0 0.50390625 0.50234375 0.053125 0.0765625
0 0.28125 0.66171875 0.0578125 0.090625
0 0.24296875 0.96640625 0.0453125 0.0671875
0 0.2546875 0.94765625 0.040625 0.05625
0 0.23046875 0.73828125 0.071875 0.1125
0 0.3640625 0.79140625 0.0859375 0.084375
0 0.553125 0.75078125 0.0796875 0.1234375
0 0.59921875 0.440625 0.0734375 0.0703125
0 0.34765625 0.49453125 0.0546875 0.0671875
0 0.13359375 0.84375 0.1046875 0.1265625
0 0.12421875 0.91953125 0.065625 0.0515625
0 0.0515625 0.79765625 0.0703125 0.1078125