0 0.59921875 0.503125 0.075 0.1328125
0 0.61484375 0.44609375 0.115625 0.1125
0 0.6515625 0.37265625 0.065625 0.0796875
0 0.79375 0.475 0.109375 0.1359375
0 0.73125 0.684375 0.075 0.0890625
0 0.68984375 0.73359375 0.0765625 0.0984375
0 0.6390625 0.9234375 0.0859375 0.115625
0 0.40859375 0.30703125 0.0875 0.1296875
0 0.490625 0.5109375 0.065625 0.1015625
0 0.36953125 0.528125 0.0859375 0.09375
0 0.3265625 0.50390625 0.0765625 0.1390625
0 0.24140625 0.38203125 0.0640625 0.0796875
0 0.16953125 0.3875 0.071875 0.0625
0 0.175 0.46953125 0.0421875 0.0546875
0 0.096875 0.34609375 0.0625 0.103125
0 0.0421875 0.6546875 0.0765625 0.0984375
0 0.28125 0.73984375 0.1046875 0.1140625
0 0.50546875 0.71484375 0.1078125 0.125
0 0.54140625 0.68515625 0.0671875 0.065625
0 0.6390625 0.634375 0.0609375 0.06875
0 0.58359375 0.59453125 0.134375 0.165625
0 0.01328125 0.73828125 0.0265625 0.1609375