0 0.55 0.15703125 0.196875 0.1921875
0 0.61796875 0.36171875 0.1875 0.146875
0 0.8765625 0.67109375 0.175 0.1703125
0 0.29296875 0.33828125 0.196875 0.1796875
0 0.39609375 0.2765625 0.09375 0.0796875
0 0.36953125 0.3875 0.2140625 0.196875
0 0.51640625 0.4234375 0.1546875 0.125
0 0.5609375 0.4796875 0.1515625 0.1234375
0 0.64140625 0.4921875 0.0796875 0.0875
0 0.57421875 0.56796875 0.1734375 0.1328125
0 0.50546875 0.659375 0.1765625 0.1515625
0 0.40625 0.66328125 0.1953125 0.134375
0 0.290625 0.67578125 0.15625 0.0734375
0 0.35390625 0.725 0.146875 0.09375
0 0.4 0.78984375 0.1265625 0.1203125
0 0.278125 0.5609375 0.1515625 0.1515625
0 0.209375 0.51875 0.0828125 0.115625