0 0.4140625 0.32421875 0.1109375 0.1015625
0 0.43359375 0.1515625 0.0671875 0.1484375
0 0.6671875 0.15390625 0.075 0.075
0 0.63203125 0.09140625 0.053125 0.0515625
0 0.88125 0.165625 0.0578125 0.075
0 0.34765625 0.08515625 0.0671875 0.1515625
0 0.3484375 0.2125 0.0921875 0.1609375
0 0.2703125 0.334375 0.1296875 0.125
0 0.19921875 0.48515625 0.075 0.121875
0 0.13046875 0.625 0.0578125 0.1125
0 0.20859375 0.80546875 0.09375 0.2015625
0 0.26484375 0.71015625 0.071875 0.19375
0 0.3484375 0.6234375 0.125 0.1578125
0 0.41171875 0.575 0.1453125 0.1953125
0 0.41875 0.43046875 0.1453125 0.1625
0 0.17734375 0.93359375 0.0671875 0.1328125
0 0.9671875 0.78671875 0.065625 0.0796875
0 0.9828125 0.50703125 0.034375 0.0828125