0 0.05234375 0.71875 0.1046875 0.165625
0 0.46171875 0.48828125 0.1859375 0.171875
0 0.684375 0.67734375 0.215625 0.190625
0 0.79609375 0.85546875 0.2015625 0.1828125
0 0.8515625 0.9640625 0.115625 0.071875
0 0.66015625 0.95390625 0.1671875 0.0921875
0 0.6984375 0.8890625 0.209375 0.221875
0 0.5 0.93046875 0.178125 0.1390625
0 0.384375 0.84765625 0.1671875 0.196875
0 0.403125 0.76640625 0.2015625 0.209375
0 0.3046875 0.64921875 0.1890625 0.2453125
0 0.43828125 0.61875 0.196875 0.203125
0 0.5171875 0.7859375 0.171875 0.19375
0 0.57734375 0.71484375 0.1953125 0.2671875
0 0.63515625 0.73671875 0.1671875 0.190625
0 0.378125 0.46953125 0.1625 0.2328125