0 0.428125 0.69140625 0.09375 0.1078125
0 0.19296875 0.25859375 0.125 0.153125
0 0.328125 0.19375 0.1125 0.1265625
0 0.3953125 0.359375 0.0953125 0.1390625
0 0.51484375 0.2828125 0.1125 0.115625
0 0.6671875 0.4296875 0.0015625 0.0015625
0 0.71796875 0.45390625 0.1234375 0.171875
0 0.809375 0.51875 0.0671875 0.084375
0 0.77109375 0.615625 0.0875 0.090625
0 0.7390625 0.69609375 0.065625 0.103125
0 0.97265625 0.51953125 0.0546875 0.0765625
0 0.9859375 0.56953125 0.028125 0.0921875
0 0.9109375 0.3390625 0.1 0.1203125
0 0.86171875 0.28125 0.0796875 0.1078125
0 0.79765625 0.26640625 0.1359375 0.1609375
0 0.61484375 0.38671875 0.046875 0.071875
0 0.3546875 0.55078125 0.0578125 0.1015625