0 0.540625 0.72421875 0.1078125 0.115625
0 0.4890625 0.90546875 0.0984375 0.13125
0 0.6125 0.56875 0.13125 0.1171875
0 0.5015625 0.44375 0.0984375 0.0734375
0 0.403125 0.61640625 0.0953125 0.075
0 0.39375 0.709375 0.0703125 0.078125
0 0.39375 0.96875 0.090625 0.053125
0 0.328125 0.9296875 0.0953125 0.0765625
0 0.775 0.8171875 0.128125 0.10625
0 0.27734375 0.70703125 0.0921875 0.11875
0 0.3546875 0.53203125 0.078125 0.075
0 0.3421875 0.48515625 0.10625 0.0984375
0 0.13828125 0.2453125 0.125 0.090625
0 0.21640625 0.40078125 0.0828125 0.0671875
0 0.2203125 0.528125 0.1171875 0.075
0 0.17109375 0.653125 0.0859375 0.121875
0 0.09609375 0.9078125 0.0859375 0.0796875
0 0.2296875 0.92734375 0.084375 0.0828125