0 0.7078125 0.87890625 0.1796875 0.14375
0 0.76015625 0.8421875 0.1203125 0.0921875
0 0.74453125 0.79453125 0.1046875 0.1015625
0 0.69140625 0.47578125 0.190625 0.1984375
0 0.73359375 0.65625 0.0953125 0.090625
0 0.44765625 0.7875 0.171875 0.1484375
0 0.35234375 0.8125 0.1640625 0.153125
0 0.18671875 0.815625 0.1015625 0.0921875
0 0.11015625 0.72890625 0.2203125 0.1984375
0 0.18671875 0.63671875 0.1765625 0.16875
0 0.065625 0.4734375 0.13125 0.134375
0 0.303125 0.93671875 0.1390625 0.0875
0 0.4796875 0.92890625 0.1078125 0.10625
0 0.5375 0.8921875 0.1421875 0.1421875
0 0.478125 0.6796875 0.1859375 0.1484375
0 0.353125 0.6234375 0.1109375 0.109375
0 0.28359375 0.71640625 0.125 0.121875
0 0.57578125 0.45390625 0.096875 0.1046875
0 0.39375 0.27265625 0.2640625 0.23125
0 0.5546875 0.12578125 0.1921875 0.125
0 0.525 0.07265625 0.2625 0.1453125
0 0.940625 0.28828125 0.11875 0.1796875
0 0.92421875 0.77890625 0.0625 0.09375
0 0.646875 0.2765625 0.1359375 0.1421875
0 0.4890625 0.5046875 0.115625 0.0953125
0 0.61171875 0.68203125 0.0703125 0.0875
0 0.6828125 0.69765625 0.0609375 0.06875
0 0.30390625 0.57109375 0.1203125 0.0875
0 0.81640625 0.684375 0.0671875 0.0859375
0 0.84140625 0.40390625 0.09375 0.0859375
0 0.7609375 0.3859375 0.078125 0.090625
0 0.8265625 0.0953125 0.0953125 0.075