0 0.5421875 0.1234375 0.175 0.246875
0 0.6640625 0.23984375 0.0703125 0.1078125
0 0.7296875 0.32109375 0.1796875 0.175
0 0.80625 0.41875 0.1671875 0.1625
0 0.9234375 0.49453125 0.134375 0.1
0 0.90390625 0.75078125 0.140625 0.1359375
0 0.2375 0.69453125 0.140625 0.1140625
0 0.1359375 0.6765625 0.2109375 0.1703125
0 0.0890625 0.61953125 0.178125 0.1234375
0 0.07109375 0.48515625 0.1421875 0.1140625
0 0.19453125 0.3765625 0.146875 0.1171875
0 0.18046875 0.23203125 0.1484375 0.13125
0 0.2296875 0.14140625 0.190625 0.2
0 0.30703125 0.0453125 0.1671875 0.090625
0 0.42421875 0.06015625 0.1109375 0.1203125
0 0.36640625 0.14921875 0.153125 0.1890625
0 0.42890625 0.15625 0.103125 0.128125
0 0.2671875 0.5125 0.1234375 0.1015625
0 0.71015625 0.63984375 0.1140625 0.121875
0 0.44609375 0.5125 0.06875 0.0859375
0 0.4546875 0.26640625 0.1109375 0.1296875
0 0.31484375 0.33828125 0.0515625 0.05625
0 0.3078125 0.26171875 0.065625 0.059375
0 0.57890625 0.65390625 0.1015625 0.1546875
0 0.56015625 0.28046875 0.0578125 0.075
0 0.58203125 0.2890625 0.0296875 0.046875
0 0.60546875 0.36484375 0.0515625 0.0796875