0 0.59140625 0.86015625 0.134375 0.1296875
0 0.79609375 0.95625 0.1421875 0.0828125
0 0.84140625 0.821875 0.1234375 0.096875
0 0.93046875 0.6625 0.1 0.0703125
0 0.91328125 0.62421875 0.075 0.059375
0 0.54375 0.65234375 0.1125 0.125
0 0.57421875 0.66796875 0.05625 0.0578125
0 0.5 0.46015625 0.059375 0.0546875
0 0.83515625 0.228125 0.096875 0.171875
0 0.67421875 0.45078125 0.0796875 0.09375
0 0.7375 0.53046875 0.065625 0.071875
0 0.3328125 0.65703125 0.071875 0.071875
0 0.325 0.9109375 0.08125 0.06875
0 0.25078125 0.91640625 0.046875 0.0421875
0 0.2640625 0.875 0.05625 0.0640625
0 0.3171875 0.82265625 0.0390625 0.0453125
0 0.28203125 0.7703125 0.0671875 0.0828125
0 0.16953125 0.8140625 0.075 0.0734375
0 0.15859375 0.71953125 0.1421875 0.13125
0 0.21796875 0.61171875 0.084375 0.0875
0 0.0296875 0.79765625 0.059375 0.0953125
0 0.02578125 0.69296875 0.0515625 0.1203125
0 0.0515625 0.59609375 0.103125 0.1265625
0 0.1078125 0.52890625 0.121875 0.1296875
0 0.2 0.46484375 0.18125 0.1359375
0 0.2734375 0.534375 0.053125 0.0578125
0 0.3046875 0.52734375 0.0328125 0.05
0 0.11796875 0.24453125 0.14375 0.109375
0 0.25234375 0.3875 0.0515625 0.0453125
0 0.44453125 0.490625 0.05625 0.059375
0 0.3734375 0.7046875 0.0453125 0.05
0 0.4 0.665625 0.05 0.0515625
0 0.46796875 0.93671875 0.0671875 0.06875
0 0.53984375 0.9734375 0.0984375 0.053125