0 0.51484375 0.86328125 0.18125 0.1484375
0 0.47734375 0.96328125 0.0515625 0.0734375
0 0.40078125 0.97734375 0.0578125 0.0453125
0 0.39296875 0.91171875 0.053125 0.0546875
0 0.33828125 0.8640625 0.0734375 0.0640625
0 0.19453125 0.8921875 0.1171875 0.11875
0 0.18359375 0.721875 0.0890625 0.1296875
0 0.234375 0.76640625 0.0859375 0.0859375
0 0.1515625 0.36875 0.1515625 0.1578125
0 0.3984375 0.5015625 0.1828125 0.215625
0 0.44140625 0.66015625 0.15625 0.1703125
0 0.609375 0.4390625 0.16875 0.1671875
0 0.6359375 0.28046875 0.0984375 0.0953125
0 0.55078125 0.35390625 0.109375 0.090625
0 0.51015625 0.86328125 0.184375 0.146875
0 0.73828125 0.90546875 0.1421875 0.1078125
0 0.9140625 0.73125 0.125 0.165625
0 0.94453125 0.55546875 0.1109375 0.1109375
0 0.78125 0.48515625 0.0921875 0.1453125
0 0.7125 0.375 0.09375 0.153125
0 0.60859375 0.6359375 0.1140625 0.1171875
0 0.621875 0.7671875 0.071875 0.0796875
0 0.53984375 0.71640625 0.0609375 0.071875
0 0.33984375 0.865625 0.0703125 0.0625
0 0.57109375 0.1796875 0.1453125 0.1953125
0 0.0734375 0.1625 0.146875 0.1625
0 0.66953125 0.7109375 0.0640625 0.0890625
0 0.7046875 0.81953125 0.0671875 0.059375
0 0.225 0.559375 0.1640625 0.1375
0 0.28125 0.62890625 0.1109375 0.1390625
0 0.2609375 0.84921875 0.103125 0.0890625
0 0.34296875 0.7671875 0.059375 0.1078125
0 0.1140625 0.64140625 0.1015625 0.1296875