0 0.3046875 0.90859375 0.18125 0.109375
0 0.36484375 0.71640625 0.196875 0.140625
0 0.3390625 0.765625 0.121875 0.121875
0 0.1890625 0.7953125 0.1609375 0.128125
0 0.11328125 0.75546875 0.1390625 0.0890625
0 0.1109375 0.5828125 0.221875 0.15625
0 0.83828125 0.66796875 0.1484375 0.090625
0 0.065625 0.309375 0.13125 0.1375
0 0.4265625 0.6140625 0.1765625 0.1140625
0 0.5828125 0.74140625 0.125 0.0859375
0 0.4484375 0.8765625 0.084375 0.0625
0 0.4546875 0.80859375 0.1109375 0.11875
0 0.80234375 0.859375 0.11875 0.0875
0 0.8234375 0.77109375 0.1234375 0.10625
0 0.65703125 0.48203125 0.0921875 0.078125
0 0.55859375 0.57109375 0.1 0.0859375
0 0.4921875 0.2171875 0.0796875 0.125
0 0.4453125 0.2484375 0.078125 0.153125
0 0.340625 0.1921875 0.15 0.165625
0 0.328125 0.26640625 0.128125 0.171875
0 0.23203125 0.38828125 0.134375 0.128125
0 0.15625 0.4140625 0.190625 0.11875
0 0.2625 0.49140625 0.146875 0.1328125
0 0.4875 0.49921875 0.1390625 0.1
0 0.39296875 0.475 0.1515625 0.1625
0 0.72421875 0.54921875 0.1 0.1078125
0 0.70625 0.428125 0.109375 0.103125
0 0.18203125 0.2796875 0.159375 0.1171875
0 0.12890625 0.12734375 0.1515625 0.1421875
0 0.56015625 0.4234375 0.109375 0.071875