0 0.52421875 0.58671875 0.175 0.121875
0 0.384375 0.321875 0.225 0.1890625
0 0.328125 0.44765625 0.078125 0.0828125
0 0.44921875 0.46328125 0.059375 0.0671875
0 0.8453125 0.590625 0.309375 0.20625
0 0.89375 0.88984375 0.2125 0.1984375
0 0.7734375 0.90625 0.1359375 0.14375
0 0.0640625 0.85234375 0.1078125 0.1078125
0 0.05703125 0.584375 0.0890625 0.0640625
0 0.25 0.3984375 0.0765625 0.065625
0 0.2484375 0.33515625 0.0703125 0.0609375
0 0.5984375 0.45703125 0.05625 0.0671875
0 0.6609375 0.4875 0.0609375 0.04375
0 0.72578125 0.4140625 0.1125 0.075
0 0.68203125 0.7453125 0.059375 0.071875
0 0.73828125 0.75546875 0.0515625 0.0765625
0 0.78359375 0.6875 0.0515625 0.06875
0 0.78359375 0.81953125 0.071875 0.09375
0 0.53359375 0.77578125 0.0625 0.0640625