0 0.46953125 0.8796875 0.1515625 0.240625
0 0.12890625 0.49453125 0.253125 0.353125
0 0.22578125 0.75234375 0.2375 0.1953125
0 0.084375 0.88359375 0.16875 0.1765625
0 0.240625 0.88359375 0.2265625 0.2078125
0 0.34609375 0.8640625 0.1140625 0.134375
0 0.478125 0.7 0.1734375 0.165625
0 0.36015625 0.5140625 0.1484375 0.1109375
0 0.32421875 0.31640625 0.1359375 0.1265625
0 0.171875 0.3375 0.2171875 0.178125
0 0.1078125 0.19609375 0.1296875 0.125
0 0.30390625 0.1890625 0.1859375 0.1375
0 0.46171875 0.12734375 0.14375 0.1171875
0 0.59140625 0.2703125 0.2328125 0.2828125
0 0.77578125 0.09609375 0.1890625 0.1609375
0 0.6671875 0.07578125 0.1421875 0.1359375
0 0.81953125 0.196875 0.1484375 0.1921875
0 0.9140625 0.3640625 0.171875 0.1625
0 0.9296875 0.2171875 0.140625 0.15625
0 0.6703125 0.40703125 0.2 0.128125
0 0.60390625 0.57890625 0.171875 0.165625
0 0.76953125 0.6484375 0.215625 0.20625
0 0.6515625 0.85859375 0.1796875 0.190625
0 0.75390625 0.9359375 0.1828125 0.128125
0 0.87734375 0.753125 0.225 0.25625
0 0.93671875 0.93359375 0.0640625 0.1140625
0 0.88125 0.89453125 0.103125 0.125
0 0.6234375 0.96328125 0.1 0.0734375