0 0.5640625 0.30703125 0.153125 0.1421875
0 0.57734375 0.096875 0.1484375 0.1515625
0 0.428125 0.06875 0.134375 0.11875
0 0.334375 0.03359375 0.09375 0.0671875
0 0.25703125 0.01796875 0.0890625 0.0359375
0 0.271875 0.22578125 0.1015625 0.0828125
0 0.33359375 0.33671875 0.1015625 0.090625
0 0.1921875 0.3640625 0.1015625 0.0734375
0 0.06171875 0.3640625 0.1 0.09375
0 0.1984375 0.315625 0.0703125 0.05625
0 0.14140625 0.18203125 0.1296875 0.125
0 0.08671875 0.1859375 0.0796875 0.1046875
0 0.696875 0.26015625 0.15 0.125
0 0.63671875 0.5265625 0.1328125 0.1296875
0 0.95078125 0.3140625 0.0984375 0.14375
0 0.91171875 0.2390625 0.078125 0.0828125
0 0.89609375 0.11328125 0.1125 0.096875
0 0.77578125 0.0796875 0.10625 0.08125
0 0.79296875 0.18671875 0.09375 0.0984375
0 0.865625 0.38828125 0.1046875 0.0953125
0 0.865625 0.78046875 0.1765625 0.1484375