0 0.546875 0.60703125 0.1578125 0.1625
0 0.325 0.80859375 0.0984375 0.1
0 0.25546875 0.8546875 0.090625 0.1046875
0 0.3515625 0.74296875 0.0625 0.096875
0 0.41171875 0.69140625 0.0578125 0.0796875
0 0.4671875 0.65859375 0.075 0.0671875
0 0.465625 0.59140625 0.059375 0.0703125
0 0.5671875 0.45078125 0.0640625 0.0625
0 0.4484375 0.44375 0.084375 0.0890625
0 0.39296875 0.40234375 0.0640625 0.0859375
0 0.459375 0.37265625 0.0625 0.09375
0 0.4875 0.27265625 0.0546875 0.103125
0 0.51640625 0.2734375 0.0609375 0.1109375
0 0.55078125 0.3265625 0.0546875 0.0671875
0 0.62265625 0.36328125 0.05625 0.065625
0 0.58828125 0.38359375 0.05 0.0703125
0 0.621875 0.17578125 0.059375 0.0671875
0 0.64609375 0.2359375 0.0578125 0.0609375
0 0.64609375 0.2890625 0.059375 0.0640625
0 0.64765625 0.1546875 0.0484375 0.08125
0 0.73125 0.1765625 0.0546875 0.075
0 0.79921875 0.07734375 0.046875 0.0484375
0 0.39453125 0.3265625 0.0640625 0.0640625
0 0.12265625 0.76640625 0.1171875 0.1171875
0 0.16875 0.09140625 0.146875 0.1828125