0 0.75703125 0.24296875 0.065625 0.09375
0 0.7171875 0.28671875 0.0359375 0.0609375
0 0.7109375 0.3421875 0.028125 0.0484375
0 0.71171875 0.39609375 0.0359375 0.059375
0 0.66953125 0.328125 0.04375 0.0984375
0 0.62890625 0.30859375 0.040625 0.08125
0 0.6015625 0.321875 0.0359375 0.0671875
0 0.553125 0.3265625 0.0390625 0.05
0 0.52109375 0.41875 0.03125 0.0546875
0 0.49296875 0.375 0.040625 0.0609375
0 0.45703125 0.36171875 0.015625 0.0421875
0 0.78046875 0.253125 0.0453125 0.096875
0 0.79296875 0.29765625 0.059375 0.0953125
0 0.83125 0.3 0.0453125 0.1046875
0 0.8859375 0.25546875 0.046875 0.0703125
0 0.8421875 0.3203125 0.046875 0.0859375
0 0.77265625 0.3796875 0.04375 0.0484375
0 0.784375 0.421875 0.04375 0.0453125
0 0.81171875 0.39765625 0.040625 0.0328125
0 0.85078125 0.40390625 0.05625 0.0515625
0 0.93203125 0.2546875 0.0671875 0.0859375
0 0.93984375 0.30859375 0.0296875 0.053125
0 0.9375 0.32265625 0.071875 0.0609375
0 0.95 0.34375 0.0515625 0.0546875
0 0.98125 0.31640625 0.021875 0.0328125
0 0.9796875 0.34296875 0.028125 0.0546875
0 0.35390625 0.41484375 0.0359375 0.065625
0 0.3125 0.44453125 0.025 0.0609375
0 0.3671875 0.4796875 0.0328125 0.0421875
0 0.40078125 0.4328125 0.04375 0.0359375
0 0.45234375 0.46796875 0.0359375 0.0421875
0 0.465625 0.49140625 0.0359375 0.03125
0 0.4453125 0.52734375 0.034375 0.04375
0 0.4140625 0.5296875 0.025 0.0375
0 0.4625 0.546875 0.046875 0.04375
0 0.590625 0.509375 0.0375 0.0375