0 0.4375 0.72578125 0.1359375 0.1078125
0 0.553125 0.72578125 0.10625 0.1421875
0 0.56015625 0.54921875 0.090625 0.0765625
0 0.36640625 0.57578125 0.11875 0.1078125
0 0.3046875 0.68203125 0.15 0.109375
0 0.228125 0.5328125 0.1171875 0.1109375
0 0.29453125 0.49609375 0.1328125 0.0921875
0 0.11640625 0.4671875 0.146875 0.084375
0 0.37890625 0.40234375 0.165625 0.1203125
0 0.2609375 0.303125 0.1453125 0.1203125
0 0.13515625 0.26015625 0.140625 0.2265625
0 0.17734375 0.39140625 0.15 0.1109375
0 0.38984375 0.3046875 0.1234375 0.103125