0 0.6890625 0.58984375 0.1046875 0.0953125
0 0.6875 0.6765625 0.0890625 0.0953125
0 0.334375 0.67265625 0.06875 0.0890625
0 0.43046875 0.7171875 0.059375 0.065625
0 0.4578125 0.6171875 0.0671875 0.08125
0 0.353125 0.53046875 0.046875 0.0765625
0 0.21015625 0.31484375 0.0734375 0.121875
0 0.09609375 0.3734375 0.0703125 0.1140625
0 0.0203125 0.471875 0.040625 0.078125
0 0.03125 0.27734375 0.0625 0.1109375
0 0.11796875 0.2171875 0.1140625 0.109375
0 0.10703125 0.1359375 0.0703125 0.0765625
0 0.1796875 0.0796875 0.0890625 0.1125
0 0.3296875 0.24140625 0.090625 0.1046875
0 0.37578125 0.340625 0.071875 0.103125
0 0.4421875 0.39453125 0.046875 0.04375
0 0.79609375 0.3328125 0.0859375 0.14375
0 0.915625 0.38828125 0.0390625 0.078125
0 0.86171875 0.59609375 0.0765625 0.0765625
0 0.93359375 0.2953125 0.06875 0.0828125
0 0.93359375 0.57265625 0.09375 0.1375
0 0.7859375 0.53984375 0.04375 0.1046875
0 0.51640625 0.23125 0.05 0.1140625
0 0.509375 0.49609375 0.0421875 0.06875
0 0.25859375 0.39609375 0.05625 0.0671875