0 0.803125 0.35703125 0.2390625 0.1953125
0 0.5109375 0.1515625 0.15 0.15625
0 0.278125 0.31015625 0.1140625 0.1015625
0 0.409375 0.38515625 0.1171875 0.0890625
0 0.32734375 0.5796875 0.1 0.0875
0 0.13046875 0.06484375 0.1015625 0.1296875
0 0.928125 0.5359375 0.14375 0.13125
0 0.5125 0.06796875 0.1015625 0.0921875
0 0.1578125 0.51953125 0.0953125 0.0953125
0 0.52578125 0.9375 0.1421875 0.1046875
0 0.7875 0.54375 0.1046875 0.078125
0 0.93828125 0.4890625 0.1234375 0.0796875
0 0.34921875 0.01875 0.0859375 0.0375
0 0.10703125 0.38046875 0.065625 0.0671875
0 0.48984375 0.60859375 0.10625 0.0703125
0 0.1921875 0.32734375 0.0875 0.071875
0 0.65625 0.28828125 0.11875 0.103125
0 0.63203125 0.21796875 0.1 0.08125
0 0.48359375 0.29140625 0.0890625 0.0875
0 0.65546875 0.53828125 0.121875 0.08125