0 0.73203125 0.12734375 0.15625 0.1578125
0 0.6140625 0.16953125 0.103125 0.1375
0 0.52265625 0.03828125 0.0953125 0.0765625
0 0.0953125 0.1421875 0.1125 0.1296875
0 0.06796875 0.32890625 0.1109375 0.121875
0 0.26640625 0.3046875 0.0890625 0.08125
0 0.4171875 0.35234375 0.078125 0.0671875
0 0.384375 0.39375 0.0859375 0.059375
0 0.34296875 0.5203125 0.096875 0.0953125
0 0.1546875 0.61328125 0.140625 0.128125
0 0.6046875 0.4671875 0.1359375 0.134375
0 0.59296875 0.3703125 0.0703125 0.0796875
0 0.8171875 0.47890625 0.15 0.1046875
0 0.93671875 0.3078125 0.078125 0.0859375
0 0.8671875 0.56953125 0.1953125 0.134375
0 0.784375 0.7203125 0.0984375 0.0953125
0 0.62890625 0.546875 0.075 0.0546875
0 0.51796875 0.54375 0.0640625 0.0390625
0 0.63359375 0.22421875 0.0984375 0.0984375
0 0.48203125 0.17265625 0.0796875 0.090625
0 0.3671875 0.21875 0.0640625 0.0828125
0 0.30390625 0.025 0.0921875 0.05
0 0.85234375 0.32734375 0.0890625 0.0640625
0 0.79921875 0.22109375 0.1171875 0.153125