0 0.6734375 0.4234375 0.0625 0.1375
0 0.67890625 0.13359375 0.103125 0.115625
0 0.5875 0.5765625 0.08125 0.1625
0 0.42265625 0.57421875 0.1046875 0.103125
0 0.346875 0.72421875 0.065625 0.115625
0 0.3171875 0.6625 0.0578125 0.0828125
0 0.3265625 0.46171875 0.0875 0.0984375
0 0.40234375 0.46640625 0.0640625 0.0953125
0 0.428125 0.375 0.06875 0.0953125
0 0.36875 0.29140625 0.1375 0.1375
0 0.55234375 0.35234375 0.128125 0.134375
0 0.075 0.34375 0.15 0.221875
0 0.046875 0.459375 0.09375 0.10625
0 0.15390625 0.57109375 0.0578125 0.059375
0 0.05078125 0.7078125 0.0734375 0.1328125
0 0.9109375 0.03359375 0.078125 0.0671875