0 0.63828125 0.721875 0.053125 0.096875
0 0.63515625 0.6484375 0.05625 0.0515625
0 0.4765625 0.68125 0.0921875 0.0703125
0 0.88984375 0.8484375 0.0359375 0.0515625
0 0.7890625 0.7546875 0.065625 0.0703125
0 0.7375 0.6890625 0.0625 0.09375
0 0.703125 0.7328125 0.053125 0.103125
0 0.75390625 0.59453125 0.0765625 0.0734375
0 0.76875 0.6640625 0.0765625 0.071875
0 0.95546875 0.75546875 0.0546875 0.078125
0 0.8875 0.73984375 0.065625 0.06875
0 0.8390625 0.6875 0.0640625 0.0796875
0 0.85390625 0.78828125 0.075 0.0703125