0 0.6046875 0.290625 0.146875 0.1234375
0 0.490625 0.26875 0.121875 0.153125
0 0.45 0.43984375 0.0984375 0.0859375
0 0.6453125 0.45078125 0.1296875 0.1203125
0 0.7265625 0.35859375 0.1609375 0.125
0 0.77265625 0.51953125 0.128125 0.1234375
0 0.7015625 0.54296875 0.1421875 0.10625
0 0.8703125 0.60546875 0.1546875 0.1
0 0.60078125 0.61875 0.178125 0.1390625
0 0.696875 0.7390625 0.15625 0.1359375
0 0.8125 0.8046875 0.1671875 0.240625
0 0.79609375 0.66796875 0.1609375 0.128125
0 0.5703125 0.71328125 0.134375 0.1171875