0 0.11484375 0.64921875 0.2265625 0.2734375
0 0.1921875 0.42890625 0.2171875 0.2
0 0.05078125 0.39921875 0.1015625 0.1546875
0 0.025 0.21015625 0.05 0.1328125
0 0.075 0.1015625 0.15 0.1125
0 0.32265625 0.12578125 0.15625 0.1515625
0 0.28203125 0.30546875 0.1875 0.20625
0 0.3046875 0.53046875 0.1453125 0.14375
0 0.2390625 0.7234375 0.2296875 0.2015625
0 0.2796875 0.89921875 0.2 0.2015625
0 0.16015625 0.9296875 0.1703125 0.140625
0 0.44609375 0.9625 0.1015625 0.075
0 0.59765625 0.940625 0.128125 0.115625
0 0.73046875 0.8484375 0.153125 0.1546875
0 0.6109375 0.80078125 0.1796875 0.1984375
0 0.4828125 0.853125 0.09375 0.0921875
0 0.4375 0.80546875 0.15 0.1640625
0 0.353125 0.83671875 0.09375 0.140625
0 0.46953125 0.66328125 0.1625 0.1578125
0 0.43828125 0.54453125 0.14375 0.1359375
0 0.54375 0.45078125 0.1640625 0.1734375
0 0.4953125 0.37109375 0.2125 0.2140625
0 0.47421875 0.1890625 0.121875 0.13125
0 0.53046875 0.13046875 0.2328125 0.23125
0 0.6625 0.0765625 0.225 0.153125
0 0.8484375 0.14765625 0.23125 0.1734375
0 0.8578125 0.30078125 0.215625 0.16875
0 0.92890625 0.40390625 0.1421875 0.2078125
0 0.90625 0.5875 0.1875 0.21875
0 0.77109375 0.49609375 0.2328125 0.2640625
0 0.6734375 0.57890625 0.128125 0.159375
0 0.61640625 0.65078125 0.075 0.109375
0 0.56953125 0.69453125 0.146875 0.1625
0 0.734375 0.690625 0.1765625 0.1609375
0 0.93828125 0.7484375 0.1234375 0.140625
0 0.87421875 0.7859375 0.084375 0.1015625
0 0.63046875 0.3375 0.16875 0.1578125