0 0.6078125 0.57421875 0.3484375 0.3109375
0 0.753125 0.77890625 0.296875 0.3015625
0 0.54375 0.87109375 0.1828125 0.203125
0 0.13359375 0.68515625 0.2625 0.29375
0 0.16484375 0.4265625 0.3296875 0.28125
0 0.30859375 0.21328125 0.2640625 0.1953125
0 0.284375 0.0953125 0.3171875 0.184375
0 0.5203125 0.19296875 0.1890625 0.2109375
0 0.45859375 0.28515625 0.1796875 0.1484375
0 0.38828125 0.3671875 0.159375 0.1625
0 0.66328125 0.11640625 0.2921875 0.2328125
0 0.91171875 0.10078125 0.1421875 0.2015625
0 0.7828125 0.2890625 0.2578125 0.2109375
0 0.9203125 0.59375 0.159375 0.228125
0 0.9140625 0.403125 0.171875 0.203125
0 0.22890625 0.953125 0.1953125 0.09375
0 0.8796875 0.92421875 0.1546875 0.1203125
0 0.109375 0.14375 0.2171875 0.1703125
0 0.02890625 0.2625 0.0578125 0.109375
0 0.05390625 0.29921875 0.1078125 0.0796875
0 0.3828125 0.62890625 0.1640625 0.1734375
0 0.39453125 0.509375 0.18125 0.1625
0 0.20078125 0.80078125 0.2234375 0.20625
0 0.3828125 0.8453125 0.1765625 0.225