0 0.5359375 0.26640625 0.1375 0.11875
0 0.49375 0.45390625 0.1828125 0.1421875
0 0.54609375 0.6484375 0.0890625 0.075
0 0.41796875 0.56484375 0.1015625 0.0859375
0 0.778125 0.2765625 0.10625 0.0671875
0 0.4578125 0.0546875 0.08125 0.0875
0 0.45 0.01796875 0.071875 0.0359375
0 0.38515625 0.0296875 0.0890625 0.059375
0 0.38125 0.0625 0.0984375 0.0734375
0 0.41484375 0.10703125 0.0671875 0.0515625
0 0.29296875 0.2 0.1171875 0.1046875
0 0.26015625 0.33671875 0.0703125 0.1046875
0 0.23203125 0.403125 0.0734375 0.059375
0 0.28125 0.4375 0.0671875 0.065625
0 0.3640625 0.3671875 0.0953125 0.071875
0 0.40078125 0.43359375 0.084375 0.071875
0 0.2953125 0.50546875 0.078125 0.0640625
0 0.10546875 0.5109375 0.1140625 0.0765625
0 0.15390625 0.46171875 0.1390625 0.0875
0 0.04765625 0.671875 0.0953125 0.10625