0 0.196875 0.30703125 0.071875 0.1015625
0 0.17421875 0.31953125 0.071875 0.0921875
0 0.17890625 0.3796875 0.0703125 0.0890625
0 0.13828125 0.37421875 0.065625 0.06875
0 0.0328125 0.35703125 0.065625 0.0828125
0 0.04375 0.4046875 0.0625 0.0734375
0 0.3125 0.36640625 0.075 0.096875
0 0.34765625 0.34765625 0.05 0.090625
0 0.38125 0.346875 0.0546875 0.0890625
0 0.421875 0.3421875 0.0390625 0.0765625
0 0.5109375 0.353125 0.0328125 0.05625
0 0.62421875 0.37890625 0.046875 0.059375
0 0.66640625 0.3984375 0.0375 0.065625
0 0.346875 0.46875 0.04375 0.0390625
0 0.46875 0.36640625 0.0484375 0.05