0 0.3765625 0.36328125 0.08125 0.09375
0 0.1859375 0.46875 0.096875 0.0828125
0 0.3015625 0.68046875 0.078125 0.0796875
0 0.3234375 0.7171875 0.075 0.0953125
0 0.3859375 0.93125 0.0921875 0.1078125
0 0.5171875 0.6734375 0.1203125 0.13125
0 0.453125 0.5578125 0.115625 0.146875
0 0.409375 0.453125 0.1140625 0.0796875
0 0.4203125 0.42109375 0.078125 0.121875
0 0.66171875 0.2875 0.078125 0.09375
0 0.78828125 0.37421875 0.0828125 0.1078125
0 0.95703125 0.4515625 0.084375 0.103125
0 0.98984375 0.7203125 0.0203125 0.140625
0 0.9765625 0.65703125 0.046875 0.0953125
0 0.75234375 0.70859375 0.1234375 0.0890625
0 0.71328125 0.5484375 0.10625 0.1421875
0 0.8203125 0.48359375 0.009375 0.025