0 0.96328125 0.2796875 0.0734375 0.121875
0 0.8328125 0.3859375 0.1515625 0.09375
0 0.6890625 0.56796875 0.0953125 0.078125
0 0.76328125 0.6828125 0.096875 0.1015625
0 0.70625 0.46328125 0.109375 0.08125
0 0.16953125 0.46640625 0.3046875 0.2
0 0.35234375 0.1765625 0.18125 0.165625
0 0.45859375 0.13125 0.0640625 0.178125
0 0.5359375 0.12421875 0.09375 0.0921875
0 0.5234375 0.2140625 0.0828125 0.1421875
0 0.13359375 0.196875 0.1796875 0.1203125
0 0.39140625 0.01953125 0.1109375 0.0390625
0 0.6875 0.07109375 0.09375 0.0765625
0 0.76484375 0.071875 0.0890625 0.0890625
0 0.87890625 0.09453125 0.0984375 0.0890625
0 0.26875 0.17734375 0.059375 0.075
0 0.28203125 0.06875 0.0453125 0.0796875
0 0.3484375 0.06640625 0.05625 0.09375
0 0.41640625 0.0859375 0.046875 0.090625
0 0.4703125 0.36484375 0.075 0.0859375
0 0.45390625 0.48125 0.0921875 0.1171875
0 0.5203125 0.46640625 0.090625 0.071875
0 0.4 0.50703125 0.0984375 0.053125
0 0.50703125 0.54609375 0.071875 0.0640625
0 0.1859375 0.6421875 0.075 0.071875
0 0.22265625 0.52578125 0.0515625 0.05
0 0.17421875 0.578125 0.0578125 0.0703125