0 0.390625 0.16875 0.171875 0.1453125
0 0.5625 0.078125 0.1578125 0.0984375
0 0.5 0.23359375 0.1796875 0.165625
0 0.6328125 0.26328125 0.15625 0.1140625
0 0.81015625 0.1734375 0.1296875 0.0890625
0 0.79140625 0.34765625 0.1625 0.11875
0 0.64296875 0.37890625 0.165625 0.1421875
0 0.73125 0.428125 0.1578125 0.13125
0 0.596875 0.575 0.175 0.146875
0 0.48125 0.55703125 0.1453125 0.1484375
0 0.36015625 0.575 0.14375 0.1328125
0 0.43828125 0.490625 0.125 0.1390625
0 0.234375 0.40234375 0.1375 0.1734375
0 0.35859375 0.66484375 0.16875 0.115625
0 0.46875 0.34609375 0.1609375 0.115625
0 0.3484375 0.41171875 0.14375 0.1078125
0 0.33359375 0.49765625 0.14375 0.1296875