0 0.82734375 0.1765625 0.3453125 0.325
0 0.18671875 0.1671875 0.2140625 0.215625
0 0.4734375 0.06640625 0.14375 0.1328125
0 0.9234375 0.45390625 0.153125 0.2046875
0 0.503125 0.3796875 0.1515625 0.1453125
0 0.6546875 0.3125 0.203125 0.2296875
0 0.5109375 0.64375 0.23125 0.2078125
0 0.31328125 0.6546875 0.1671875 0.1796875
0 0.49765625 0.809375 0.18125 0.1359375
0 0.38984375 0.23984375 0.1421875 0.1421875
0 0.259375 0.36640625 0.1828125 0.1671875
0 0.690625 0.62421875 0.134375 0.128125
0 0.84296875 0.8953125 0.18125 0.196875
0 0.9 0.5609375 0.1765625 0.128125
0 0.8375 0.39921875 0.165625 0.13125
0 0.15078125 0.24765625 0.19375 0.1640625
0 0.15234375 0.41484375 0.1171875 0.1484375
0 0.928125 0.33125 0.14375 0.146875