0 0.41640625 0.5125 0.321875 0.3046875
0 0.61953125 0.8578125 0.3453125 0.284375
0 0.790625 0.6921875 0.328125 0.2515625
0 0.88671875 0.5015625 0.2265625 0.26875
0 0.93828125 0.3859375 0.1234375 0.215625
0 0.928125 0.24375 0.14375 0.14375
0 0.78828125 0.234375 0.2484375 0.2234375
0 0.64921875 0.546875 0.20625 0.184375
0 0.73515625 0.3953125 0.1203125 0.1265625
0 0.684375 0.31171875 0.1796875 0.1734375
0 0.6125 0.17890625 0.2125 0.2109375
0 0.4953125 0.1421875 0.1453125 0.16875
0 0.51640625 0.2828125 0.1265625 0.125
0 0.540625 0.46875 0.2421875 0.234375
0 0.42109375 0.6953125 0.175 0.1609375
0 0.48671875 0.63984375 0.1296875 0.1625
0 0.45859375 0.934375 0.2078125 0.13125
0 0.36953125 0.82734375 0.1921875 0.1640625
0 0.21328125 0.9078125 0.221875 0.1234375
0 0.20390625 0.5890625 0.1625 0.1875
0 0.05546875 0.72265625 0.1109375 0.1828125
0 0.08671875 0.525 0.1734375 0.21875
0 0.234375 0.37578125 0.25625 0.2671875
0 0.35234375 0.34609375 0.196875 0.25
0 0.3734375 0.0921875 0.16875 0.184375
0 0.20546875 0.02109375 0.1578125 0.0421875
0 0.26015625 0.21875 0.090625 0.15625
0 0.10234375 0.2640625 0.15625 0.1796875
0 0.09765625 0.41875 0.1953125 0.165625
0 0.271875 0.7265625 0.1203125 0.1125
0 0.60859375 0.39375 0.10625 0.128125
0 0.21328125 0.12890625 0.1 0.125