0 0.36953125 0.40234375 0.078125 0.115625
0 0.31953125 0.42265625 0.078125 0.0890625
0 0.225 0.5375 0.09375 0.13125
0 0.2046875 0.7109375 0.06875 0.078125
0 0.2546875 0.77421875 0.109375 0.103125
0 0.35 0.59921875 0.0640625 0.071875
0 0.425 0.53828125 0.10625 0.096875
0 0.4109375 0.59453125 0.059375 0.0796875
0 0.39375 0.73046875 0.0890625 0.1328125
0 0.45859375 0.8046875 0.0890625 0.146875
0 0.3875 0.8890625 0.1109375 0.1234375
0 0.32890625 0.96484375 0.0609375 0.0703125
0 0.7765625 0.70390625 0.1375 0.190625
0 0.9796875 0.6484375 0.040625 0.171875
0 0.70078125 0.8109375 0.121875 0.1328125
0 0.8703125 0.60625 0.0953125 0.1078125
0 0.87421875 0.31171875 0.06875 0.1140625
0 0.74609375 0.37109375 0.0640625 0.0859375
0 0.62734375 0.33984375 0.0859375 0.10625
0 0.6390625 0.43359375 0.0609375 0.1109375
0 0.55 0.52578125 0.1125 0.103125
0 0.7125 0.3375 0.0640625 0.075