0 0.6703125 0.775 0.1765625 0.1515625
0 0.54375 0.86796875 0.1375 0.13125
0 0.5875 0.70859375 0.2015625 0.1921875
0 0.6984375 0.57421875 0.1515625 0.13125
0 0.82109375 0.52421875 0.1265625 0.109375
0 0.2796875 0.79296875 0.171875 0.1234375
0 0.44453125 0.69375 0.15625 0.13125
0 0.5921875 0.6265625 0.1859375 0.13125
0 0.58828125 0.50625 0.1921875 0.1609375
0 0.696875 0.4546875 0.171875 0.1296875
0 0.65546875 0.409375 0.1546875 0.109375
0 0.55 0.40078125 0.1671875 0.16875
0 0.66796875 0.3390625 0.171875 0.121875
0 0.609375 0.26015625 0.15625 0.1265625
0 0.44609375 0.40703125 0.1859375 0.146875
0 0.34375 0.54453125 0.1609375 0.11875
0 0.41015625 0.584375 0.184375 0.153125
0 0.27734375 0.6078125 0.125 0.1015625