0 0.47734375 0.73515625 0.1875 0.1625
0 0.44453125 0.64140625 0.1828125 0.1296875
0 0.40703125 0.8109375 0.1953125 0.1640625
0 0.5390625 0.8703125 0.175 0.128125
0 0.7921875 0.721875 0.1828125 0.14375
0 0.7234375 0.5453125 0.153125 0.128125
0 0.67734375 0.5 0.14375 0.1203125
0 0.60546875 0.66796875 0.1546875 0.1265625
0 0.61484375 0.56171875 0.184375 0.153125
0 0.5328125 0.384375 0.178125 0.1453125
0 0.43125 0.42578125 0.14375 0.1578125
0 0.41796875 0.521875 0.178125 0.1546875
0 0.33125 0.61328125 0.1484375 0.134375
0 0.20703125 0.6046875 0.109375 0.09375
0 0.296875 0.5109375 0.15625 0.1359375
0 0.32265625 0.4546875 0.15 0.1453125
0 0.29765625 0.38671875 0.184375 0.134375
0 0.32578125 0.2984375 0.128125 0.1203125