0 0.33671875 0.559375 0.071875 0.1171875
0 0.3078125 0.66484375 0.0703125 0.0859375
0 0.171875 0.58046875 0.090625 0.09375
0 0.2140625 0.509375 0.0625 0.0703125
0 0.21484375 0.34453125 0.109375 0.125
0 0.078125 0.328125 0.0765625 0.1390625
0 0.09296875 0.2609375 0.065625 0.0875
0 0.06953125 0.5484375 0.065625 0.11875
0 0.55546875 0.621875 0.075 0.0734375
0 0.66875 0.6453125 0.053125 0.1
0 0.6515625 0.5203125 0.0515625 0.09375
0 0.5796875 0.42265625 0.0671875 0.0828125
0 0.68984375 0.23984375 0.0953125 0.1125
0 0.7515625 0.321875 0.1078125 0.1109375
0 0.84453125 0.2046875 0.0984375 0.1390625
0 0.9234375 0.33046875 0.084375 0.0859375
0 0.9375 0.49921875 0.125 0.1296875