0 0.13125 0.0765625 0.11875 0.153125
0 0.17578125 0.328125 0.1921875 0.146875
0 0.0375 0.41484375 0.075 0.0890625
0 0.06484375 0.57109375 0.1296875 0.1015625
0 0.33828125 0.29296875 0.1296875 0.125
0 0.4953125 0.3703125 0.121875 0.1
0 0.5578125 0.16640625 0.0734375 0.0671875
0 0.6328125 0.12109375 0.075 0.0734375
0 0.59375 0.05234375 0.0828125 0.084375
0 0.6546875 0.0421875 0.071875 0.0515625
0 0.91796875 0.17265625 0.1640625 0.2015625
0 0.93359375 0.2515625 0.1328125 0.15625
0 0.7359375 0.45703125 0.1828125 0.1609375
0 0.8734375 0.35078125 0.18125 0.134375
0 0.87265625 0.42265625 0.134375 0.1375
0 0.80078125 0.5046875 0.140625 0.10625
0 0.7953125 0.75546875 0.16875 0.1265625
0 0.75 0.62421875 0.0640625 0.0734375
0 0.67734375 0.57109375 0.0875 0.078125
0 0.57265625 0.54609375 0.0875 0.0953125
0 0.575 0.49921875 0.053125 0.0671875
0 0.63828125 0.3453125 0.078125 0.109375
0 0.72265625 0.25703125 0.09375 0.065625
0 0.76015625 0.1828125 0.096875 0.1
0 0.71328125 0.0765625 0.0578125 0.0859375
0 0.55234375 0.3046875 0.0796875 0.0671875
0 0.43203125 0.17578125 0.0953125 0.10625
0 0.3859375 0.5265625 0.103125 0.1046875
0 0.928125 0.540625 0.109375 0.09375
0 0.88359375 0.63984375 0.0828125 0.0984375