0 0.9109375 0.20859375 0.178125 0.1828125
0 0.9046875 0.43984375 0.190625 0.2015625
0 0.66875 0.68515625 0.196875 0.53125
0 0.740625 0.85078125 0.15 0.26875
0 0.76796875 0.7375 0.1421875 0.19375
0 0.47109375 0.65625 0.125 0.15
0 0.56953125 0.62578125 0.1828125 0.1796875
0 0.5484375 0.38671875 0.1234375 0.1171875
0 0.41015625 0.30546875 0.125 0.1546875
0 0.25546875 0.57421875 0.25625 0.203125
0 0.425 0.8375 0.203125 0.325
0 0.54921875 0.909375 0.1296875 0.18125
0 0.59140625 0.2359375 0.1390625 0.19375
0 0.72734375 0.15 0.1546875 0.1515625
0 0.7765625 0.28359375 0.1671875 0.178125
0 0.7515625 0.396875 0.1625 0.15
0 0.64921875 0.09453125 0.140625 0.1421875
0 0.53359375 0.040625 0.0828125 0.08125
0 0.4953125 0.08515625 0.09375 0.096875
0 0.4578125 0.0546875 0.11875 0.109375
0 0.15 0.8375 0.140625 0.153125
0 0.1046875 0.596875 0.1296875 0.1359375
0 0.190625 0.4234375 0.1 0.096875
0 0.15546875 0.1921875 0.1140625 0.1140625
0 0.13359375 0.0640625 0.1265625 0.128125
0 0.20390625 0.07265625 0.1046875 0.1296875
0 0.31875 0.20234375 0.190625 0.2125
0 0.38203125 0.12421875 0.1359375 0.13125
0 0.35234375 0.3640625 0.084375 0.1046875
0 0.45625 0.425 0.071875 0.0578125
0 0.2734375 0.42421875 0.1078125 0.18125