0 0.03359375 0.3984375 0.0671875 0.08125
0 0.44765625 0.2453125 0.0875 0.1125
0 0.31640625 0.1578125 0.084375 0.0859375
0 0.434375 0.0890625 0.0671875 0.09375
0 0.8875 0.21484375 0.0703125 0.06875
0 0.69296875 0.49765625 0.0859375 0.0578125
0 0.73046875 0.63046875 0.071875 0.08125
0 0.55234375 0.5296875 0.06875 0.071875
0 0.53828125 0.59609375 0.0578125 0.084375
0 0.35859375 0.31640625 0.0546875 0.0765625
0 0.31484375 0.22890625 0.0609375 0.08125
0 0.15 0.18515625 0.05625 0.05625
0 0.64609375 0.425 0.075 0.08125