0 0.73046875 0.7359375 0.1890625 0.159375
0 0.684375 0.665625 0.1984375 0.1609375
0 0.49609375 0.56640625 0.1640625 0.1640625
0 0.42734375 0.66640625 0.1359375 0.1265625
0 0.44375 0.59375 0.1078125 0.0859375
0 0.40703125 0.52109375 0.065625 0.0734375
0 0.5078125 0.4734375 0.153125 0.1140625
0 0.54609375 0.38125 0.1515625 0.1328125
0 0.69609375 0.328125 0.14375 0.1375
0 0.65 0.43125 0.165625 0.1546875
0 0.65078125 0.54140625 0.153125 0.1296875
0 0.56015625 0.53828125 0.05 0.0609375
0 0.7578125 0.49921875 0.1828125 0.1484375
0 0.8125 0.5734375 0.13125 0.1109375
0 0.7375 0.42734375 0.1375 0.159375
0 0.34921875 0.38828125 0.0890625 0.115625
0 0.0671875 0.21484375 0.134375 0.2453125