0 0.1171875 0.15078125 0.2078125 0.1859375
0 0.18046875 0.30234375 0.2140625 0.1828125
0 0.18515625 0.771875 0.25625 0.2078125
0 0.115625 0.5984375 0.171875 0.115625
0 0.11875 0.68515625 0.1921875 0.1296875
0 0.4359375 0.55859375 0.11875 0.2203125
0 0.4453125 0.646875 0.1484375 0.159375
0 0.421875 0.8953125 0.234375 0.209375
0 0.18203125 0.89296875 0.1890625 0.1703125
0 0.25390625 0.9546875 0.1671875 0.090625
0 0.51953125 0.18671875 0.1390625 0.1953125
0 0.5015625 0.30546875 0.15 0.125
0 0.48984375 0.3765625 0.1625 0.15
0 0.83828125 0.40234375 0.1484375 0.2421875
0 0.73828125 0.78984375 0.128125 0.0890625
0 0.5703125 0.88984375 0.134375 0.1703125
0 0.603125 0.9296875 0.14375 0.1359375
0 0.6953125 0.68984375 0.0625 0.1703125
0 0.60234375 0.59765625 0.065625 0.1578125
0 0.56015625 0.63359375 0.0765625 0.1375
0 0.590625 0.25390625 0.0859375 0.1171875
0 0.60390625 0.14453125 0.115625 0.1453125
0 0.41953125 0.07109375 0.075 0.1140625
0 0.328125 0.12265625 0.1546875 0.1546875
0 0.29765625 0.29453125 0.096875 0.115625
0 0.1 0.4234375 0.13125 0.146875
0 0.27734375 0.39140625 0.10625 0.1359375
0 0.23828125 0.4234375 0.1234375 0.15
0 0.61171875 0.05 0.0640625 0.1
0 0.75234375 0.02421875 0.0578125 0.0484375
0 0.821875 0.128125 0.14375 0.14375
0 0.753125 0.34296875 0.1140625 0.1453125
0 0.7953125 0.24765625 0.1125 0.1046875
0 0.93046875 0.34921875 0.0640625 0.190625
0 0.7859375 0.5546875 0.0625 0.209375
0 0.9171875 0.765625 0.1359375 0.1296875
0 0.94765625 0.66953125 0.1046875 0.1140625
0 0.440625 0.82734375 0.0546875 0.15
0 0.415625 0.759375 0.1265625 0.128125
0 0.6734375 0.265625 0.0921875 0.2765625
0 0.9109375 0.8796875 0.1125 0.16875