0 0.8046875 0.69609375 0.128125 0.128125
0 0.9140625 0.56953125 0.1390625 0.1421875
0 0.94921875 0.43671875 0.1015625 0.1296875
0 0.85625 0.3078125 0.1890625 0.15625
0 0.80859375 0.20703125 0.1953125 0.1546875
0 0.9015625 0.1546875 0.08125 0.134375
0 0.77421875 0.11640625 0.18125 0.1421875
0 0.815625 0.0421875 0.121875 0.084375
0 0.6828125 0.0390625 0.2 0.078125
0 0.52265625 0.06328125 0.1984375 0.1265625
0 0.56015625 0.48515625 0.15 0.159375
0 0.49453125 0.5890625 0.16875 0.1609375
0 0.665625 0.84765625 0.1015625 0.109375
0 0.57578125 0.78515625 0.115625 0.1328125
0 0.37890625 0.95078125 0.0984375 0.0984375
0 0.6953125 0.7203125 0.078125 0.0875
0 0.20703125 0.45234375 0.1578125 0.134375
0 0.2171875 0.6640625 0.1390625 0.19375
0 0.22890625 0.8109375 0.1453125 0.1828125
0 0.09453125 0.64453125 0.18125 0.2
0 0.03125 0.48671875 0.0625 0.1453125
0 0.06328125 0.43671875 0.1265625 0.1515625
0 0.1 0.390625 0.2 0.190625
0 0.11640625 0.28125 0.1609375 0.1484375
0 0.04375 0.1859375 0.0875 0.1125
0 0.10546875 0.13671875 0.1328125 0.128125
0 0.221875 0.14609375 0.1515625 0.1609375
0 0.334375 0.2375 0.14375 0.1375
0 0.43125 0.42109375 0.159375 0.140625
0 0.5453125 0.29765625 0.16875 0.16875
0 0.56953125 0.215625 0.153125 0.1765625
0 0.74375 0.453125 0.1484375 0.146875
0 0.7734375 0.56875 0.1578125 0.1640625