0 0.95078125 0.51796875 0.0984375 0.0765625
0 0.890625 0.85234375 0.1375 0.0671875
0 0.6796875 0.83359375 0.11875 0.084375
0 0.5859375 0.65078125 0.084375 0.1234375
0 0.43828125 0.95625 0.0765625 0.0640625
0 0.25859375 0.79765625 0.121875 0.0890625
0 0.27578125 0.88984375 0.0671875 0.053125
0 0.21015625 0.54921875 0.178125 0.1015625
0 0.06953125 0.3640625 0.13125 0.0703125
0 0.3890625 0.628125 0.05625 0.08125
0 0.375 0.7078125 0.0734375 0.0609375
0 0.90078125 0.709375 0.09375 0.0609375
0 0.125 0.92578125 0.0953125 0.075