0 0.53984375 0.6265625 0.0875 0.0859375
0 0.753125 0.57890625 0.084375 0.059375
0 0.92578125 0.55859375 0.0890625 0.0671875
0 0.453125 0.459375 0.0953125 0.075
0 0.53046875 0.49765625 0.059375 0.0625
0 0.4078125 0.34765625 0.0546875 0.0578125
0 0.33203125 0.67890625 0.059375 0.05625
0 0.31796875 0.6484375 0.0671875 0.06875
0 0.40703125 0.903125 0.0890625 0.0734375
0 0.74609375 0.765625 0.090625 0.1203125
0 0.63125 0.73359375 0.0546875 0.115625
0 0.1703125 0.4359375 0.0484375 0.059375
0 0.76953125 0.715625 0.0765625 0.0671875
0 0.4625 0.3875 0.06875 0.0703125