0 0.63125 0.8078125 0.284375 0.303125
0 0.590625 0.51953125 0.296875 0.2328125
0 0.12265625 0.70234375 0.2453125 0.2484375
0 0.11171875 0.52421875 0.2234375 0.5046875
0 0.38203125 0.56328125 0.165625 0.165625
0 0.421875 0.26640625 0.1765625 0.1578125
0 0.26640625 0.1171875 0.275 0.18125
0 0.5625 0.08828125 0.28125 0.1765625
0 0.8484375 0.146875 0.303125 0.28125
0 0.90078125 0.41953125 0.1984375 0.3296875
0 0.9125 0.68046875 0.16875 0.190625
0 0.346875 0.896875 0.1484375 0.1421875
0 0.27421875 0.79453125 0.1953125 0.25
0 0.4546875 0.78125 0.1953125 0.1984375
0 0.1671875 0.328125 0.24375 0.2140625
0 0.725 0.2515625 0.2234375 0.1609375
0 0.71875 0.659375 0.2 0.1546875
0 0.553125 0.3953125 0.1796875 0.1203125
0 0.365625 0.43984375 0.159375 0.1015625