0 0.13515625 0.23671875 0.2703125 0.4234375
0 0.0828125 0.5625 0.165625 0.159375
0 0.1734375 0.6140625 0.14375 0.171875
0 0.03671875 0.69609375 0.0515625 0.14375
0 0.18359375 0.7859375 0.10625 0.1390625
0 0.2375 0.65078125 0.096875 0.1359375
0 0.37265625 0.61484375 0.23125 0.215625
0 0.53203125 0.525 0.1484375 0.1875
0 0.33359375 0.428125 0.246875 0.190625
0 0.446875 0.171875 0.15 0.34375
0 0.64140625 0.22265625 0.340625 0.415625
0 0.75859375 0.375 0.3625 0.39375
0 0.35078125 0.10546875 0.1703125 0.1984375
0 0.82109375 0.6015625 0.20625 0.184375
0 0.92421875 0.6359375 0.1515625 0.225
0 0.91875 0.4171875 0.1625 0.18125
0 0.828125 0.8203125 0.2703125 0.2578125
0 0.9640625 0.8203125 0.071875 0.228125
0 0.6796875 0.91640625 0.1171875 0.14375
0 0.51875 0.90703125 0.159375 0.1859375
0 0.47265625 0.84609375 0.0859375 0.109375
0 0.37578125 0.82890625 0.1796875 0.146875
0 0.584375 0.68515625 0.24375 0.25