0 0.5109375 0.7 0.16875 0.1328125
0 0.48828125 0.765625 0.18125 0.18125
0 0.28515625 0.89765625 0.2109375 0.165625
0 0.15859375 0.80078125 0.1640625 0.15625
0 0.1796875 0.69609375 0.20625 0.209375
0 0.3015625 0.49609375 0.221875 0.203125
0 0.36953125 0.58359375 0.171875 0.1890625
0 0.56953125 0.44296875 0.184375 0.153125
0 0.53046875 0.559375 0.178125 0.153125
0 0.4828125 0.61875 0.178125 0.1640625
0 0.64765625 0.653125 0.15 0.1453125
0 0.37265625 0.59140625 0.19375 0.20625
0 0.11875 0.61484375 0.1875 0.1765625
0 0.046875 0.82890625 0.09375 0.1203125
0 0.034375 0.72734375 0.06875 0.1671875
0 0.3453125 0.80859375 0.18125 0.1828125
0 0.428125 0.96171875 0.109375 0.0765625