0 0.02578125 0.2921875 0.0515625 0.140625
0 0.18046875 0.4046875 0.1125 0.090625
0 0.32890625 0.0859375 0.0984375 0.103125
0 0.240625 0.075 0.0796875 0.0828125
0 0.1265625 0.1125 0.0875 0.0765625
0 0.2375 0.7015625 0.096875 0.090625
0 0.31953125 0.56796875 0.078125 0.0734375
0 0.3234375 0.45546875 0.0875 0.075
0 0.34609375 0.40390625 0.0734375 0.0765625
0 0.6625 0.16484375 0.2015625 0.1953125
0 0.575 0.0828125 0.040625 0.0859375
0 0.6515625 0.059375 0.071875 0.109375
0 0.6234375 0.01640625 0.0875 0.0328125
0 0.8453125 0.30390625 0.259375 0.15
0 0.859375 0.4515625 0.28125 0.196875
0 0.81796875 0.621875 0.075 0.0953125
0 0.7796875 0.5265625 0.0625 0.05
0 0.603125 0.503125 0.08125 0.071875
0 0.54921875 0.47265625 0.075 0.0796875
0 0.50390625 0.4625 0.05 0.0484375
0 0.51640625 0.5421875 0.090625 0.071875
0 0.53828125 0.12421875 0.0703125 0.121875
0 0.51796875 0.23203125 0.065625 0.090625
0 0.48515625 0.19453125 0.0796875 0.109375
0 0.47109375 0.1296875 0.06875 0.0640625
0 0.84296875 0.18671875 0.1796875 0.11875
0 0.26796875 0.30390625 0.0953125 0.1109375
0 0.37109375 0.14140625 0.084375 0.0859375