0 0.8046875 0.70234375 0.2015625 0.1828125
0 0.65625 0.428125 0.1078125 0.1015625
0 0.86640625 0.36171875 0.1265625 0.1578125
0 0.8796875 0.1765625 0.1734375 0.19375
0 0.71484375 0.071875 0.1046875 0.14375
0 0.61796875 0.271875 0.1484375 0.19375
0 0.50703125 0.32890625 0.1140625 0.1671875
0 0.42109375 0.24453125 0.1265625 0.24375
0 0.26640625 0.28125 0.16875 0.2125
0 0.34375 0.21015625 0.1390625 0.1125
0 0.38359375 0.10703125 0.1359375 0.1171875
0 0.53125 0.11953125 0.11875 0.184375
0 0.54453125 0.57265625 0.1453125 0.16875
0 0.4234375 0.6109375 0.1171875 0.11875
0 0.38046875 0.54375 0.1109375 0.1
0 0.32109375 0.44921875 0.134375 0.2
0 0.44765625 0.45625 0.125 0.175
0 0.18203125 0.690625 0.159375 0.221875
0 0.078125 0.41640625 0.15 0.1734375
0 0.16875 0.378125 0.096875 0.1265625
0 0.25390625 0.49453125 0.0640625 0.0984375
0 0.159375 0.3078125 0.13125 0.1171875
0 0.7375 0.9265625 0.0921875 0.075
0 0.6515625 0.940625 0.0765625 0.06875
0 0.30234375 0.84921875 0.0671875 0.0640625
0 0.3234375 0.9015625 0.071875 0.071875
0 0.07421875 0.7984375 0.0828125 0.1265625
0 0.06015625 0.65546875 0.0984375 0.1125
0 0.146875 0.98125 0.0875 0.0375
0 0.22890625 0.8828125 0.0796875 0.1
0 0.6234375 0.81875 0.071875 0.075
0 0.61875 0.70703125 0.1265625 0.1765625
0 0.7046875 0.30546875 0.0796875 0.1828125
0 0.72421875 0.4703125 0.075 0.1734375
0 0.6421875 0.60859375 0.0765625 0.0875
0 0.73515625 0.63203125 0.084375 0.0875
0 0.7 0.58515625 0.0671875 0.090625
0 0.30078125 0.63515625 0.1109375 0.1453125
0 0.2609375 0.70625 0.11875 0.1078125