0 0.846875 0.1671875 0.090625 0.096875
0 0.9046875 0.39296875 0.1 0.11875
0 0.81328125 0.6171875 0.11875 0.10625
0 0.79921875 0.0765625 0.0484375 0.04375
0 0.840625 0.02265625 0.0625 0.0453125
0 0.24453125 0.13125 0.221875 0.228125
0 0.38203125 0.0453125 0.1046875 0.0703125
0 0.38203125 0.09453125 0.0640625 0.06875
0 0.36875 0.496875 0.08125 0.08125
0 0.26953125 0.5546875 0.153125 0.109375
0 0.08359375 0.45859375 0.1671875 0.1421875
0 0.19296875 0.25546875 0.1 0.1046875
0 0.25859375 0.3515625 0.090625 0.075
0 0.2671875 0.44765625 0.071875 0.06875
0 0.246875 0.49375 0.0515625 0.0359375
0 0.14375 0.56953125 0.115625 0.06875
0 0.22265625 0.57890625 0.0609375 0.075
0 0.165625 0.43046875 0.0703125 0.05625
0 0.17265625 0.36953125 0.0921875 0.0640625
0 0.47734375 0.14375 0.0640625 0.0515625
0 0.49375 0.45 0.0671875 0.059375
0 0.4328125 0.22265625 0.059375 0.0609375
0 0.60078125 0.3078125 0.0796875 0.0828125
0 0.5234375 0.034375 0.065625 0.06875