0 0.88125 0.6703125 0.2046875 0.128125
0 0.89375 0.89609375 0.1125 0.16875
0 0.6859375 0.69453125 0.109375 0.1078125
0 0.5421875 0.6328125 0.10625 0.075
0 0.3171875 0.5359375 0.1625 0.1296875
0 0.121875 0.86015625 0.24375 0.1953125
0 0.2703125 0.83046875 0.053125 0.071875
0 0.3109375 0.7609375 0.0953125 0.0765625
0 0.12421875 0.671875 0.1640625 0.115625
0 0.16640625 0.58515625 0.0859375 0.11875
0 0.19375 0.5171875 0.15 0.0765625
0 0.21953125 0.45078125 0.15 0.0828125
0 0.2046875 0.25234375 0.15 0.115625
0 0.3359375 0.44375 0.0875 0.084375
0 0.4359375 0.453125 0.0796875 0.071875
0 0.62265625 0.46953125 0.1015625 0.0984375
0 0.47265625 0.83515625 0.08125 0.1
0 0.4046875 0.89375 0.1046875 0.0890625
0 0.403125 0.95234375 0.075 0.084375
0 0.46484375 0.96640625 0.0859375 0.0671875
0 0.12578125 0.37578125 0.09375 0.1109375
0 0.59765625 0.8078125 0.0703125 0.084375
0 0.9546875 0.56796875 0.090625 0.078125