0 0.5 0.1625 0.0734375 0.1140625
0 0.53515625 0.1953125 0.0640625 0.1140625
0 0.60234375 0.1140625 0.0796875 0.115625
0 0.58671875 0.04453125 0.10625 0.0859375
0 0.425 0.0953125 0.075 0.121875
0 0.46953125 0.28515625 0.0765625 0.1078125
0 0.48203125 0.38984375 0.1 0.146875
0 0.40625 0.39140625 0.0921875 0.14375
0 0.61015625 0.2078125 0.04375 0.071875
0 0.2796875 0.72109375 0.103125 0.1796875
0 0.3890625 0.6734375 0.0921875 0.1578125
0 0.4796875 0.628125 0.1125 0.1796875
0 0.42890625 0.51328125 0.125 0.1625
0 0.4953125 0.5125 0.0921875 0.1734375
0 0.2515625 0.8796875 0.11875 0.146875