0 0.32890625 0.3421875 0.1 0.0796875
0 0.225 0.440625 0.1546875 0.1109375
0 0.490625 0.3671875 0.1015625 0.0734375
0 0.45625 0.14609375 0.0703125 0.0828125
0 0.3609375 0.16796875 0.05625 0.121875
0 0.503125 0.13046875 0.0453125 0.065625
0 0.5109375 0.04453125 0.06875 0.0890625
0 0.5671875 0.08203125 0.071875 0.0671875
0 0.62890625 0.0796875 0.078125 0.0703125
0 0.72578125 0.09609375 0.1203125 0.1015625
0 0.6796875 0.19765625 0.08125 0.0546875
0 0.8 0.27578125 0.1234375 0.078125
0 0.8046875 0.34609375 0.153125 0.1015625
0 0.765625 0.4171875 0.1359375 0.078125
0 0.71640625 0.4625 0.109375 0.0765625
0 0.7203125 0.51796875 0.08125 0.053125
0 0.778125 0.5484375 0.0640625 0.06875
0 0.88359375 0.66328125 0.184375 0.11875
0 0.6078125 0.509375 0.0765625 0.075
0 0.58984375 0.47890625 0.0546875 0.0609375
0 0.55 0.271875 0.05625 0.053125
0 0.6125 0.29609375 0.0625 0.0875
0 0.5234375 0.21328125 0.0640625 0.0546875
0 0.4015625 0.0890625 0.0578125 0.0421875
0 0.01640625 0.3390625 0.0328125 0.08125
0 0.1109375 0.4265625 0.078125 0.0765625
0 0.06484375 0.20703125 0.10625 0.0859375