0 0.37734375 0.16484375 0.171875 0.178125
0 0.49453125 0.0765625 0.0765625 0.071875
0 0.50546875 0.02421875 0.0640625 0.0484375
0 0.62109375 0.08828125 0.0703125 0.1
0 0.6515625 0.29921875 0.0671875 0.0859375
0 0.953125 0.4390625 0.09375 0.071875
0 0.728125 0.653125 0.1171875 0.0984375
0 0.94140625 0.21484375 0.090625 0.0828125
0 0.88125 0.1359375 0.05625 0.05625
0 0.93203125 0.08984375 0.0765625 0.084375
0 0.17109375 0.403125 0.2578125 0.1609375
0 0.340625 0.4765625 0.096875 0.0765625
0 0.30625 0.5390625 0.121875 0.10625
0 0.31015625 0.43984375 0.0796875 0.0625
0 0.2484375 0.240625 0.0578125 0.1125
0 0.4875 0.15234375 0.0671875 0.05625
0 0.27109375 0.3203125 0.0921875 0.08125
0 0.48359375 0.4421875 0.0640625 0.0578125
0 0.49921875 0.30234375 0.05625 0.0578125
0 0.4796875 0.27265625 0.040625 0.0375
0 0.4921875 0.221875 0.0359375 0.0484375
0 0.8875 0.5265625 0.0734375 0.0625