0 0.8421875 0.8078125 0.1734375 0.0953125
0 0.8828125 0.74375 0.0890625 0.0890625
0 0.26953125 0.5359375 0.2796875 0.1515625
0 0.23125 0.68203125 0.1796875 0.1421875
0 0.20859375 0.90546875 0.0875 0.071875
0 0.07890625 0.625 0.1484375 0.1359375
0 0.1109375 0.428125 0.14375 0.096875
0 0.028125 0.384375 0.05625 0.1
0 0.17734375 0.20078125 0.1640625 0.128125
0 0.76796875 0.28828125 0.0859375 0.0890625
0 0.6515625 0.58828125 0.071875 0.1
0 0.871875 0.559375 0.0984375 0.0828125
0 0.43828125 0.68984375 0.0625 0.0765625
0 0.57734375 0.846875 0.0625 0.0765625
0 0.80859375 0.47421875 0.059375 0.0828125
0 0.44453125 0.4625 0.0703125 0.05625