0 0.53203125 0.40625 0.184375 0.18125
0 0.56640625 0.33359375 0.1546875 0.11875
0 0.6 0.23203125 0.15 0.184375
0 0.6671875 0.29140625 0.0703125 0.1109375
0 0.68359375 0.1921875 0.1515625 0.1421875
0 0.71171875 0.0703125 0.096875 0.1015625
0 0.878125 0.08203125 0.08125 0.0765625
0 0.92265625 0.21953125 0.1546875 0.1796875
0 0.87421875 0.32890625 0.115625 0.1109375
0 0.95078125 0.425 0.09375 0.221875
0 0.8671875 0.5609375 0.165625 0.2390625
0 0.825 0.93515625 0.11875 0.1296875
0 0.6921875 0.81953125 0.16875 0.134375
0 0.49296875 0.8828125 0.15625 0.2109375
0 0.53125 0.91953125 0.13125 0.1609375
0 0.59453125 0.93828125 0.0546875 0.1234375
0 0.86484375 0.86640625 0.1515625 0.1640625
0 0.17109375 0.9 0.20625 0.140625
0 0.15 0.74375 0.2546875 0.26875
0 0.1125 0.59921875 0.1953125 0.146875
0 0.13046875 0.4984375 0.16875 0.125
0 0.2140625 0.56875 0.0796875 0.1484375
0 0.23515625 0.26171875 0.209375 0.215625
0 0.29453125 0.34453125 0.1546875 0.19375
0 0.37109375 0.25546875 0.1140625 0.13125
0 0.38515625 0.1796875 0.1078125 0.1
0 0.44296875 0.12578125 0.1703125 0.18125
0 0.44375 0.0421875 0.115625 0.084375
0 0.52734375 0.05546875 0.1046875 0.1109375
0 0.56484375 0.09921875 0.0859375 0.1265625
0 0.35703125 0.0546875 0.1140625 0.109375
0 0.23125 0.0921875 0.196875 0.184375
0 0.13359375 0.08828125 0.1546875 0.1765625
0 0.12890625 0.17421875 0.1515625 0.15
0 0.11875 0.25859375 0.125 0.1140625
0 0.04921875 0.353125 0.0890625 0.178125
0 0.0265625 0.65703125 0.053125 0.1640625
0 0.41796875 0.54140625 0.1453125 0.2328125
0 0.44921875 0.5953125 0.1171875 0.1953125
0 0.5828125 0.596875 0.0796875 0.1328125
0 0.34453125 0.7796875 0.0953125 0.2546875
0 0.3640625 0.7203125 0.1328125 0.140625
0 0.540625 0.6140625 0.065625 0.1625
0 0.65 0.721875 0.075 0.1796875
0 0.3859375 0.83515625 0.0671875 0.121875
0 0.46015625 0.7890625 0.0765625 0.1
0 0.7421875 0.73046875 0.0828125 0.0921875
0 0.9 0.7125 0.0828125 0.071875