0 0.1984375 0.57109375 0.0671875 0.0640625
0 0.15078125 0.5609375 0.040625 0.0453125
0 0.08515625 0.49375 0.0515625 0.0578125
0 0.01875 0.49921875 0.0375 0.0546875
0 0.02109375 0.453125 0.0421875 0.071875
0 0.0578125 0.3484375 0.08125 0.078125
0 0.1703125 0.41953125 0.05625 0.046875
0 0.17109375 0.21953125 0.0515625 0.0796875
0 0.13359375 0.14921875 0.05625 0.090625
0 0.07734375 0.13125 0.059375 0.0765625
0 0.0703125 0.07890625 0.0421875 0.0625
0 0.2578125 0.36484375 0.0625 0.078125
0 0.3234375 0.35390625 0.0375 0.075
0 0.54609375 0.309375 0.0796875 0.1
0 0.2953125 0.2015625 0.0734375 0.1109375
0 0.3875 0.134375 0.0734375 0.075
0 0.41640625 0.1109375 0.084375 0.06875
0 0.57890625 0.52734375 0.1203125 0.10625
0 0.91796875 0.271875 0.0671875 0.10625
0 0.88671875 0.47421875 0.053125 0.0859375
0 0.4171875 0.67578125 0.059375 0.0609375
0 0.2375 0.52890625 0.0484375 0.05625
0 0.8484375 0.45703125 0.05 0.06875
0 0.809375 0.5109375 0.053125 0.0515625
0 0.4296875 0.62890625 0.046875 0.065625
0 0.459375 0.4796875 0.053125 0.078125
0 0.33203125 0.70703125 0.046875 0.0421875
0 0.4640625 0.78671875 0.0375 0.053125
0 0.7125 0.68046875 0.0390625 0.0609375