0 0.52734375 0.18203125 0.115625 0.1375
0 0.2796875 0.271875 0.08125 0.146875
0 0.3 0.071875 0.09375 0.14375
0 0.55546875 0.36796875 0.0515625 0.115625
0 0.6359375 0.55 0.05625 0.05625
0 0.43984375 0.57421875 0.0625 0.053125
0 0.31015625 0.20390625 0.078125 0.1203125
0 0.0765625 0.028125 0.078125 0.05625
0 0.92578125 0.7453125 0.0765625 0.059375
0 0.77890625 0.95 0.11875 0.0953125
0 0.46953125 0.61015625 0.0484375 0.0875
0 0.39609375 0.61953125 0.096875 0.078125
0 0.34140625 0.590625 0.075 0.10625