0 0.86953125 0.6984375 0.2609375 0.45625
0 0.903125 0.371875 0.1859375 0.1796875
0 0.8046875 0.3359375 0.1640625 0.1875
0 0.9265625 0.23359375 0.071875 0.1453125
0 0.76796875 0.16796875 0.1234375 0.15
0 0.73515625 0.31015625 0.1140625 0.1453125
0 0.6078125 0.3671875 0.2546875 0.24375
0 0.46484375 0.48046875 0.171875 0.203125
0 0.67578125 0.5453125 0.2671875 0.221875
0 0.60390625 0.815625 0.1984375 0.353125
0 0.40390625 0.78515625 0.3921875 0.4296875
0 0.2640625 0.6640625 0.4078125 0.4328125
0 0.70859375 0.86640625 0.19375 0.2171875
0 0.1671875 0.45 0.2265625 0.209375
0 0.07421875 0.43203125 0.1484375 0.2421875
0 0.09765625 0.646875 0.184375 0.1984375
0 0.1375 0.23359375 0.275 0.2890625
0 0.02109375 0.259375 0.0421875 0.2375
0 0.2578125 0.1171875 0.134375 0.15625
0 0.41640625 0.10078125 0.1828125 0.2015625
0 0.47265625 0.15390625 0.1 0.11875
0 0.57109375 0.15546875 0.1953125 0.16875
0 0.3875 0.33046875 0.2734375 0.278125