0 0.52890625 0.27421875 0.1125 0.11875
0 0.4671875 0.0953125 0.103125 0.134375
0 0.60859375 0.42578125 0.134375 0.1234375
0 0.5046875 0.55546875 0.1 0.078125
0 0.396875 0.38828125 0.096875 0.078125
0 0.38359375 0.29609375 0.0734375 0.08125
0 0.36953125 0.0375 0.0921875 0.0578125
0 0.30625 0.0796875 0.0984375 0.0796875
0 0.7578125 0.16875 0.13125 0.1109375
0 0.2671875 0.30546875 0.096875 0.121875
0 0.353125 0.475 0.0796875 0.078125
0 0.34375 0.52265625 0.109375 0.1015625
0 0.15234375 0.7734375 0.128125 0.096875
0 0.22265625 0.6140625 0.084375 0.0703125
0 0.21875 0.4859375 0.11875 0.08125
0 0.1640625 0.36484375 0.090625 0.125
0 0.075 0.1140625 0.0890625 0.0828125
0 0.2078125 0.0875 0.0875 0.0859375