0 0.33671875 0.65546875 0.084375 0.10625
0 0.34140625 0.5109375 0.0421875 0.0828125
0 0.4671875 0.58203125 0.06875 0.08125
0 0.246875 0.21796875 0.1140625 0.1328125
0 0.309375 0.2546875 0.0640625 0.08125
0 0.39296875 0.1875 0.0765625 0.115625
0 0.41796875 0.39375 0.0765625 0.115625
0 0.5015625 0.428125 0.08125 0.096875
0 0.68203125 0.43671875 0.0671875 0.090625
0 0.8078125 0.34453125 0.0953125 0.121875
0 0.87265625 0.32578125 0.0953125 0.0953125
0 0.92421875 0.44296875 0.0765625 0.1203125
0 0.93125 0.67109375 0.096875 0.159375
0 0.6796875 0.71484375 0.0484375 0.140625
0 0.75546875 0.63359375 0.0765625 0.14375
0 0.725 0.55859375 0.0609375 0.1421875
0 0.06328125 0.06640625 0.0734375 0.1328125
0 0.1015625 0.0203125 0.05 0.040625