0 0.63984375 0.81796875 0.6421875 0.3640625
0 0.4046875 0.6046875 0.4703125 0.3859375
0 0.175 0.72890625 0.178125 0.2328125
0 0.21171875 0.91796875 0.1421875 0.1640625
0 0.1203125 0.52890625 0.240625 0.2546875
0 0.0453125 0.33671875 0.090625 0.2484375
0 0.36484375 0.11484375 0.4203125 0.2296875
0 0.45 0.25859375 0.2453125 0.1640625
0 0.65234375 0.06171875 0.1234375 0.1234375
0 0.7453125 0.290625 0.221875 0.1421875
0 0.84921875 0.3421875 0.2140625 0.134375
0 0.78125 0.42265625 0.121875 0.0703125
0 0.621875 0.4140625 0.1234375 0.109375
0 0.809375 0.56796875 0.1984375 0.1390625
0 0.92890625 0.58125 0.1421875 0.14375
0 0.71640625 0.58515625 0.09375 0.18125