0 0.6375 0.2015625 0.153125 0.1375
0 0.7109375 0.4734375 0.1921875 0.1359375
0 0.57734375 0.51640625 0.0609375 0.0484375
0 0.87421875 0.20703125 0.1609375 0.0890625
0 0.14921875 0.38984375 0.1328125 0.0703125
0 0.28671875 0.45625 0.075 0.0546875
0 0.29140625 0.55234375 0.0609375 0.0546875
0 0.52421875 0.49453125 0.0515625 0.06875
0 0.54765625 0.13359375 0.046875 0.1234375
0 0.490625 0.01796875 0.09375 0.0359375
0 0.5984375 0.02890625 0.103125 0.0578125
0 0.2640625 0.29375 0.053125 0.059375
0 0.296875 0.071875 0.0953125 0.05625
0 0.25234375 0.665625 0.075 0.0515625