0 0.4328125 0.728125 0.053125 0.096875
0 0.325 0.709375 0.1453125 0.1078125
0 0.21015625 0.7234375 0.134375 0.10625
0 0.1796875 0.5671875 0.1875 0.1328125
0 0.24765625 0.4796875 0.1484375 0.1296875
0 0.12734375 0.44453125 0.125 0.1046875
0 0.06484375 0.36796875 0.1140625 0.1
0 0.11015625 0.103125 0.14375 0.1421875
0 0.1203125 0.03671875 0.075 0.0734375
0 0.2703125 0.184375 0.184375 0.2109375
0 0.2484375 0.0765625 0.090625 0.146875
0 0.51015625 0.1921875 0.0640625 0.0765625
0 0.55703125 0.28515625 0.1109375 0.09375
0 0.44765625 0.08828125 0.0484375 0.0875
0 0.7546875 0.0625 0.0671875 0.075
0 0.86796875 0.12265625 0.071875 0.0796875
0 0.83828125 0.2 0.06875 0.078125
0 0.90234375 0.28203125 0.0859375 0.0890625
0 0.8421875 0.05625 0.08125 0.04375
0 0.79765625 0.1453125 0.090625 0.096875
0 0.72421875 0.196875 0.040625 0.0640625
0 0.69375 0.26640625 0.05625 0.071875
0 0.73046875 0.26640625 0.0390625 0.0578125
0 0.71875 0.7453125 0.1640625 0.1546875
0 0.86640625 0.6125 0.115625 0.090625
0 0.85390625 0.53828125 0.0515625 0.0765625
0 0.31171875 0.41171875 0.0453125 0.03125
0 0.6375 0.4734375 0.075 0.0875
0 0.78984375 0.81171875 0.06875 0.0859375
0 0.93671875 0.8171875 0.0640625 0.0703125
0 0.93046875 0.68046875 0.05 0.0640625
0 0.590625 0.0765625 0.0484375 0.053125
0 0.58828125 0.12890625 0.04375 0.0546875
0 0.528125 0.49609375 0.0515625 0.06875
0 0.490625 0.31171875 0.0515625 0.0453125
0 0.45 0.2546875 0.0546875 0.0625
0 0.3640625 0.40078125 0.0390625 0.05625
0 0.66875 0.83671875 0.065625 0.08125