0 0.284375 0.784375 0.19375 0.1984375
0 0.37109375 0.903125 0.084375 0.08125
0 0.365625 0.95703125 0.06875 0.059375
0 0.4953125 0.9296875 0.0828125 0.1078125
0 0.58671875 0.73671875 0.078125 0.09375
0 0.91953125 0.69140625 0.1078125 0.0859375
0 0.76328125 0.4203125 0.128125 0.1140625
0 0.83828125 0.90234375 0.1 0.09375
0 0.7578125 0.959375 0.0625 0.0640625
0 0.7921875 0.98515625 0.0875 0.0296875
0 0.15703125 0.49609375 0.275 0.1953125
0 0.340625 0.47578125 0.1046875 0.0890625
0 0.32578125 0.40625 0.134375 0.121875
0 0.30078125 0.50234375 0.0875 0.0734375
0 0.18359375 0.675 0.0734375 0.11875
0 0.38671875 0.82890625 0.0734375 0.065625
0 0.22890625 0.6046875 0.1015625 0.0921875
0 0.4671875 0.55 0.0703125 0.065625
0 0.44140625 0.68828125 0.0640625 0.0640625
0 0.4140625 0.7109375 0.04375 0.0421875
0 0.4109375 0.76328125 0.0421875 0.053125
0 0.878125 0.58828125 0.08125 0.071875