0 0.35703125 0.15390625 0.1421875 0.3078125
0 0.6609375 0.36875 0.1359375 0.2484375
0 0.85 0.73984375 0.15 0.1390625
0 0.8875 0.6734375 0.1 0.2140625
0 0.7375 0.5203125 0.09375 0.1859375
0 0.59921875 0.6625 0.1046875 0.253125
0 0.4671875 0.68671875 0.1265625 0.203125
0 0.4421875 0.78359375 0.184375 0.10625
0 0.60703125 0.75 0.1921875 0.140625
0 0.5140625 0.09921875 0.11875 0.1984375
0 0.6703125 0.16796875 0.128125 0.2328125
0 0.6765625 0.13671875 0.2078125 0.1703125
0 0.89296875 0.52109375 0.128125 0.10625
0 0.76875 0.6671875 0.121875 0.1265625