0 0.43203125 0.62578125 0.275 0.16875
0 0.63671875 0.70390625 0.1421875 0.1296875
0 0.63125 0.4875 0.1046875 0.109375
0 0.48203125 0.3390625 0.2578125 0.2
0 0.72578125 0.496875 0.0640625 0.0859375
0 0.8390625 0.62265625 0.078125 0.065625
0 0.940625 0.48359375 0.1046875 0.065625
0 0.95859375 0.80078125 0.046875 0.0578125
0 0.4015625 0.8671875 0.1640625 0.1328125
0 0.31875 0.82734375 0.2453125 0.1875
0 0.40546875 0.9453125 0.0875 0.0703125
0 0.29375 0.509375 0.0546875 0.04375
0 0.35546875 0.471875 0.05625 0.0609375
0 0.38984375 0.39921875 0.1 0.0625
0 0.4015625 0.51015625 0.05 0.0640625
0 0.29375 0.69609375 0.06875 0.059375
0 0.8 0.34609375 0.059375 0.05