0 0.6796875 0.57578125 0.078125 0.096875
0 0.75546875 0.48515625 0.0984375 0.1078125
0 0.79921875 0.290625 0.0640625 0.0859375
0 0.7515625 0.2328125 0.0984375 0.0875
0 0.6078125 0.26953125 0.1078125 0.146875
0 0.62890625 0.10546875 0.10625 0.109375
0 0.55 0.19375 0.090625 0.1375
0 0.5875 0.3984375 0.0703125 0.0796875
0 0.6265625 0.60390625 0.08125 0.1265625
0 0.30546875 0.1734375 0.13125 0.1078125
0 0.23515625 0.27734375 0.1203125 0.1703125
0 0.13046875 0.38671875 0.078125 0.0890625
0 0.02109375 0.3203125 0.0421875 0.171875
0 0.3703125 0.66484375 0.05625 0.1015625
0 0.359375 0.553125 0.059375 0.090625
0 0.45859375 0.484375 0.096875 0.103125
0 0.28828125 0.64765625 0.053125 0.090625
0 0.2453125 0.6125 0.04375 0.065625
0 0.1140625 0.6640625 0.0546875 0.0890625
0 0.64765625 0.39609375 0.0609375 0.0890625
0 0.7046875 0.3453125 0.04375 0.059375
0 0.56796875 0.4546875 0.0734375 0.0625
0 0.31640625 0.2515625 0.0640625 0.08125