0 0.14375 0.24140625 0.1203125 0.15
0 0.13203125 0.421875 0.221875 0.2140625
0 0.05 0.484375 0.1 0.146875
0 0.1765625 0.59375 0.171875 0.171875
0 0.26640625 0.9 0.2140625 0.2
0 0.44609375 0.7828125 0.1984375 0.2625
0 0.41640625 0.5875 0.2046875 0.25625
0 0.38828125 0.38671875 0.1671875 0.2296875
0 0.75 0.52265625 0.2578125 0.3140625
0 0.7796875 0.71171875 0.2125 0.3765625
0 0.49765625 0.16328125 0.0390625 0.0609375
0 0.53515625 0.115625 0.059375 0.071875
0 0.60703125 0.0921875 0.0453125 0.053125
0 0.66875 0.16328125 0.040625 0.0546875
0 0.7125 0.15859375 0.053125 0.065625
0 0.96796875 0.6296875 0.0640625 0.090625
0 0.7234375 0.4109375 0.05625 0.0859375
0 0.625 0.32265625 0.0703125 0.0625
0 0.57421875 0.34140625 0.059375 0.0671875
0 0.575 0.53984375 0.046875 0.103125
0 0.6828125 0.66875 0.075 0.0875
0 0.078125 0.11875 0.1 0.09375
0 0.35078125 0.0890625 0.16875 0.159375
0 0.47734375 0.17578125 0.059375 0.0890625