0 0.109375 0.13046875 0.153125 0.134375
0 0.11875 0.24140625 0.1234375 0.209375
0 0.1421875 0.28984375 0.1 0.121875
0 0.2015625 0.34921875 0.1078125 0.146875
0 0.21875 0.3015625 0.1046875 0.090625
0 0.328125 0.1859375 0.14375 0.1421875
0 0.32421875 0.20625 0.0765625 0.20625
0 0.50859375 0.13046875 0.09375 0.103125
0 0.61015625 0.05625 0.1109375 0.0921875
0 0.5203125 0.0375 0.0875 0.075
0 0.36796875 0.02578125 0.1046875 0.0515625
0 0.2 0.03203125 0.10625 0.0640625
0 0.0875 0.56484375 0.1734375 0.1765625
0 0.05234375 0.65234375 0.1046875 0.0734375
0 0.0609375 0.765625 0.121875 0.128125
0 0.13125 0.85546875 0.1234375 0.25625
0 0.3328125 0.8390625 0.1046875 0.1671875
0 0.42578125 0.8578125 0.134375 0.1640625
0 0.753125 0.81015625 0.215625 0.1734375
0 0.7859375 0.64140625 0.1765625 0.1546875
0 0.9515625 0.83203125 0.075 0.275
0 0.9125 0.78125 0.1078125 0.1625
0 0.93359375 0.48828125 0.1328125 0.1828125
0 0.85703125 0.43125 0.121875 0.1296875
0 0.7625 0.38984375 0.1734375 0.178125
0 0.671875 0.340625 0.071875 0.1296875
0 0.63359375 0.284375 0.0796875 0.1359375
0 0.5828125 0.20625 0.128125 0.1734375
0 0.67890625 0.18828125 0.0875 0.1234375
0 0.7296875 0.09609375 0.1421875 0.15
0 0.8140625 0.18984375 0.1875 0.18125
0 0.91796875 0.159375 0.1640625 0.190625
0 0.9078125 0.296875 0.16875 0.175
0 0.96640625 0.08046875 0.0671875 0.1015625
0 0.2796875 0.39140625 0.0875 0.128125
0 0.43828125 0.265625 0.0890625 0.14375
0 0.4953125 0.2703125 0.10625 0.1265625
0 0.45234375 0.4828125 0.1484375 0.1609375
0 0.5828125 0.58984375 0.153125 0.2453125
0 0.4953125 0.59375 0.078125 0.171875
0 0.56875 0.43671875 0.121875 0.115625
0 0.43984375 0.38828125 0.1515625 0.1328125
0 0.09765625 0.428125 0.096875 0.0921875