0 0.50859375 0.87734375 0.14375 0.1859375
0 0.1734375 0.91953125 0.05 0.0578125
0 0.065625 0.7703125 0.13125 0.184375
0 0.03046875 0.69921875 0.0609375 0.1046875
0 0.3703125 0.30625 0.13125 0.109375
0 0.48203125 0.41875 0.1640625 0.1890625
0 0.42265625 0.32578125 0.0953125 0.1453125
0 0.4640625 0.24453125 0.0921875 0.090625
0 0.50859375 0.16484375 0.06875 0.071875
0 0.55390625 0.115625 0.08125 0.071875
0 0.46484375 0.12265625 0.059375 0.1078125
0 0.4125 0.0578125 0.071875 0.0609375
0 0.6046875 0.3765625 0.0828125 0.096875
0 0.67734375 0.3125 0.0671875 0.0953125
0 0.68828125 0.0671875 0.0609375 0.0859375
0 0.6484375 0.1859375 0.0671875 0.084375
0 0.5875 0.3328125 0.0671875 0.078125
0 0.36875 0.75703125 0.075 0.084375
0 0.5375 0.67734375 0.0609375 0.0671875
0 0.42734375 0.78984375 0.0609375 0.0859375
0 0.26171875 0.8609375 0.0921875 0.1140625
0 0.18984375 0.8546875 0.0671875 0.06875
0 0.23125 0.8203125 0.04375 0.0609375
0 0.39375 0.68359375 0.059375 0.0734375