0 0.28984375 0.78046875 0.1265625 0.128125
0 0.4796875 0.8765625 0.115625 0.115625
0 0.4203125 0.9125 0.06875 0.1015625
0 0.31953125 0.28984375 0.090625 0.1140625
0 0.04921875 0.13671875 0.0875 0.08125
0 0.68984375 0.54921875 0.109375 0.121875
0 0.73359375 0.6828125 0.084375 0.084375
0 0.6484375 0.59375 0.0734375 0.1046875
0 0.5375 0.525 0.059375 0.065625
0 0.58828125 0.64765625 0.059375 0.0625
0 0.61015625 0.675 0.0453125 0.0671875
0 0.53359375 0.734375 0.059375 0.0796875
0 0.6046875 0.7703125 0.06875 0.10625
0 0.67421875 0.8984375 0.075 0.0875
0 0.71328125 0.934375 0.0578125 0.0453125
0 0.84921875 0.8125 0.065625 0.0890625
0 0.11796875 0.27421875 0.1125 0.121875