0 0.63125 0.85390625 0.1359375 0.1828125
0 0.3265625 0.9875 0.046875 0.025
0 0.15234375 0.90625 0.178125 0.178125
0 0.09609375 0.85078125 0.1125 0.1
0 0.31484375 0.35859375 0.1265625 0.1046875
0 0.45703125 0.42890625 0.15625 0.184375
0 0.3703125 0.36015625 0.0890625 0.1421875
0 0.3828125 0.2703125 0.0890625 0.0875
0 0.39921875 0.18046875 0.065625 0.0703125
0 0.42578125 0.11875 0.078125 0.06875
0 0.34375 0.15390625 0.0546875 0.10625
0 0.2734375 0.1109375 0.06875 0.0578125
0 0.55859375 0.34921875 0.0796875 0.09375
0 0.60625 0.26484375 0.0625 0.09375
0 0.53671875 0.0359375 0.0578125 0.071875
0 0.53828125 0.1546875 0.0625 0.0828125
0 0.528125 0.3140625 0.0640625 0.0765625
0 0.459375 0.7859375 0.071875 0.0828125
0 0.59296875 0.65546875 0.059375 0.0640625
0 0.52578125 0.79765625 0.0578125 0.084375
0 0.3921875 0.91875 0.0875 0.1109375
0 0.321875 0.9359375 0.0640625 0.0671875
0 0.35078125 0.88984375 0.0421875 0.059375
0 0.459375 0.70859375 0.05625 0.0703125