0 0.67578125 0.60703125 0.103125 0.0875
0 0.8203125 0.37421875 0.06875 0.1359375
0 0.75625 0.28515625 0.071875 0.0609375
0 0.37734375 0.31953125 0.0609375 0.1140625
0 0.22578125 0.28984375 0.059375 0.096875
0 0.1515625 0.18984375 0.1203125 0.0796875
0 0.046875 0.253125 0.09375 0.115625
0 0.209375 0.04921875 0.0875 0.0984375
0 0.3109375 0.653125 0.06875 0.078125
0 0.53125 0.2375 0.05625 0.078125
0 0.34453125 0.2265625 0.084375 0.0625
0 0.678125 0.67578125 0.084375 0.0875
0 0.7703125 0.3953125 0.05625 0.0859375