0 0.30859375 0.309375 0.05 0.1140625
0 0.6625 0.3265625 0.08125 0.1015625
0 0.5296875 0.41171875 0.0734375 0.0828125
0 0.58359375 0.61015625 0.0734375 0.1
0 0.66015625 0.48125 0.04375 0.0875
0 0.78046875 0.76015625 0.096875 0.1546875
0 0.93984375 0.93359375 0.08125 0.125
0 0.90546875 0.978125 0.0515625 0.04375
0 0.77265625 0.95 0.0546875 0.1
0 0.625 0.80859375 0.0609375 0.0953125
0 0.7109375 0.69375 0.078125 0.10625
0 0.515625 0.6015625 0.071875 0.0875
0 0.45546875 0.74609375 0.096875 0.1140625
0 0.203125 0.67421875 0.05625 0.096875
0 0.29921875 0.578125 0.065625 0.103125
0 0.16484375 0.70234375 0.0828125 0.090625
0 0.0765625 0.56484375 0.0640625 0.090625
0 0.0171875 0.64375 0.034375 0.0625
0 0.0578125 0.35234375 0.0984375 0.15
0 0.09296875 0.34140625 0.065625 0.0734375
0 0.23046875 0.3890625 0.040625 0.134375
0 0.27109375 0.42265625 0.05625 0.1265625