0 0.74921875 0.06875 0.2171875 0.1375
0 0.640625 0.196875 0.1921875 0.1875
0 0.525 0.228125 0.1171875 0.1171875
0 0.24375 0.43984375 0.20625 0.14375
0 0.0796875 0.390625 0.1421875 0.18125
0 0.38125 0.09296875 0.25 0.1859375
0 0.34453125 0.22421875 0.1140625 0.1296875
0 0.30234375 0.33046875 0.14375 0.1296875
0 0.51640625 0.56171875 0.1484375 0.1765625
0 0.61171875 0.53515625 0.1578125 0.1578125
0 0.70234375 0.3953125 0.1578125 0.1375
0 0.76171875 0.2296875 0.1875 0.171875
0 0.796875 0.26015625 0.14375 0.1296875
0 0.83828125 0.35859375 0.128125 0.10625
0 0.90546875 0.3515625 0.121875 0.0921875
0 0.93984375 0.4171875 0.1015625 0.0890625
0 0.83671875 0.42265625 0.1546875 0.125
0 0.87421875 0.46328125 0.1203125 0.0703125
0 0.85625 0.509375 0.1515625 0.096875
0 0.8953125 0.58671875 0.1625 0.121875
0 0.753125 0.609375 0.1609375 0.1203125
0 0.80703125 0.66796875 0.14375 0.1421875
0 0.71875 0.68828125 0.146875 0.19375
0 0.64609375 0.77109375 0.121875 0.146875
0 0.5546875 0.778125 0.1140625 0.14375
0 0.3859375 0.7390625 0.1109375 0.1203125
0 0.84140625 0.859375 0.20625 0.1828125
0 0.94921875 0.8125 0.1015625 0.1125
0 0.95078125 0.86015625 0.0984375 0.1109375
0 0.83671875 0.03984375 0.1453125 0.0796875
0 0.8609375 0.103125 0.146875 0.1625
0 0.45234375 0.2671875 0.0859375 0.1140625
0 0.23125 0.078125 0.06875 0.0671875