0 0.51328125 0.59765625 0.1890625 0.13125
0 0.2296875 0.64296875 0.334375 0.2109375
0 0.19375 0.9046875 0.3 0.190625
0 0.32421875 0.92578125 0.1578125 0.1390625
0 0.4375 0.9109375 0.0953125 0.1140625
0 0.44609375 0.86953125 0.075 0.0828125
0 0.48046875 0.79375 0.046875 0.0625
0 0.54609375 0.3390625 0.2390625 0.19375
0 0.6609375 0.43046875 0.0828125 0.078125
0 0.55234375 0.46171875 0.078125 0.0796875
0 0.74453125 0.359375 0.0890625 0.0734375
0 0.7625 0.4484375 0.05625 0.0609375
0 0.68046875 0.528125 0.0515625 0.071875
0 0.05703125 0.63515625 0.1046875 0.15
0 0.28359375 0.4484375 0.134375 0.1
0 0.33125 0.5125 0.0453125 0.05
0 0.384375 0.4859375 0.078125 0.0859375
0 0.440625 0.5296875 0.046875 0.0484375
0 0.440625 0.46953125 0.0390625 0.0421875
0 0.47890625 0.44453125 0.04375 0.065625
0 0.95546875 0.52734375 0.0890625 0.0609375
0 0.9921875 0.71953125 0.015625 0.0546875