0 0.4546875 0.63125 0.1578125 0.1125
0 0.428125 0.45859375 0.065625 0.0734375
0 0.34296875 0.44453125 0.084375 0.090625
0 0.45703125 0.32109375 0.2015625 0.153125
0 0.41171875 0.39921875 0.0828125 0.065625
0 0.725 0.62265625 0.29375 0.165625
0 0.6765625 0.4296875 0.1046875 0.078125
0 0.62109375 0.4734375 0.0625 0.05625
0 0.57109375 0.51328125 0.05 0.06875
0 0.68515625 0.490625 0.075 0.046875
0 0.7453125 0.52734375 0.0734375 0.059375
0 0.96484375 0.6015625 0.0703125 0.071875
0 0.6953125 0.9140625 0.16875 0.1390625
0 0.81015625 0.89609375 0.2984375 0.2078125
0 0.55703125 0.78046875 0.059375 0.053125
0 0.6359375 0.79765625 0.0375 0.05625
0 0.640625 0.7625 0.0359375 0.053125
0 0.68046875 0.74375 0.046875 0.04375
0 0.7203125 0.78984375 0.05 0.0625
0 0.771875 0.78984375 0.04375 0.0578125
0 0.82734375 0.709375 0.06875 0.0671875
0 0.58203125 0.85234375 0.08125 0.06875
0 0.03984375 0.58671875 0.078125 0.05625
0 0.02890625 0.52421875 0.0578125 0.0484375
0 0.01796875 0.4609375 0.0359375 0.0453125
0 0.1140625 0.5953125 0.084375 0.0625