0 0.27890625 0.9015625 0.1984375 0.196875
0 0.153125 0.91640625 0.175 0.1671875
0 0.0734375 0.8359375 0.0875 0.1515625
0 0.11015625 0.6296875 0.2203125 0.278125
0 0.1875 0.43046875 0.20625 0.1984375
0 0.05703125 0.39921875 0.1140625 0.1609375
0 0.028125 0.1984375 0.05625 0.125
0 0.08359375 0.1 0.1671875 0.121875
0 0.33984375 0.13359375 0.1625 0.134375
0 0.27734375 0.31171875 0.1828125 0.190625
0 0.3 0.53359375 0.1546875 0.1265625
0 0.228125 0.715625 0.2265625 0.20625
0 0.32109375 0.6515625 0.1015625 0.13125
0 0.353125 0.8140625 0.0875 0.140625
0 0.4234375 0.7921875 0.153125 0.14375
0 0.4796875 0.8515625 0.0984375 0.0953125
0 0.5875 0.9484375 0.121875 0.1015625
0 0.60546875 0.7921875 0.178125 0.1984375
0 0.7265625 0.84453125 0.1703125 0.175
0 0.7234375 0.68828125 0.165625 0.1640625
0 0.778125 0.4984375 0.209375 0.25625
0 0.640625 0.34765625 0.165625 0.16875
0 0.5546875 0.46015625 0.171875 0.153125
0 0.5 0.3890625 0.2328125 0.2296875
0 0.57578125 0.590625 0.0796875 0.121875
0 0.90546875 0.57890625 0.1890625 0.2140625
0 0.93671875 0.7640625 0.1265625 0.1625
0 0.86796875 0.79453125 0.0828125 0.1125
0 0.92265625 0.38203125 0.1546875 0.2359375
0 0.85078125 0.29609375 0.2 0.1671875
0 0.853125 0.16484375 0.2359375 0.1921875
0 0.54453125 0.13046875 0.2453125 0.2328125
0 0.67421875 0.08671875 0.2140625 0.1734375
0 0.4828125 0.203125 0.1390625 0.1265625
0 0.83203125 0.04609375 0.0890625 0.0921875
0 0.44296875 0.9640625 0.1078125 0.071875