0 0.53203125 0.25625 0.1328125 0.1234375
0 0.3296875 0.26953125 0.1234375 0.103125
0 0.19921875 0.13515625 0.14375 0.1359375
0 0.03828125 0.34453125 0.0765625 0.1171875
0 0.20625 0.3984375 0.1125 0.078125
0 0.11640625 0.440625 0.08125 0.0640625
0 0.2390625 0.43828125 0.09375 0.0625
0 0.23984375 0.503125 0.11875 0.075
0 0.453125 0.446875 0.1484375 0.1046875
0 0.75390625 0.26640625 0.115625 0.1171875
0 0.9359375 0.25234375 0.1015625 0.1140625
0 0.8484375 0.38828125 0.090625 0.09375
0 0.92265625 0.359375 0.0640625 0.08125
0 0.8375 0.5234375 0.140625 0.1125
0 0.671875 0.5421875 0.1125 0.115625
0 0.60625 0.68828125 0.1859375 0.1046875
0 0.865625 0.77265625 0.1625 0.1234375
0 0.96640625 0.559375 0.0671875 0.103125
0 0.7625 0.6484375 0.1125 0.090625
0 0.3515625 0.715625 0.08125 0.0671875
0 0.175 0.7703125 0.1265625 0.1125
0 0.05703125 0.7859375 0.0828125 0.0953125
0 0.03828125 0.73828125 0.0515625 0.09375
0 0.33125 0.77890625 0.125 0.090625
0 0.24140625 0.8296875 0.1140625 0.0875
0 0.11328125 0.93359375 0.121875 0.1046875
0 0.4953125 0.840625 0.146875 0.1234375
0 0.6234375 0.90703125 0.1015625 0.075
0 0.3875 0.55234375 0.0953125 0.0890625
0 0.56171875 0.55546875 0.090625 0.0734375
0 0.55078125 0.4875 0.075 0.0703125
0 0.7203125 0.38828125 0.0859375 0.071875
0 0.2453125 0.60703125 0.096875 0.059375
0 0.15 0.646875 0.08125 0.0671875