0 0.2609375 0.253125 0.09375 0.1015625
0 0.40859375 0.50703125 0.0859375 0.1125
0 0.40390625 0.6328125 0.09375 0.090625
0 0.45859375 0.6171875 0.0921875 0.0796875
0 0.6109375 0.83515625 0.0609375 0.0875
0 0.83359375 0.6296875 0.0796875 0.0921875
0 0.59921875 0.56640625 0.0671875 0.05625
0 0.02109375 0.62265625 0.0421875 0.0890625
0 0.315625 0.49453125 0.0515625 0.0625
0 0.3984375 0.35703125 0.05625 0.053125
0 0.55078125 0.6234375 0.0546875 0.0734375
0 0.51484375 0.765625 0.0546875 0.0734375
0 0.5265625 0.8015625 0.053125 0.075
0 0.21875 0.665625 0.0671875 0.0734375
0 0.259375 0.459375 0.0671875 0.0796875