0 0.28359375 0.24453125 0.1828125 0.178125
0 0.28203125 0.06953125 0.11875 0.09375
0 0.38046875 0.03984375 0.115625 0.0703125
0 0.57421875 0.04453125 0.1140625 0.0890625
0 0.809375 0.29296875 0.1515625 0.10625
0 0.91953125 0.125 0.0578125 0.0890625
0 0.75625 0.0234375 0.0875 0.046875
0 0.65 0.028125 0.06875 0.05625
0 0.671875 0.2296875 0.084375 0.0953125
0 0.5640625 0.1796875 0.0828125 0.0640625
0 0.4515625 0.2375 0.0765625 0.1296875
0 0.44375 0.14609375 0.0765625 0.0828125
0 0.4125 0.24765625 0.05625 0.06875
0 0.47890625 0.5046875 0.0671875 0.0890625
0 0.50859375 0.44765625 0.0734375 0.08125
0 0.53125 0.54765625 0.0640625 0.053125
0 0.4328125 0.5328125 0.0734375 0.059375
0 0.2984375 0.5296875 0.1921875 0.16875
0 0.1703125 0.40625 0.2078125 0.153125
0 0.18671875 0.33515625 0.09375 0.0875
0 0.08984375 0.21953125 0.0734375 0.0765625
0 0.1578125 0.24765625 0.0625 0.0765625
0 0.15703125 0.1421875 0.05 0.0921875
0 0.075 0.32109375 0.15 0.1328125
0 0.0484375 0.375 0.096875 0.096875
0 0.14140625 0.50390625 0.153125 0.0828125
0 0.11015625 0.534375 0.075 0.0671875
0 0.240625 0.6125 0.0625 0.0421875
0 0.2375 0.72578125 0.071875 0.0875
0 0.15703125 0.5625 0.053125 0.0703125
0 0.71875 0.49296875 0.0625 0.0796875
0 0.69375 0.4 0.0875 0.071875
0 0.7796875 0.58671875 0.08125 0.075
0 0.475 0.61171875 0.04375 0.0484375
0 0.49609375 0.57109375 0.0484375 0.05625
0 0.35234375 0.17265625 0.0859375 0.1453125
0 0.70546875 0.284375 0.071875 0.071875