0 0.71484375 0.25 0.165625 0.1671875
0 0.89375 0.234375 0.0984375 0.15
0 0.8234375 0.2171875 0.1140625 0.134375
0 0.8140625 0.32265625 0.125 0.1171875
0 0.75390625 0.44375 0.1609375 0.1390625
0 0.6828125 0.07109375 0.140625 0.1421875
0 0.61328125 0.16015625 0.165625 0.15
0 0.47734375 0.17734375 0.125 0.2453125
0 0.42109375 0.853125 0.1640625 0.29375
0 0.734375 0.909375 0.2265625 0.1609375
0 0.60546875 0.828125 0.075 0.196875
0 0.61015625 0.5625 0.0765625 0.29375
0 0.2546875 0.8234375 0.13125 0.353125