0 0.38515625 0.5453125 0.3109375 0.2828125
0 0.23828125 0.73671875 0.26875 0.246875
0 0.503125 0.86953125 0.2 0.175
0 0.6609375 0.8296875 0.1953125 0.1984375
0 0.83984375 0.734375 0.215625 0.1828125
0 0.87578125 0.59140625 0.2484375 0.275
0 0.81796875 0.39140625 0.3 0.2140625
0 0.8890625 0.08046875 0.221875 0.125
0 0.19453125 0.29921875 0.225 0.1703125
0 0.30625 0.0953125 0.2625 0.190625
0 0.465625 0.209375 0.1984375 0.178125
0 0.60625 0.484375 0.1765625 0.1375
0 0.603125 0.33125 0.1765625 0.1234375
0 0.6703125 0.17109375 0.259375 0.125
0 0.6703125 0.08671875 0.271875 0.1734375
0 0.55234375 0.65546875 0.184375 0.196875
0 0.6171875 0.5953125 0.1859375 0.1671875
0 0.08203125 0.6421875 0.1625 0.171875
0 0.09921875 0.44453125 0.1375 0.146875
0 0.84765625 0.94609375 0.184375 0.10625
0 0.76484375 0.8 0.121875 0.1625
0 0.4015625 0.7328125 0.1125 0.1203125
0 0.515625 0.28828125 0.1640625 0.1421875