0 0.17421875 0.22109375 0.1765625 0.1703125
0 0.13125 0.29375 0.1625 0.2109375
0 0.12890625 0.425 0.1671875 0.1765625
0 0.2484375 0.30546875 0.1453125 0.140625
0 0.259375 0.46171875 0.096875 0.2546875
0 0.321875 0.6125 0.1875 0.2734375
0 0.296875 0.8109375 0.1921875 0.25
0 0.2953125 0.83125 0.234375 0.1984375
0 0.43671875 0.890625 0.1421875 0.21875
0 0.60234375 0.84296875 0.1953125 0.3140625
0 0.7421875 0.53671875 0.1640625 0.2578125
0 0.54765625 0.31796875 0.1375 0.234375
0 0.45703125 0.13125 0.15 0.1390625
0 0.4078125 0.24296875 0.18125 0.1609375
0 0.42421875 0.3609375 0.1578125 0.3328125
0 0.60625 0.221875 0.1671875 0.15