0 0.196875 0.75234375 0.228125 0.209375
0 0.409375 0.7578125 0.1765625 0.184375
0 0.471875 0.86640625 0.14375 0.1609375
0 0.59140625 0.83515625 0.1390625 0.178125
0 0.63203125 0.93828125 0.1015625 0.1140625
0 0.20390625 0.890625 0.10625 0.14375
0 0.0796875 0.84609375 0.1234375 0.171875
0 0.13203125 0.60859375 0.2015625 0.165625
0 0.13359375 0.41640625 0.221875 0.234375
0 0.0421875 0.34921875 0.084375 0.1609375
0 0.0765625 0.1734375 0.153125 0.175
0 0.22421875 0.17578125 0.2765625 0.203125
0 0.50390625 0.3921875 0.2328125 0.2234375
0 0.78671875 0.4578125 0.2125 0.2265625
0 0.77421875 0.2890625 0.1265625 0.134375
0 0.7453125 0.3265625 0.1125 0.1609375
0 0.66640625 0.09609375 0.1828125 0.1640625
0 0.28671875 0.05234375 0.1328125 0.0859375
0 0.38359375 0.3375 0.1328125 0.2234375
0 0.30234375 0.3 0.090625 0.1390625
0 0.34140625 0.51015625 0.1765625 0.209375
0 0.3 0.57890625 0.10625 0.140625
0 0.7078125 0.83046875 0.078125 0.0875
0 0.7609375 0.81171875 0.0875 0.078125
0 0.77265625 0.7328125 0.0671875 0.1109375
0 0.7171875 0.7234375 0.0734375 0.11875
0 0.87578125 0.73359375 0.1484375 0.1296875
0 0.8578125 0.8421875 0.11875 0.134375
0 0.9265625 0.88984375 0.146875 0.1703125
0 0.871875 0.59921875 0.1984375 0.1640625
0 0.81875 0.65859375 0.1421875 0.1234375
0 0.959375 0.52421875 0.08125 0.1265625
0 0.93515625 0.39296875 0.084375 0.1234375
0 0.9265625 0.27578125 0.125 0.1265625