0 0.321875 0.28828125 0.0546875 0.15
0 0.565625 0.459375 0.071875 0.103125
0 0.7125 0.59765625 0.065625 0.10625
0 0.7140625 0.85390625 0.109375 0.11875
0 0.82734375 0.65625 0.04375 0.08125
0 0.534375 0.64921875 0.115625 0.1171875
0 0.48125 0.56328125 0.04375 0.075
0 0.39296875 0.53203125 0.053125 0.05625
0 0.365625 0.5328125 0.0375 0.125
0 0.39453125 0.428125 0.078125 0.078125
0 0.3578125 0.74375 0.115625 0.103125
0 0.2984375 0.35859375 0.059375 0.06875
0 0.50234375 0.346875 0.028125 0.08125
0 0.0359375 0.5703125 0.071875 0.1390625
0 0.03515625 0.36953125 0.0703125 0.140625
0 0.13125 0.459375 0.0515625 0.05625
0 0.0515625 0.78125 0.103125 0.23125
0 0.2828125 0.678125 0.03125 0.0625