0 0.390625 0.1421875 0.071875 0.1046875
0 0.36328125 0.46015625 0.053125 0.1796875
0 0.46171875 0.578125 0.096875 0.15
0 0.55 0.6609375 0.084375 0.084375
0 0.51015625 0.759375 0.0640625 0.0796875
0 0.06953125 0.77109375 0.1359375 0.11875
0 0.5234375 0.15625 0.0640625 0.078125
0 0.475 0.16015625 0.0375 0.1234375
0 0.58828125 0.28984375 0.0703125 0.103125
0 0.5828125 0.33125 0.0578125 0.0625
0 0.609375 0.5359375 0.0625 0.0515625
0 0.58203125 0.5859375 0.0875 0.096875
0 0.77578125 0.5703125 0.0625 0.0625
0 0.828125 0.59453125 0.0640625 0.071875
0 0.85546875 0.67890625 0.0578125 0.053125
0 0.7484375 0.6625 0.05 0.05625
0 0.78984375 0.8109375 0.0609375 0.046875
0 0.93125 0.85703125 0.0546875 0.05625
0 0.38125 0.05078125 0.0390625 0.0546875
0 0.55546875 0.43125 0.0515625 0.0640625
0 0.6109375 0.8203125 0.0328125 0.0703125