0 0.88828125 0.4359375 0.19375 0.165625
0 0.83359375 0.29296875 0.128125 0.1453125
0 0.77890625 0.1859375 0.084375 0.134375
0 0.68671875 0.0671875 0.1390625 0.134375
0 0.521875 0.16953125 0.125 0.1125
0 0.51796875 0.234375 0.103125 0.1078125
0 0.54375 0.34296875 0.071875 0.08125
0 0.659375 0.6171875 0.08125 0.1640625
0 0.6125 0.63515625 0.1234375 0.23125
0 0.73671875 0.6203125 0.0953125 0.0859375
0 0.35703125 0.775 0.2 0.196875
0 0.2875 0.7390625 0.1453125 0.2296875
0 0.23046875 0.715625 0.1125 0.1375
0 0.13671875 0.8953125 0.1953125 0.209375
0 0.15546875 0.57890625 0.175 0.165625
0 0.34453125 0.20859375 0.0515625 0.0609375
0 0.228125 0.103125 0.1515625 0.1546875
0 0.296875 0.11875 0.1 0.11875
0 0.4578125 0.0671875 0.0484375 0.0890625
0 0.6 0.0359375 0.065625 0.071875
0 0.809375 0.0734375 0.090625 0.0796875
0 0.06484375 0.325 0.0953125 0.1
0 0.30234375 0.30546875 0.090625 0.0796875
0 0.58984375 0.496875 0.1109375 0.0890625
0 0.503125 0.48359375 0.0640625 0.096875
0 0.2640625 0.4140625 0.078125 0.096875
0 0.07109375 0.4578125 0.128125 0.1203125
0 0.13671875 0.73828125 0.0859375 0.1046875