0 0.75078125 0.8828125 0.190625 0.1203125
0 0.27265625 0.46796875 0.2671875 0.19375
0 0.20390625 0.59609375 0.1765625 0.14375
0 0.371875 0.58046875 0.0828125 0.0859375
0 0.809375 0.37265625 0.0921875 0.1140625
0 0.6890625 0.35546875 0.13125 0.1671875
0 0.11484375 0.82890625 0.0859375 0.0859375
0 0.03203125 0.809375 0.0640625 0.1625
0 0.18203125 0.79375 0.0609375 0.0890625
0 0.0640625 0.52265625 0.128125 0.1390625
0 0.0640625 0.2625 0.071875 0.0890625
0 0.14453125 0.3265625 0.1609375 0.1078125
0 0.2671875 0.12109375 0.1578125 0.11875
0 0.45625 0.45234375 0.0625 0.0671875
0 0.62109375 0.6046875 0.0703125 0.1203125
0 0.84296875 0.64453125 0.078125 0.0734375
0 0.9390625 0.646875 0.09375 0.0765625
0 0.81171875 0.83828125 0.0984375 0.0765625
0 0.4609375 0.95 0.08125 0.1
0 0.58359375 0.97265625 0.0765625 0.0546875
0 0.4796875 0.85625 0.0765625 0.0734375
0 0.31796875 0.796875 0.0625 0.0890625
0 0.3859375 0.784375 0.0546875 0.0671875
0 0.4296875 0.740625 0.0390625 0.0484375
0 0.39765625 0.73984375 0.05 0.0484375
0 0.39609375 0.6546875 0.059375 0.078125
0 0.32421875 0.68125 0.05 0.0609375
0 0.28828125 0.7421875 0.0578125 0.0765625
0 0.4890625 0.6515625 0.0671875 0.0625
0 0.70859375 0.45 0.0515625 0.053125
0 0.80390625 0.55703125 0.0546875 0.090625