0 0.859375 0.65546875 0.0890625 0.1125
0 0.6609375 0.496875 0.0828125 0.1078125
0 0.6359375 0.93046875 0.0515625 0.0765625
0 0.65546875 0.8921875 0.059375 0.1
0 0.6296875 0.8203125 0.0671875 0.0796875
0 0.6296875 0.7140625 0.084375 0.1234375
0 0.6015625 0.89140625 0.0671875 0.1109375
0 0.5515625 0.84921875 0.0703125 0.0953125
0 0.56171875 0.79609375 0.06875 0.1125
0 0.57421875 0.76015625 0.0671875 0.1046875
0 0.41484375 0.715625 0.0828125 0.08125
0 0.42421875 0.64296875 0.0828125 0.1015625
0 0.5234375 0.65859375 0.06875 0.059375
0 0.5734375 0.63359375 0.0671875 0.1203125
0 0.50078125 0.57265625 0.0859375 0.084375