0 0.49609375 0.40078125 0.1953125 0.1921875
0 0.5015625 0.32109375 0.1609375 0.1296875
0 0.49765625 0.2140625 0.1625 0.19375
0 0.58125 0.2453125 0.0796875 0.1140625
0 0.5609375 0.146875 0.1609375 0.153125
0 0.54375 0.03828125 0.103125 0.0765625
0 0.80234375 0.0890625 0.1828125 0.178125
0 0.78828125 0.20546875 0.1234375 0.1171875
0 0.89375 0.26875 0.1109375 0.225
0 0.8640625 0.42578125 0.1828125 0.2484375
0 0.9515625 0.815625 0.096875 0.190625
0 0.79453125 0.7296875 0.1765625 0.146875
0 0.63046875 0.86015625 0.1703125 0.21875
0 0.6828125 0.8875 0.14375 0.1828125
0 0.75 0.884375 0.065625 0.14375
0 0.9453125 0.71015625 0.109375 0.1734375
0 0.3359375 0.95625 0.2125 0.0875
0 0.2609375 0.85234375 0.271875 0.284375
0 0.17421875 0.73125 0.203125 0.159375
0 0.15390625 0.63125 0.175 0.1359375
0 0.2578125 0.66640625 0.090625 0.15
0 0.1671875 0.37265625 0.2234375 0.2296875
0 0.25234375 0.42890625 0.1671875 0.2015625
0 0.2921875 0.31796875 0.121875 0.1390625
0 0.278125 0.24296875 0.1140625 0.10625
0 0.3125 0.17109375 0.18125 0.1921875
0 0.28125 0.08359375 0.121875 0.1125
0 0.365625 0.07265625 0.1125 0.1234375
0 0.4171875 0.10234375 0.0953125 0.1296875
0 0.2015625 0.12109375 0.1234375 0.146875
0 0.10234375 0.20703125 0.2046875 0.2140625
0 0.04375 0.225 0.0875 0.23125
0 0.05859375 0.328125 0.1171875 0.159375
0 0.06171875 0.4109375 0.1234375 0.121875
0 0.03828125 0.5234375 0.0765625 0.18125
0 0.09765625 0.82265625 0.103125 0.16875
0 0.43828125 0.56796875 0.1625 0.2390625
0 0.48671875 0.60703125 0.13125 0.2
0 0.61171875 0.5609375 0.0890625 0.1359375
0 0.45546875 0.81640625 0.115625 0.25625
0 0.45234375 0.75390625 0.1421875 0.1484375
0 0.57890625 0.59140625 0.078125 0.1640625
0 0.71953125 0.653125 0.0890625 0.18125
0 0.51328125 0.85390625 0.075 0.125
0 0.56640625 0.78359375 0.0828125 0.1046875
0 0.80859375 0.628125 0.0890625 0.096875
0 0.95 0.5546875 0.0875 0.078125