0 0.3671875 0.62890625 0.078125 0.1109375
0 0.23515625 0.5453125 0.046875 0.0859375
0 0.18203125 0.3625 0.06875 0.0765625
0 0.22421875 0.309375 0.0984375 0.06875
0 0.284375 0.3890625 0.0515625 0.053125
0 0.35703125 0.44609375 0.071875 0.0859375
0 0.4890625 0.46015625 0.0671875 0.0578125
0 0.53359375 0.4625 0.0625 0.0859375
0 0.35078125 0.3375 0.0484375 0.1328125
0 0.39453125 0.2375 0.071875 0.1296875
0 0.26328125 0.1375 0.065625 0.1109375
0 0.20078125 0.053125 0.0390625 0.0859375
0 0.12265625 0.04140625 0.04375 0.0578125
0 0.66953125 0.18828125 0.0703125 0.0515625
0 0.65625 0.140625 0.075 0.08125
0 0.85234375 0.275 0.0828125 0.0609375
0 0.9453125 0.15078125 0.075 0.1546875
0 0.76484375 0.53125 0.05 0.0578125
0 0.7328125 0.60234375 0.0484375 0.0671875
0 0.65859375 0.6171875 0.0375 0.065625
0 0.65 0.515625 0.04375 0.0875