0 0.5578125 0.43828125 0.090625 0.1078125
0 0.72265625 0.553125 0.096875 0.1421875
0 0.77734375 0.8171875 0.1359375 0.1359375
0 0.553125 0.6359375 0.128125 0.1609375
0 0.48828125 0.5609375 0.065625 0.071875
0 0.40078125 0.5484375 0.0625 0.0734375
0 0.465625 0.64296875 0.06875 0.084375
0 0.3625 0.5359375 0.065625 0.13125
0 0.2796875 0.2984375 0.090625 0.1609375
0 0.275 0.4 0.0640625 0.0703125
0 0.47109375 0.353125 0.0546875 0.08125
0 0.05703125 0.65625 0.090625 0.1234375
0 0.10390625 0.87265625 0.1265625 0.225
0 0.025 0.4421875 0.05 0.134375
0 0.12421875 0.51640625 0.0671875 0.103125
0 0.3046875 0.70703125 0.0515625 0.0734375
0 0.403125 0.76796875 0.1484375 0.1609375
0 0.58828125 0.86484375 0.0734375 0.1296875