0 0.74921875 0.396875 0.3671875 0.2109375
0 0.71875 0.69296875 0.2484375 0.171875
0 0.590625 0.90546875 0.353125 0.1890625
0 0.4546875 0.665625 0.30625 0.1921875
0 0.2359375 0.51640625 0.1921875 0.1984375
0 0.6296875 0.11875 0.2421875 0.15625
0 0.42734375 0.28515625 0.2375 0.2484375
0 0.08828125 0.38359375 0.1765625 0.1390625
0 0.81796875 0.2203125 0.2703125 0.16875
0 0.1890625 0.2578125 0.2203125 0.178125
0 0.4140625 0.45390625 0.175 0.1921875
0 0.91015625 0.6140625 0.1796875 0.1875
0 0.45859375 0.8484375 0.3203125 0.2390625
0 0.178125 0.78046875 0.2046875 0.1859375
0 0.321875 0.0984375 0.221875 0.1671875
0 0.146875 0.52578125 0.1703125 0.215625
0 0.809375 0.459375 0.309375 0.2046875