0 0.26875 0.54375 0.1734375 0.128125
0 0.09140625 0.85234375 0.1828125 0.1828125
0 0.13359375 0.65234375 0.140625 0.0890625
0 0.19765625 0.51640625 0.1265625 0.059375
0 0.146875 0.60078125 0.0953125 0.0921875
0 0.19765625 0.24921875 0.14375 0.1015625
0 0.3265625 0.440625 0.065625 0.0484375
0 0.428125 0.459375 0.0671875 0.059375
0 0.4296875 0.50234375 0.0453125 0.04375
0 0.365625 0.65546875 0.0484375 0.0609375
0 0.5234375 0.63671875 0.0921875 0.05625
0 0.66953125 0.70234375 0.09375 0.078125
0 0.840625 0.65859375 0.16875 0.1015625
0 0.9375 0.40234375 0.125 0.0671875
0 0.60546875 0.471875 0.0765625 0.0515625
0 0.25703125 0.83125 0.090625 0.0515625
0 0.9109375 0.7546875 0.09375 0.0546875
0 0.459375 0.83203125 0.065625 0.06875
0 0.28984375 0.7578125 0.084375 0.0578125
0 0.43125 0.95 0.071875 0.0625