0 0.8671875 0.8453125 0.146875 0.278125
0 0.73125 0.91328125 0.13125 0.1734375
0 0.91015625 0.66796875 0.1015625 0.1953125
0 0.740625 0.73984375 0.0859375 0.16875
0 0.7 0.78671875 0.065625 0.1421875
0 0.74921875 0.76171875 0.05625 0.0859375
0 0.32421875 0.5484375 0.128125 0.1765625
0 0.23359375 0.5796875 0.125 0.19375
0 0.23046875 0.49140625 0.071875 0.1546875
0 0.15390625 0.296875 0.121875 0.16875
0 0.0421875 0.37578125 0.075 0.134375
0 0.065625 0.36796875 0.06875 0.0671875
0 0.078125 0.50546875 0.0703125 0.06875
0 0.08359375 0.44140625 0.0609375 0.075
0 0.1296875 0.0828125 0.15 0.165625
0 0.48984375 0.03046875 0.0578125 0.0609375
0 0.4734375 0.04296875 0.053125 0.0734375
0 0.3328125 0.1421875 0.075 0.1390625
0 0.30234375 0.896875 0.0953125 0.1109375
0 0.03359375 0.80859375 0.0671875 0.1765625
0 0.0609375 0.740625 0.121875 0.15625
0 0.07109375 0.67265625 0.0890625 0.1
0 0.43359375 0.84609375 0.0828125 0.1859375
0 0.45703125 0.90390625 0.0734375 0.1796875
0 0.496875 0.81640625 0.09375 0.2671875
0 0.43984375 0.5796875 0.0875 0.171875
0 0.74453125 0.3921875 0.08125 0.18125
0 0.6734375 0.50390625 0.08125 0.1796875
0 0.72421875 0.5515625 0.084375 0.1734375
0 0.81953125 0.31953125 0.06875 0.1390625
0 0.59140625 0.22890625 0.0953125 0.2015625
0 0.703125 0.1140625 0.1 0.178125
0 0.48203125 0.465625 0.084375 0.1375
0 0.3578125 0.38125 0.109375 0.2125
0 0.3875 0.30859375 0.10625 0.1359375
0 0.2171875 0.790625 0.078125 0.1109375
0 0.1765625 0.74453125 0.09375 0.134375
0 0.14140625 0.74140625 0.084375 0.1046875
0 0.1328125 0.77421875 0.0625 0.0796875
0 0.15703125 0.64140625 0.0890625 0.09375
0 0.32109375 0.7828125 0.0609375 0.134375
0 0.55859375 0.9234375 0.1046875 0.153125