0 0.89375 0.2625 0.159375 0.1609375
0 0.8421875 0.05703125 0.171875 0.1140625
0 0.75390625 0.15078125 0.115625 0.1578125
0 0.76796875 0.31171875 0.175 0.171875
0 0.87890625 0.5828125 0.140625 0.15625
0 0.96484375 0.671875 0.0703125 0.29375
0 0.615625 0.80625 0.315625 0.24375
0 0.321875 0.94921875 0.11875 0.1015625
0 0.26328125 0.6828125 0.103125 0.196875
0 0.2921875 0.4109375 0.1359375 0.2
0 0.428125 0.3234375 0.1046875 0.1671875
0 0.53828125 0.421875 0.1296875 0.1171875
0 0.55625 0.2375 0.1328125 0.1421875
0 0.5390625 0.090625 0.1296875 0.153125
0 0.5828125 0.14296875 0.084375 0.225
0 0.6484375 0.1 0.128125 0.146875
0 0.56328125 0.6125 0.1421875 0.1765625
0 0.65390625 0.5703125 0.1859375 0.1578125
0 0.69140625 0.5015625 0.1515625 0.125
0 0.721875 0.6609375 0.1421875 0.1921875
0 0.415625 0.75625 0.1578125 0.1359375
0 0.22109375 0.79921875 0.1265625 0.128125
0 0.040625 0.32578125 0.08125 0.1265625
0 0.26484375 0.2234375 0.1171875 0.1296875
0 0.34765625 0.109375 0.1265625 0.1203125
0 0.08203125 0.42734375 0.1359375 0.13125
0 0.3328125 0.63359375 0.1 0.1109375
0 0.34375 0.52578125 0.0953125 0.15
0 0.4125 0.934375 0.0875 0.13125