0 0.79296875 0.57734375 0.2390625 0.121875
0 0.625 0.8125 0.15 0.15625
0 0.51640625 0.9125 0.08125 0.08125
0 0.4046875 0.91796875 0.053125 0.0515625
0 0.5484375 0.834375 0.05625 0.0625
0 0.35390625 0.7109375 0.071875 0.0671875
0 0.0640625 0.81171875 0.0796875 0.084375
0 0.0390625 0.59296875 0.078125 0.1
0 0.1203125 0.48671875 0.078125 0.0484375
0 0.2828125 0.359375 0.1046875 0.075
0 0.68046875 0.440625 0.1078125 0.0859375
0 0.66953125 0.5109375 0.09375 0.0484375
0 0.88984375 0.48203125 0.096875 0.05
0 0.796875 0.4515625 0.0875 0.0453125
0 0.7671875 0.7375 0.046875 0.103125
0 0.86328125 0.79765625 0.1109375 0.08125
0 0.84453125 0.965625 0.128125 0.06875
0 0.7078125 0.94453125 0.0546875 0.040625
0 0.6296875 0.93203125 0.04375 0.084375
0 0.5296875 0.5484375 0.059375 0.08125
0 0.146875 0.88359375 0.0546875 0.059375
0 0.7359375 0.66640625 0.075 0.0640625