0 0.34765625 0.21171875 0.215625 0.2265625
0 0.6140625 0.246875 0.2171875 0.2078125
0 0.496875 0.2390625 0.0984375 0.10625
0 0.590625 0.353125 0.228125 0.203125
0 0.7765625 0.3953125 0.1 0.1296875
0 0.7421875 0.4515625 0.1828125 0.1875
0 0.74375 0.5828125 0.209375 0.2078125
0 0.63515625 0.609375 0.178125 0.2203125
0 0.67109375 0.5296875 0.109375 0.1125
0 0.54765625 0.6484375 0.190625 0.1875
0 0.46015625 0.43046875 0.146875 0.16875
0 0.334375 0.42265625 0.2015625 0.1734375
0 0.20234375 0.78828125 0.20625 0.2
0 0.24453125 0.96796875 0.1015625 0.0640625
0 0.36328125 0.5421875 0.0984375 0.1125
0 0.44296875 0.496875 0.15625 0.128125
0 0.44609375 0.58125 0.159375 0.1328125