0 0.20546875 0.265625 0.18125 0.1546875
0 0.08515625 0.11484375 0.15 0.175
0 0.1609375 0.0734375 0.1625 0.146875
0 0.34453125 0.15390625 0.1375 0.178125
0 0.325 0.19453125 0.1421875 0.20625
0 0.2828125 0.2453125 0.1390625 0.184375
0 0.2109375 0.296875 0.1921875 0.2125
0 0.46953125 0.1265625 0.159375 0.15
0 0.50234375 0.03984375 0.1234375 0.0796875
0 0.59765625 0.253125 0.146875 0.19375
0 0.521875 0.29765625 0.16875 0.2046875
0 0.46796875 0.315625 0.1390625 0.1296875
0 0.5984375 0.40625 0.134375 0.1140625
0 0.48828125 0.47109375 0.125 0.1921875
0 0.56796875 0.8078125 0.0890625 0.1671875
0 0.9421875 0.12421875 0.0921875 0.146875