0 0.5640625 0.67578125 0.0546875 0.096875
0 0.58671875 0.65703125 0.05625 0.0875
0 0.20859375 0.40234375 0.06875 0.1234375
0 0.15859375 0.3578125 0.05625 0.128125
0 0.06875 0.28671875 0.0484375 0.1046875
0 0.02578125 0.54609375 0.040625 0.11875
0 0.3578125 0.75546875 0.0546875 0.0765625
0 0.42109375 0.7 0.0375 0.0828125
0 0.26484375 0.5390625 0.0578125 0.0890625
0 0.378125 0.45078125 0.05 0.1125
0 0.27421875 0.2515625 0.05 0.0890625
0 0.72265625 0.74453125 0.05 0.1265625
0 0.84921875 0.78046875 0.059375 0.078125
0 0.98359375 0.85625 0.0328125 0.084375
0 0.8015625 0.796875 0.040625 0.0625
0 0.46875 0.5078125 0.053125 0.0921875
0 0.14765625 0.21875 0.059375 0.08125
0 0.6671875 0.65546875 0.0328125 0.0546875
0 0.37734375 0.3125 0.040625 0.06875
0 0.38515625 0.1296875 0.028125 0.0703125
0 0.68359375 0.61796875 0.05625 0.0546875
0 0.5375 0.4671875 0.04375 0.075