0 0.49921875 0.7765625 0.1609375 0.1578125
0 0.65078125 0.8203125 0.1765625 0.178125
0 0.36328125 0.6453125 0.16875 0.1609375
0 0.2015625 0.825 0.1359375 0.1625
0 0.43671875 0.45 0.18125 0.1328125
0 0.70859375 0.52578125 0.2125 0.1640625
0 0.51171875 0.6296875 0.1703125 0.1515625
0 0.48984375 0.6984375 0.1796875 0.1515625
0 0.63359375 0.6015625 0.1609375 0.1734375
0 0.82265625 0.71953125 0.203125 0.1828125
0 0.8953125 0.646875 0.175 0.140625
0 0.8375 0.8234375 0.15625 0.1203125
0 0.94921875 0.85703125 0.1015625 0.1265625
0 0.61484375 0.6828125 0.128125 0.1171875
0 0.96640625 0.75390625 0.0671875 0.1578125
0 0.7046875 0.9125 0.1984375 0.14375