0 0.578125 0.18359375 0.175 0.190625
0 0.328125 0.28203125 0.18125 0.16875
0 0.43984375 0.24609375 0.078125 0.0890625
0 0.3765625 0.3796875 0.19375 0.1609375
0 0.20625 0.465625 0.075 0.115625
0 0.253125 0.51171875 0.15 0.15625
0 0.28359375 0.6390625 0.171875 0.171875
0 0.3953125 0.6390625 0.1359375 0.19375
0 0.34140625 0.5703125 0.0890625 0.09375
0 0.48984375 0.65546875 0.159375 0.153125
0 0.521875 0.42265625 0.115625 0.14375
0 0.6421875 0.38515625 0.175 0.134375
0 0.85859375 0.7078125 0.171875 0.1640625
0 0.87109375 0.9328125 0.071875 0.134375
0 0.64296875 0.5078125 0.078125 0.096875
0 0.5546875 0.4828125 0.1375 0.0984375
0 0.571875 0.565625 0.1375 0.103125