0 0.68515625 0.1015625 0.140625 0.14375
0 0.5734375 0.15859375 0.0875 0.128125
0 0.46640625 0.0390625 0.0890625 0.065625
0 0.0546875 0.19453125 0.1 0.11875
0 0.05078125 0.3828125 0.0984375 0.1109375
0 0.24453125 0.334375 0.08125 0.071875
0 0.4 0.3640625 0.071875 0.059375
0 0.37265625 0.40859375 0.08125 0.05
0 0.346875 0.53984375 0.0875 0.084375
0 0.1703125 0.6546875 0.128125 0.1125
0 0.6 0.4546875 0.1234375 0.1203125
0 0.5765625 0.36015625 0.0625 0.0734375
0 0.81171875 0.440625 0.140625 0.0890625
0 0.91015625 0.25625 0.0703125 0.078125
0 0.8734375 0.52421875 0.184375 0.1125
0 0.809375 0.684375 0.0890625 0.084375
0 0.63359375 0.53046875 0.06875 0.046875
0 0.5234375 0.54140625 0.0609375 0.03125
0 0.5984375 0.21015625 0.0890625 0.0890625
0 0.4421875 0.17734375 0.0703125 0.0828125
0 0.334375 0.23671875 0.0546875 0.078125
0 0.24609375 0.03671875 0.0828125 0.0734375
0 0.82890625 0.28515625 0.084375 0.0546875
0 0.76328125 0.18671875 0.1015625 0.1421875