0 0.540625 0.21171875 0.2375 0.4234375
0 0.7046875 0.63203125 0.365625 0.33125
0 0.6828125 0.9015625 0.19375 0.196875
0 0.57109375 0.88671875 0.134375 0.1484375
0 0.4859375 0.86875 0.1359375 0.1421875
0 0.63046875 0.8390625 0.1421875 0.1234375
0 0.778125 0.8203125 0.146875 0.1765625
0 0.8703125 0.9421875 0.14375 0.115625
0 0.80078125 0.28828125 0.1515625 0.2140625
0 0.77421875 0.171875 0.1046875 0.271875
0 0.68828125 0.44921875 0.1078125 0.1609375
0 0.5515625 0.475 0.1984375 0.23125
0 0.4375 0.65703125 0.075 0.2
0 0.49609375 0.59921875 0.11875 0.125
0 0.4734375 0.74375 0.103125 0.1390625
0 0.3515625 0.878125 0.1078125 0.1375
0 0.28359375 0.86875 0.0953125 0.115625
0 0.2375 0.68828125 0.2046875 0.2125
0 0.346875 0.590625 0.103125 0.1421875
0 0.178125 0.2859375 0.234375 0.2359375
0 0.33203125 0.33828125 0.1203125 0.134375
0 0.10625 0.59140625 0.078125 0.11875