0 0.2921875 0.44453125 0.1953125 0.2640625
0 0.42109375 0.65859375 0.246875 0.2546875
0 0.0875 0.70234375 0.175 0.1765625
0 0.10390625 0.46875 0.2078125 0.228125
0 0.134375 0.31484375 0.18125 0.146875
0 0.16640625 0.21484375 0.2515625 0.2109375
0 0.19296875 0.08671875 0.140625 0.1125
0 0.1359375 0.0453125 0.1375 0.090625
0 0.29765625 0.0953125 0.0765625 0.0921875
0 0.44375 0.06015625 0.159375 0.1203125
0 0.390625 0.1859375 0.16875 0.1640625
0 0.5484375 0.10625 0.178125 0.1796875
0 0.6796875 0.20859375 0.1375 0.1296875
0 0.6734375 0.15703125 0.10625 0.1
0 0.75625 0.23515625 0.125 0.13125
0 0.84375 0.33671875 0.1984375 0.20625
0 0.93984375 0.34453125 0.1203125 0.2015625
0 0.61015625 0.32421875 0.1515625 0.134375
0 0.528125 0.284375 0.1265625 0.1265625
0 0.465625 0.3234375 0.0875 0.1109375
0 0.496875 0.5046875 0.21875 0.2015625
0 0.41875 0.85703125 0.14375 0.15625
0 0.17421875 0.84921875 0.26875 0.190625
0 0.58828125 0.865625 0.146875 0.1328125
0 0.83515625 0.95234375 0.1921875 0.0953125
0 0.65234375 0.590625 0.1890625 0.228125
0 0.72734375 0.6875 0.0953125 0.109375
0 0.77421875 0.58515625 0.215625 0.175
0 0.740625 0.4890625 0.11875 0.146875
0 0.62109375 0.4671875 0.1125 0.1359375
0 0.89609375 0.45 0.103125 0.1078125
0 0.89921875 0.68125 0.1703125 0.15625
0 0.8796875 0.11328125 0.1453125 0.1265625
0 0.8703125 0.23125 0.1625 0.1671875
0 0.96953125 0.13828125 0.0609375 0.1296875
0 0.5796875 0.0296875 0.121875 0.059375
0 0.31015625 0.21796875 0.165625 0.1828125
0 0.3765625 0.334375 0.1203125 0.140625
0 0.315625 0.57890625 0.1625 0.1671875
0 0.765625 0.8546875 0.0875 0.140625