0 0.2609375 0.3046875 0.1765625 0.1421875
0 0.0796875 0.67109375 0.14375 0.1734375
0 0.40703125 0.353125 0.1609375 0.1609375
0 0.4125 0.4484375 0.171875 0.1625
0 0.28828125 0.45546875 0.1140625 0.103125
0 0.37109375 0.5171875 0.159375 0.11875
0 0.490625 0.1609375 0.1234375 0.1296875
0 0.61796875 0.21875 0.1921875 0.153125
0 0.5609375 0.278125 0.2046875 0.1921875
0 0.5515625 0.365625 0.1296875 0.1015625
0 0.61953125 0.42421875 0.19375 0.171875
0 0.590625 0.46953125 0.1640625 0.1609375
0 0.58828125 0.5859375 0.16875 0.1796875
0 0.4859375 0.5953125 0.1609375 0.1625
0 0.66328125 0.71796875 0.1390625 0.0921875
0 0.72421875 0.60546875 0.1625 0.1453125
0 0.73203125 0.42890625 0.1328125 0.128125
0 0.80390625 0.403125 0.09375 0.1234375
0 0.73671875 0.503125 0.13125 0.1078125
0 0.66875 0.54140625 0.1 0.0921875