0 0.54296875 0.2921875 0.159375 0.15
0 0.4140625 0.3328125 0.1515625 0.1078125
0 0.41796875 0.4453125 0.1453125 0.1296875
0 0.31328125 0.53203125 0.13125 0.2171875
0 0.17734375 0.4078125 0.05625 0.1078125
0 0.09609375 0.42265625 0.1640625 0.1421875
0 0.0765625 0.278125 0.153125 0.171875
0 0.3015625 0.084375 0.14375 0.1390625
0 0.41015625 0.13359375 0.109375 0.1140625
0 0.32421875 0.2203125 0.06875 0.0484375
0 0.30546875 0.2625 0.0796875 0.0671875
0 0.68359375 0.34140625 0.103125 0.090625
0 0.77265625 0.384375 0.1359375 0.121875
0 0.58046875 0.3921875 0.140625 0.1125
0 0.546875 0.47109375 0.1484375 0.1390625
0 0.48984375 0.54375 0.0625 0.075
0 0.56015625 0.61953125 0.1328125 0.075
0 0.56484375 0.6703125 0.109375 0.0671875
0 0.45859375 0.6890625 0.1203125 0.0984375
0 0.48046875 0.73515625 0.075 0.05
0 0.578125 0.78984375 0.14375 0.115625
0 0.2234375 0.78671875 0.1 0.0890625
0 0.13984375 0.70390625 0.0984375 0.1125
0 0.69375 0.71953125 0.1625 0.0953125
0 0.6875 0.79609375 0.1203125 0.1203125
0 0.7796875 0.784375 0.1125 0.0890625
0 0.87109375 0.7 0.21875 0.14375
0 0.95625 0.76171875 0.0875 0.1078125
0 0.90234375 0.47578125 0.1953125 0.1390625
0 0.921875 0.35703125 0.1328125 0.09375
0 0.7546875 0.2140625 0.18125 0.1203125
0 0.67421875 0.26953125 0.121875 0.0890625
0 0.92265625 0.30625 0.115625 0.06875