0 0.29765625 0.3703125 0.08125 0.075
0 0.43828125 0.40078125 0.0640625 0.065625
0 0.67421875 0.371875 0.109375 0.0875
0 0.6578125 0.29609375 0.0765625 0.0953125
0 0.8390625 0.32578125 0.0828125 0.0828125
0 0.9078125 0.32265625 0.1 0.14375
0 0.7625 0.38671875 0.0484375 0.103125
0 0.8171875 0.603125 0.1203125 0.1953125
0 0.76484375 0.55859375 0.0671875 0.0953125
0 0.92265625 0.5234375 0.0546875 0.09375
0 0.9703125 0.6078125 0.059375 0.08125
0 0.48046875 0.60546875 0.04375 0.053125
0 0.42421875 0.6578125 0.0828125 0.1296875
0 0.4734375 0.6328125 0.0515625 0.075
0 0.50390625 0.5015625 0.059375 0.0796875
0 0.29609375 0.68046875 0.065625 0.0953125
0 0.28515625 0.97578125 0.0515625 0.0484375
0 0.29453125 0.9671875 0.0453125 0.0578125
0 0.25234375 0.7609375 0.0796875 0.1171875
0 0.38984375 0.80234375 0.0921875 0.090625
0 0.57421875 0.7453125 0.0890625 0.128125
0 0.59375 0.43203125 0.0796875 0.075
0 0.34765625 0.5078125 0.059375 0.0703125
0 0.16484375 0.87421875 0.1140625 0.1328125
0 0.1625 0.95078125 0.06875 0.05625
0 0.0796875 0.8359375 0.078125 0.1125