0 0.3203125 0.7078125 0.1046875 0.1046875
0 0.5953125 0.69140625 0.1140625 0.109375
0 0.8421875 0.940625 0.1 0.11875
0 0.48984375 0.82109375 0.0875 0.0765625
0 0.553125 0.54921875 0.1265625 0.115625
0 0.91640625 0.5765625 0.1203125 0.1578125
0 0.9328125 0.2109375 0.134375 0.165625
0 0.853125 0.15859375 0.1328125 0.128125
0 0.66953125 0.1296875 0.15625 0.11875
0 0.51953125 0.4234375 0.1390625 0.109375
0 0.38828125 0.4359375 0.1109375 0.121875
0 0.33203125 0.565625 0.109375 0.1140625
0 0.203125 0.58671875 0.1 0.103125
0 0.1328125 0.4734375 0.109375 0.0921875
0 0.18828125 0.33671875 0.1453125 0.13125
0 0.2625 0.13125 0.146875 0.109375
0 0.1546875 0.1953125 0.071875 0.0859375
0 0.184375 0.046875 0.1 0.09375
0 0.2796875 0.0359375 0.109375 0.071875