0 0.42734375 0.1359375 0.1390625 0.134375
0 0.228125 0.03671875 0.14375 0.0734375
0 0.17578125 0.1609375 0.1265625 0.1015625
0 0.078125 0.31484375 0.103125 0.075
0 0.09375 0.3546875 0.0765625 0.0625
0 0.46484375 0.3453125 0.1171875 0.128125
0 0.43515625 0.328125 0.0578125 0.059375
0 0.4984375 0.53984375 0.0609375 0.05625
0 0.15078125 0.7546875 0.1046875 0.1734375
0 0.3234375 0.53984375 0.0828125 0.0953125
0 0.2640625 0.45703125 0.06875 0.0734375
0 0.675 0.35234375 0.075 0.075
0 0.696875 0.09921875 0.0828125 0.071875
0 0.7703125 0.096875 0.0484375 0.04375
0 0.75546875 0.1375 0.0578125 0.0671875
0 0.69921875 0.1875 0.040625 0.046875
0 0.73203125 0.24140625 0.0703125 0.084375
0 0.846875 0.20390625 0.078125 0.075
0 0.85234375 0.2984375 0.146875 0.1359375
0 0.7875 0.403125 0.0875 0.090625
0 0.9765625 0.22734375 0.046875 0.0984375
0 0.97734375 0.33359375 0.0453125 0.1234375
0 0.94921875 0.428125 0.1015625 0.13125
0 0.89296875 0.49140625 0.1265625 0.1328125
0 0.7984375 0.55078125 0.184375 0.1421875
0 0.728125 0.478125 0.0546875 0.059375
0 0.696875 0.4828125 0.034375 0.0515625
0 0.86796875 0.775 0.146875 0.115625
0 0.74140625 0.62578125 0.0515625 0.046875
0 0.5546875 0.51171875 0.059375 0.0609375
0 0.63671875 0.30234375 0.046875 0.0515625
0 0.60859375 0.33984375 0.053125 0.053125
0 0.55546875 0.065625 0.0703125 0.071875
0 0.48515625 0.0265625 0.1015625 0.053125