0 0.7109375 0.08515625 0.240625 0.1703125
0 0.5578125 0.034375 0.103125 0.06875
0 0.42890625 0.0296875 0.0859375 0.0578125
0 0.1296875 0.23046875 0.1015625 0.0921875
0 0.11796875 0.4625 0.109375 0.0984375
0 0.16640625 0.6703125 0.1265625 0.0890625
0 0.61796875 0.4625 0.103125 0.0765625
0 0.76796875 0.49609375 0.121875 0.075
0 0.821875 0.3078125 0.08125 0.053125
0 0.78125 0.2015625 0.1265625 0.096875
0 0.8953125 0.4890625 0.121875 0.090625
0 0.72421875 0.4203125 0.09375 0.0546875
0 0.696875 0.325 0.1078125 0.0859375
0 0.53203125 0.0828125 0.0515625 0.040625
0 0.4359375 0.1484375 0.0578125 0.0640625
0 0.459375 0.1703125 0.04375 0.046875
0 0.396875 0.35 0.0828125 0.1140625
0 0.484375 0.45234375 0.0828125 0.071875
0 0.9296875 0.34140625 0.084375 0.0625