0 0.37578125 0.3046875 0.065625 0.1078125
0 0.35703125 0.409375 0.0734375 0.0953125
0 0.59140625 0.40390625 0.1015625 0.084375
0 0.70625 0.41640625 0.071875 0.109375
0 0.8765625 0.584375 0.134375 0.1421875
0 0.86328125 0.66171875 0.103125 0.090625
0 0.821875 0.7625 0.0765625 0.084375
0 0.66171875 0.74609375 0.103125 0.103125
0 0.6234375 0.8328125 0.1078125 0.1359375
0 0.72578125 0.91640625 0.075 0.10625
0 0.72109375 0.98359375 0.0484375 0.0328125
0 0.56875 0.5765625 0.0703125 0.10625
0 0.4734375 0.68671875 0.0828125 0.0765625
0 0.284375 0.72890625 0.1 0.0984375
0 0.384375 0.8109375 0.071875 0.1046875
0 0.18515625 0.596875 0.1421875 0.1640625
0 0.03984375 0.56796875 0.0796875 0.1546875
0 0.1046875 0.32890625 0.0640625 0.115625
0 0.04765625 0.6296875 0.0671875 0.090625
0 0.24375 0.39609375 0.053125 0.075
0 0.225 0.32734375 0.06875 0.090625