0 0.55703125 0.33515625 0.1421875 0.1484375
0 0.65234375 0.15546875 0.128125 0.121875
0 0.82890625 0.16328125 0.13125 0.0828125
0 0.7703125 0.2359375 0.0546875 0.0421875
0 0.91484375 0.49609375 0.1375 0.075
0 0.9828125 0.5078125 0.034375 0.059375
0 0.7265625 0.9390625 0.08125 0.121875
0 0.2765625 0.475 0.1625 0.11875
0 0.384375 0.3625 0.096875 0.115625
0 0.375 0.2859375 0.084375 0.0703125
0 0.315625 0.20703125 0.13125 0.084375
0 0.3125 0.1078125 0.0796875 0.053125
0 0.41640625 0.01953125 0.1015625 0.0390625
0 0.09375 0.1640625 0.115625 0.1203125
0 0.1875 0.08828125 0.1359375 0.1078125
0 0.06953125 0.35234375 0.11875 0.1140625
0 0.1671875 0.38671875 0.09375 0.1046875
0 0.2359375 0.28125 0.0828125 0.0984375
0 0.09296875 0.625 0.121875 0.0890625
0 0.03984375 0.65625 0.0796875 0.1125
0 0.4890625 0.54140625 0.0671875 0.0546875
0 0.52265625 0.51171875 0.05 0.0625
0 0.46484375 0.41796875 0.053125 0.0640625
0 0.4640625 0.4859375 0.0578125 0.0515625
0 0.47265625 0.27734375 0.053125 0.0625
0 0.87578125 0.31328125 0.1 0.0765625
0 0.428125 0.07890625 0.04375 0.0453125
0 0.57734375 0.08203125 0.0640625 0.0578125
0 0.659375 0.059375 0.0640625 0.0734375