0 0.76171875 0.4234375 0.1703125 0.2078125
0 0.63828125 0.17421875 0.2 0.196875
0 0.46015625 0.06171875 0.1890625 0.1234375
0 0.2125 0.1421875 0.15 0.1421875
0 0.21875 0.3125 0.1859375 0.146875
0 0.27578125 0.40859375 0.1890625 0.1375
0 0.36171875 0.35859375 0.203125 0.1546875
0 0.37109375 0.253125 0.1875 0.1390625
0 0.515625 0.22890625 0.225 0.1890625
0 0.5328125 0.3328125 0.20625 0.1625
0 0.653125 0.4125 0.178125 0.1390625
0 0.5546875 0.44453125 0.1625 0.1453125
0 0.65546875 0.5125 0.175 0.14375
0 0.6390625 0.55078125 0.175 0.1453125
0 0.6328125 0.68828125 0.2015625 0.1625
0 0.5015625 0.5484375 0.165625 0.1859375
0 0.3921875 0.5578125 0.1828125 0.2
0 0.434375 0.4859375 0.1578125 0.10625