0 0.5234375 0.3515625 0.1375 0.1546875
0 0.60625 0.41171875 0.121875 0.1234375
0 0.61171875 0.8296875 0.165625 0.121875
0 0.3859375 0.6296875 0.1453125 0.1140625
0 0.178125 0.63125 0.1359375 0.1234375
0 0.1859375 0.4765625 0.165625 0.109375
0 0.16796875 0.25625 0.1421875 0.153125
0 0.82109375 0.32421875 0.1421875 0.075
0 0.86328125 0.1859375 0.1078125 0.1046875
0 0.9546875 0.31875 0.090625 0.121875
0 0.91484375 0.54375 0.1625 0.125
0 0.28671875 0.8546875 0.14375 0.09375
0 0.1953125 0.753125 0.1578125 0.1390625