0 0.56484375 0.31484375 0.0953125 0.115625
0 0.6203125 0.440625 0.10625 0.1140625
0 0.78828125 0.3703125 0.1359375 0.146875
0 0.7421875 0.1515625 0.1109375 0.125
0 0.17578125 0.76796875 0.1046875 0.2359375
0 0.05703125 0.1328125 0.1046875 0.1921875
0 0.40078125 0.35625 0.10625 0.234375
0 0.5796875 0.5359375 0.0671875 0.08125
0 0.79140625 0.6796875 0.153125 0.1515625
0 0.9421875 0.690625 0.1078125 0.0875
0 0.53359375 0.921875 0.1390625 0.1359375
0 0.47421875 0.8921875 0.1359375 0.215625
0 0.4296875 0.85078125 0.1171875 0.134375
0 0.47734375 0.58671875 0.1 0.0953125
0 0.86640625 0.14453125 0.0984375 0.078125
0 0.4828125 0.74296875 0.0796875 0.1390625
0 0.13125 0.265625 0.075 0.1125
0 0.321875 0.38359375 0.084375 0.1765625
0 0.4796875 0.17734375 0.0734375 0.109375
0 0.80625 0.48984375 0.096875 0.084375