0 0.2765625 0.69921875 0.1875 0.25
0 0.1453125 0.61875 0.1046875 0.134375
0 0.1921875 0.7828125 0.1421875 0.26875
0 0.1453125 0.853125 0.1125 0.1875
0 0.053125 0.3640625 0.10625 0.19375
0 0.825 0.08203125 0.19375 0.1640625
0 0.82578125 0.28515625 0.215625 0.2328125
0 0.66015625 0.14296875 0.2671875 0.2859375
0 0.55546875 0.259375 0.2875 0.3484375
0 0.5453125 0.29453125 0.1921875 0.20625
0 0.428125 0.37890625 0.1453125 0.15625
0 0.49765625 0.525 0.3046875 0.2734375
0 0.48046875 0.9328125 0.0984375 0.134375
0 0.45625 0.8265625 0.1 0.146875
0 0.5578125 0.85390625 0.1203125 0.2109375
0 0.61015625 0.81796875 0.209375 0.3234375
0 0.7515625 0.7875 0.234375 0.34375
0 0.84140625 0.6609375 0.3078125 0.396875
0 0.79375 0.45625 0.2640625 0.3078125
0 0.2765625 0.328125 0.134375 0.1578125
0 0.22421875 0.46484375 0.1375 0.2390625
0 0.10703125 0.27734375 0.1234375 0.159375
0 0.05546875 0.18046875 0.1109375 0.1203125
0 0.55 0.0328125 0.109375 0.065625
0 0.4640625 0.04453125 0.125 0.0890625
0 0.33125 0.05625 0.1390625 0.0875
0 0.36484375 0.1 0.103125 0.1390625