0 0.77578125 0.71640625 0.103125 0.10625
0 0.6171875 0.85859375 0.09375 0.0953125
0 0.68359375 0.878125 0.046875 0.09375
0 0.61953125 0.25 0.065625 0.1
0 0.84140625 0.03203125 0.0734375 0.0640625
0 0.3296875 0.596875 0.0859375 0.103125
0 0.321875 0.73671875 0.06875 0.06875
0 0.38125 0.62890625 0.05 0.0953125
0 0.4703125 0.53359375 0.046875 0.05625
0 0.453125 0.665625 0.046875 0.053125
0 0.4390625 0.69765625 0.03125 0.0609375
0 0.528125 0.73515625 0.04375 0.071875
0 0.46875 0.78828125 0.0453125 0.0984375
0 0.43515625 0.9296875 0.0578125 0.075
0 0.40625 0.975 0.0515625 0.0328125
0 0.24375 0.8921875 0.046875 0.0796875
0 0.81015625 0.1828125 0.090625 0.103125