0 0.48203125 0.36953125 0.2578125 0.2578125
0 0.334375 0.30703125 0.23125 0.3109375
0 0.1921875 0.2171875 0.259375 0.1828125
0 0.12109375 0.4765625 0.234375 0.221875
0 0.14609375 0.6484375 0.2234375 0.2078125
0 0.1046875 0.7359375 0.1484375 0.165625
0 0.23046875 0.7921875 0.2296875 0.2125
0 0.44140625 0.76484375 0.1734375 0.18125
0 0.521875 0.86640625 0.14375 0.1640625
0 0.646875 0.8265625 0.1453125 0.178125
0 0.6859375 0.9171875 0.1078125 0.121875
0 0.87578125 0.5546875 0.209375 0.1828125
0 0.78828125 0.42265625 0.2359375 0.2109375
0 0.6640625 0.496875 0.20625 0.2140625
0 0.7421875 0.69140625 0.1015625 0.14375
0 0.75546875 0.77890625 0.0890625 0.134375
0 0.48515625 0.50625 0.2234375 0.1609375
0 0.34140625 0.52578125 0.1984375 0.234375
0 0.740625 0.25546875 0.1453125 0.1515625
0 0.94140625 0.82421875 0.1171875 0.1953125
0 0.8984375 0.21796875 0.125 0.1390625
0 0.61015625 0.0765625 0.1703125 0.153125
0 0.8734375 0.828125 0.0765625 0.1109375
0 0.07109375 0.2421875 0.1421875 0.196875
0 0.12421875 0.90390625 0.1171875 0.128125
0 0.26328125 0.92890625 0.1359375 0.1421875
0 0.9171875 0.321875 0.109375 0.14375