0 0.65 0.1421875 0.1015625 0.13125
0 0.51796875 0.159375 0.0640625 0.096875
0 0.56953125 0.2 0.0515625 0.1171875
0 0.6265625 0.24375 0.04375 0.1015625
0 0.6484375 0.49140625 0.0875 0.1609375
0 0.91640625 0.8078125 0.140625 0.103125
0 0.5359375 0.5984375 0.0953125 0.1578125
0 0.44140625 0.6609375 0.0921875 0.109375
0 0.44609375 0.5640625 0.078125 0.0859375
0 0.459375 0.3390625 0.0765625 0.084375
0 0.434375 0.271875 0.0609375 0.0671875
0 0.2875 0.5125 0.059375 0.0765625
0 0.25 0.56015625 0.0734375 0.0609375
0 0.19609375 0.56875 0.0734375 0.065625
0 0.21640625 0.78125 0.0546875 0.0671875
0 0.1421875 0.64921875 0.046875 0.059375
0 0.2625 0.68046875 0.05 0.0953125
0 0.47578125 0.7609375 0.0625 0.0765625
0 0.3828125 0.80703125 0.04375 0.0703125
0 0.025 0.775 0.05 0.0625
0 0.06015625 0.84375 0.0625 0.090625
0 0.01875 0.8921875 0.0375 0.04375
0 0.0046875 0.84765625 0.009375 0.0453125
0 0.14375 0.7015625 0.0453125 0.0578125
0 0.153125 0.72890625 0.046875 0.05
0 0.1734375 0.78046875 0.0390625 0.0390625
0 0.30234375 0.4421875 0.0484375 0.0578125
0 0.359375 0.34453125 0.034375 0.0796875
0 0.6328125 0.0578125 0.040625 0.0625
0 0.74296875 0.11953125 0.034375 0.065625
0 0.78125 0.1140625 0.0390625 0.053125
0 0.71015625 0.10390625 0.021875 0.0578125
0 0.68203125 0.07421875 0.046875 0.0484375
0 0.3609375 0.47109375 0.03125 0.053125
0 0.35390625 0.6390625 0.0484375 0.05
0 0.31875 0.575 0.0578125 0.06875
0 0.3484375 0.90859375 0.05 0.065625