0 0.775 0.25234375 0.2109375 0.1671875
0 0.9203125 0.1921875 0.1203125 0.146875
0 0.8546875 0.3078125 0.1515625 0.1578125
0 0.79453125 0.459375 0.1625 0.14375
0 0.6015625 0.53828125 0.1328125 0.2359375
0 0.5828125 0.28515625 0.18125 0.1953125
0 0.4859375 0.065625 0.121875 0.13125
0 0.4484375 0.17578125 0.06875 0.075
0 0.734375 0.02578125 0.1375 0.0515625
0 0.36953125 0.8109375 0.1453125 0.378125
0 0.24453125 0.73359375 0.1984375 0.375
0 0.60859375 0.815625 0.159375 0.2234375
0 0.809375 0.8828125 0.215625 0.1984375
0 0.96484375 0.4265625 0.0671875 0.084375
0 0.47109375 0.52265625 0.0546875 0.0796875
0 0.46953125 0.446875 0.0484375 0.071875
0 0.38828125 0.49609375 0.0453125 0.05
0 0.36015625 0.6 0.0390625 0.0609375
0 0.38828125 0.34375 0.046875 0.046875
0 0.31796875 0.50703125 0.046875 0.0734375
0 0.28125 0.190625 0.0453125 0.0734375
0 0.31328125 0.1359375 0.05625 0.046875
0 0.39453125 0.10546875 0.040625 0.059375
0 0.34375 0.08359375 0.04375 0.0703125
0 0.0828125 0.13828125 0.0453125 0.065625