0 0.04296875 0.83828125 0.0859375 0.1109375
0 0.17109375 0.70859375 0.1421875 0.1046875
0 0.32578125 0.78125 0.13125 0.1296875
0 0.31796875 0.91640625 0.125 0.1125
0 0.49375 0.909375 0.1234375 0.0921875
0 0.52421875 0.77578125 0.1140625 0.115625
0 0.60625 0.8234375 0.0921875 0.0921875
0 0.75859375 0.88359375 0.1796875 0.125
0 0.7453125 0.74296875 0.1296875 0.1078125
0 0.63515625 0.734375 0.134375 0.0984375
0 0.54140625 0.7265625 0.090625 0.0890625
0 0.47421875 0.6796875 0.1078125 0.0796875
0 0.36484375 0.6640625 0.090625 0.0640625
0 0.32734375 0.621875 0.10625 0.0796875
0 0.215625 0.6125 0.13125 0.0890625
0 0.18203125 0.559375 0.1171875 0.0765625
0 0.6734375 0.9640625 0.0875 0.05625
0 0.60546875 0.91640625 0.1203125 0.0984375
0 0.70546875 0.68203125 0.096875 0.0734375
0 0.83984375 0.66015625 0.18125 0.153125
0 0.6421875 0.66796875 0.1125 0.0890625
0 0.4328125 0.603125 0.125 0.078125
0 0.45859375 0.49140625 0.10625 0.10625
0 0.6203125 0.56953125 0.0734375 0.06875
0 0.82421875 0.4828125 0.1515625 0.128125
0 0.94609375 0.53828125 0.1078125 0.0828125
0 0.86796875 0.55 0.0953125 0.0609375
0 0.75 0.5984375 0.084375 0.06875
0 0.64375 0.36953125 0.125 0.0734375
0 0.46875 0.32734375 0.18125 0.1359375
0 0.36875 0.18984375 0.1265625 0.0875
0 0.7984375 0.38125 0.1421875 0.103125
0 0.91796875 0.37265625 0.13125 0.0921875
0 0.96953125 0.4703125 0.0609375 0.071875
0 0.9765625 0.38515625 0.046875 0.0796875
0 0.98671875 0.3234375 0.0265625 0.071875
0 0.89140625 0.32578125 0.096875 0.0734375
0 0.93828125 0.12109375 0.1234375 0.1078125
0 0.90078125 0.1046875 0.13125 0.11875
0 0.71328125 0.23046875 0.1578125 0.1265625
0 0.6171875 0.2234375 0.103125 0.078125
0 0.53671875 0.128125 0.109375 0.0796875
0 0.628125 0.096875 0.0703125 0.053125
0 0.2734375 0.11171875 0.14375 0.1015625
0 0.1109375 0.15234375 0.1203125 0.0875
0 0.1125 0.409375 0.0890625 0.059375
0 0.203125 0.38125 0.1046875 0.09375
0 0.328125 0.421875 0.1109375 0.090625
0 0.721875 0.13203125 0.128125 0.0828125
0 0.5578125 0.246875 0.10625 0.0921875
0 0.46171875 0.25703125 0.0984375 0.0796875
0 0.34296875 0.30546875 0.0984375 0.096875
0 0.05390625 0.36875 0.0875 0.0765625