0 0.33359375 0.44921875 0.078125 0.11875
0 0.3 0.3453125 0.075 0.0890625
0 0.16875 0.43671875 0.0953125 0.096875
0 0.2140625 0.50546875 0.065625 0.071875
0 0.22265625 0.6703125 0.115625 0.128125
0 0.0875 0.69375 0.0828125 0.140625
0 0.10625 0.76015625 0.06875 0.090625
0 0.06796875 0.47421875 0.071875 0.1203125
0 0.5484375 0.37578125 0.078125 0.0765625
0 0.6609375 0.34609375 0.0578125 0.1015625
0 0.65078125 0.471875 0.05625 0.0953125
0 0.58359375 0.5734375 0.0703125 0.084375
0 0.703125 0.75 0.1 0.115625
0 0.7609375 0.66484375 0.1125 0.115625
0 0.86015625 0.7765625 0.1046875 0.1421875
0 0.93203125 0.646875 0.0875 0.0890625
0 0.9359375 0.4765625 0.128125 0.134375