0 0.66171875 0.63125 0.0640625 0.0953125
0 0.90859375 0.6078125 0.071875 0.128125
0 0.76640625 0.67734375 0.0625 0.0640625
0 0.7734375 0.41015625 0.034375 0.0921875
0 0.5984375 0.309375 0.06875 0.08125
0 0.5875 0.4125 0.065625 0.071875
0 0.55546875 0.45703125 0.059375 0.0609375
0 0.49765625 0.53671875 0.065625 0.0671875
0 0.55546875 0.61171875 0.0609375 0.05625
0 0.4921875 0.640625 0.05 0.0625
0 0.34921875 0.33828125 0.0546875 0.075
0 0.36171875 0.11953125 0.05625 0.084375
0 0.1609375 0.58359375 0.046875 0.09375
0 0.3421875 0.396875 0.0609375 0.0578125
0 0.83046875 0.2484375 0.0671875 0.078125
0 0.8109375 0.5125 0.0515625 0.05625
0 0.4 0.48359375 0.05 0.065625
0 0.71328125 0.2359375 0.0828125 0.0875