0 0.5671875 0.08125 0.15625 0.1625
0 0.4109375 0.1015625 0.1140625 0.1375
0 0.26171875 0.1234375 0.128125 0.1890625
0 0.209375 0.1828125 0.06875 0.1671875
0 0.1421875 0.18828125 0.084375 0.1265625
0 0.06796875 0.20703125 0.09375 0.1453125
0 0.03125 0.31171875 0.0625 0.1234375
0 0.0515625 0.55703125 0.103125 0.1296875
0 0.0375 0.659375 0.0484375 0.09375
0 0.15 0.809375 0.1578125 0.1078125
0 0.11015625 0.8953125 0.0953125 0.1046875
0 0.17578125 0.95390625 0.1296875 0.0921875
0 0.615625 0.209375 0.15625 0.15
0 0.5921875 0.39765625 0.1125 0.14375
0 0.678125 0.44765625 0.125 0.11875
0 0.4265625 0.4703125 0.1390625 0.1328125
0 0.41484375 0.35234375 0.153125 0.1671875
0 0.27421875 0.35078125 0.1125 0.1234375
0 0.3890625 0.1703125 0.1109375 0.1140625
0 0.70546875 0.0609375 0.0953125 0.1109375
0 0.62265625 0.03515625 0.0921875 0.0703125
0 0.8921875 0.0515625 0.084375 0.103125
0 0.875 0.28359375 0.071875 0.096875
0 0.9125 0.3890625 0.0875 0.1234375
0 0.834375 0.42265625 0.1046875 0.15625
0 0.78359375 0.2921875 0.0859375 0.146875
0 0.959375 0.440625 0.08125 0.1125
0 0.8859375 0.67421875 0.134375 0.1078125
0 0.85703125 0.62421875 0.0734375 0.103125
0 0.79140625 0.634375 0.071875 0.08125
0 0.746875 0.7171875 0.115625 0.1078125
0 0.57265625 0.60234375 0.0515625 0.0734375
0 0.90859375 0.82265625 0.08125 0.1265625
0 0.93515625 0.86796875 0.08125 0.1296875
0 0.6546875 0.8703125 0.0953125 0.1046875
0 0.440625 0.94765625 0.1 0.1046875
0 0.3921875 0.7796875 0.065625 0.08125
0 0.18203125 0.2609375 0.071875 0.0984375
0 0.19375 0.3234375 0.059375 0.11875
0 0.08359375 0.3296875 0.0828125 0.109375
0 0.28828125 0.26796875 0.078125 0.06875
0 0.36484375 0.27265625 0.0421875 0.0953125
0 0.69375 0.25703125 0.0796875 0.115625
0 0.43984375 0.5890625 0.128125 0.1203125