0 0.18984375 0.87109375 0.240625 0.2125
0 0.3296875 0.9453125 0.103125 0.0859375
0 0.45546875 0.97265625 0.0859375 0.0546875
0 0.79375 0.85078125 0.1015625 0.0921875
0 0.86171875 0.62890625 0.109375 0.0984375
0 0.86484375 0.415625 0.1265625 0.0890625
0 0.3765625 0.5078125 0.103125 0.0765625
0 0.2390625 0.4390625 0.121875 0.075
0 0.14140625 0.60859375 0.08125 0.053125
0 0.1546875 0.72109375 0.1265625 0.096875
0 0.1140625 0.41484375 0.121875 0.090625
0 0.26328125 0.52265625 0.09375 0.0546875
0 0.2671875 0.62265625 0.1078125 0.0859375
0 0.36796875 0.896875 0.0515625 0.040625
0 0.47734375 0.85703125 0.0578125 0.0640625
0 0.459375 0.8296875 0.04375 0.046875
0 0.5640625 0.67109375 0.0828125 0.1140625
0 0.503125 0.55 0.0828125 0.071875
0 0.04453125 0.54921875 0.084375 0.0625