0 0.634375 0.515625 0.3515625 0.6765625
0 0.27734375 0.22578125 0.2515625 0.384375
0 0.43046875 0.50859375 0.2203125 0.340625
0 0.1390625 0.50390625 0.278125 0.4921875
0 0.01640625 0.19140625 0.0328125 0.1515625
0 0.61875 0.1578125 0.159375 0.25625
0 0.5265625 0.06015625 0.125 0.1203125
0 0.78046875 0.0328125 0.1265625 0.065625
0 0.78515625 0.6140625 0.1953125 0.3703125
0 0.8375 0.82265625 0.14375 0.21875
0 0.67890625 0.8484375 0.1640625 0.253125
0 0.5828125 0.803125 0.2015625 0.309375
0 0.253125 0.45 0.1859375 0.215625
0 0.31796875 0.55546875 0.1859375 0.221875
0 0.0515625 0.35234375 0.103125 0.1828125