0 0.4265625 0.58359375 0.0921875 0.1109375
0 0.459375 0.53359375 0.0796875 0.06875
0 0.50390625 0.4578125 0.0796875 0.05625
0 0.5140625 0.3421875 0.0765625 0.0578125
0 0.46484375 0.38203125 0.059375 0.05625
0 0.34375 0.3515625 0.0515625 0.08125
0 0.2390625 0.3375 0.075 0.05
0 0.084375 0.42265625 0.0625 0.1125
0 0.18359375 0.484375 0.0453125 0.0625
0 0.2015625 0.77890625 0.075 0.078125
0 0.41640625 0.70078125 0.0859375 0.1109375
0 0.290625 0.7609375 0.065625 0.0984375
0 0.6125 0.51484375 0.0578125 0.0640625
0 0.6671875 0.65 0.075 0.0828125
0 0.98359375 0.9296875 0.0328125 0.046875
0 0.825 0.3953125 0.05 0.0734375