0 0.78359375 0.67421875 0.0546875 0.071875
0 0.8046875 0.6453125 0.0671875 0.0890625
0 0.80546875 0.6171875 0.06875 0.0578125
0 0.809375 0.56875 0.065625 0.0734375
0 0.90859375 0.625 0.0296875 0.0296875
0 0.88046875 0.57578125 0.0453125 0.05625
0 0.9515625 0.58828125 0.0671875 0.0828125
0 0.5984375 0.62265625 0.071875 0.0828125
0 0.490625 0.62265625 0.0625 0.075
0 0.39375 0.625 0.059375 0.0671875
0 0.3546875 0.59609375 0.0421875 0.0515625
0 0.35546875 0.55859375 0.05625 0.0578125
0 0.42265625 0.553125 0.0390625 0.0390625
0 0.390625 0.52578125 0.0578125 0.0625
0 0.43828125 0.47890625 0.0390625 0.0625
0 0.46953125 0.5203125 0.0453125 0.0703125
0 0.46015625 0.47421875 0.0390625 0.0453125
0 0.5515625 0.48984375 0.034375 0.0390625
0 0.47421875 0.4515625 0.04375 0.059375
0 0.6890625 0.56171875 0.0421875 0.0453125
0 0.6875 0.63203125 0.05625 0.0765625
0 0.98046875 0.51953125 0.0390625 0.0578125
0 0.98515625 0.48203125 0.0296875 0.0421875