0 0.59140625 0.52109375 0.165625 0.1375
0 0.596875 0.70546875 0.1484375 0.1546875
0 0.6125 0.9125 0.1203125 0.1484375
0 0.85 0.7 0.13125 0.109375
0 0.93828125 0.85390625 0.0921875 0.0875
0 0.48515625 0.9078125 0.084375 0.0859375
0 0.4453125 0.97734375 0.115625 0.0453125
0 0.5421875 0.965625 0.08125 0.06875
0 0.5546875 0.8890625 0.071875 0.0640625
0 0.6046875 0.85078125 0.0625 0.0828125
0 0.5734375 0.79765625 0.0671875 0.06875
0 0.48203125 0.83046875 0.0796875 0.0671875
0 0.4921875 0.78046875 0.05625 0.0421875
0 0.44765625 0.7421875 0.059375 0.0484375
0 0.353125 0.78203125 0.0953125 0.0984375
0 0.26171875 0.73359375 0.0765625 0.1140625
0 0.42734375 0.6515625 0.0890625 0.071875
0 0.39375 0.575 0.09375 0.1
0 0.3359375 0.52265625 0.0796875 0.071875
0 0.25078125 0.621875 0.103125 0.08125
0 0.1703125 0.515625 0.0859375 0.078125
0 0.06484375 0.3890625 0.1296875 0.10625
0 0.32578125 0.56875 0.0546875 0.0640625
0 0.475 0.5859375 0.071875 0.0703125
0 0.20703125 0.7953125 0.1375 0.0984375
0 0.46796875 0.45078125 0.115625 0.1140625
0 0.49453125 0.35078125 0.1015625 0.0921875
0 0.39765625 0.45859375 0.0484375 0.06875