0 0.58203125 0.72109375 0.190625 0.1640625
0 0.590625 0.621875 0.184375 0.13125
0 0.6703125 0.77578125 0.196875 0.1671875
0 0.5578125 0.86796875 0.1765625 0.1296875
0 0.275 0.790625 0.184375 0.1453125
0 0.2953125 0.6015625 0.1546875 0.13125
0 0.32890625 0.54609375 0.1453125 0.1234375
0 0.44140625 0.68984375 0.15625 0.128125
0 0.40546875 0.5890625 0.1859375 0.15625
0 0.43828125 0.396875 0.1796875 0.146875
0 0.54765625 0.41015625 0.146875 0.159375
0 0.58515625 0.5 0.1796875 0.1578125
0 0.6921875 0.56640625 0.15 0.1359375
0 0.809375 0.525 0.1109375 0.0953125
0 0.69921875 0.4578125 0.1578125 0.1375
0 0.659375 0.41015625 0.1515625 0.146875
0 0.665625 0.33828125 0.1859375 0.1375
0 0.61640625 0.26015625 0.1296875 0.121875