0 0.1875 0.7484375 0.18125 0.3171875
0 0.22734375 0.928125 0.1609375 0.14375
0 0.50703125 0.875 0.171875 0.203125
0 0.43671875 0.90625 0.1140625 0.18125
0 0.446875 0.6328125 0.2828125 0.421875
0 0.38046875 0.440625 0.1453125 0.159375
0 0.23671875 0.31015625 0.11875 0.1921875
0 0.13828125 0.40234375 0.121875 0.2640625
0 0.09765625 0.39921875 0.078125 0.190625
0 0.05546875 0.38984375 0.1109375 0.1390625
0 0.04765625 0.303125 0.0953125 0.1125
0 0.11171875 0.19140625 0.2234375 0.2234375
0 0.34765625 0.16796875 0.128125 0.1078125
0 0.36953125 0.06796875 0.1828125 0.134375
0 0.5546875 0.284375 0.3015625 0.475
0 0.65703125 0.04921875 0.1515625 0.0984375
0 0.78046875 0.07578125 0.1703125 0.15
0 0.69375 0.11953125 0.11875 0.1484375
0 0.77265625 0.29609375 0.2515625 0.246875
0 0.87890625 0.2390625 0.16875 0.15625
0 0.89765625 0.36640625 0.184375 0.1390625
0 0.896875 0.5171875 0.20625 0.159375
0 0.9078125 0.5953125 0.15625 0.140625
0 0.94375 0.67734375 0.1125 0.2484375
0 0.89609375 0.7890625 0.2078125 0.190625
0 0.81796875 0.7 0.2328125 0.23125
0 0.71328125 0.56171875 0.1421875 0.2046875
0 0.75 0.509375 0.1125 0.146875
0 0.70234375 0.8734375 0.1625 0.178125
0 0.83359375 0.89765625 0.159375 0.1046875
0 0.9859375 0.7859375 0.028125 0.140625
0 0.98828125 0.70546875 0.0234375 0.1890625
0 0.95234375 0.8421875 0.0953125 0.115625
0 0.6375 0.775 0.075 0.1109375
0 0.59296875 0.80390625 0.0828125 0.0953125
0 0.596875 0.93359375 0.1125 0.128125
0 0.40078125 0.9375 0.05625 0.1125
0 0.28515625 0.98828125 0.0796875 0.0234375
0 0.3171875 0.74453125 0.203125 0.24375
0 0.2890625 0.6140625 0.11875 0.11875