0 0.56953125 0.5453125 0.1546875 0.1125
0 0.54921875 0.7140625 0.1234375 0.1359375
0 0.5140625 0.9453125 0.09375 0.109375
0 0.5328125 0.8671875 0.0484375 0.075
0 0.51875 0.81328125 0.065625 0.0640625
0 0.79296875 0.75546875 0.11875 0.0875
0 0.86171875 0.9296875 0.065625 0.084375
0 0.4703125 0.90703125 0.0703125 0.0796875
0 0.3984375 0.9046875 0.0796875 0.075
0 0.346875 0.97734375 0.078125 0.0453125
0 0.2984375 0.76171875 0.096875 0.146875
0 0.43125 0.7734375 0.06875 0.053125
0 0.3953125 0.74296875 0.0625 0.0703125
0 0.3828125 0.709375 0.05625 0.0390625
0 0.4 0.62578125 0.0859375 0.059375
0 0.3859375 0.55390625 0.0703125 0.0625
0 0.328125 0.49453125 0.0796875 0.0390625
0 0.3140625 0.53671875 0.0515625 0.0609375
0 0.23515625 0.57265625 0.075 0.0640625
0 0.228125 0.66796875 0.0640625 0.0859375
0 0.1546875 0.44140625 0.0796875 0.059375
0 0.21875 0.44375 0.0546875 0.059375
0 0.4046875 0.84375 0.0859375 0.0671875
0 0.5203125 0.35078125 0.071875 0.084375
0 0.4609375 0.43984375 0.0984375 0.0796875
0 0.465625 0.58125 0.05625 0.078125