0 0.67421875 0.71484375 0.0578125 0.1515625
0 0.43359375 0.53984375 0.075 0.1046875
0 0.2890625 0.3984375 0.0671875 0.1078125
0 0.2921875 0.1421875 0.1109375 0.121875
0 0.17578125 0.33828125 0.0453125 0.08125
0 0.46796875 0.35 0.11875 0.11875
0 0.51953125 0.43671875 0.04375 0.075
0 0.6078125 0.46953125 0.0546875 0.05625
0 0.63515625 0.46953125 0.040625 0.125
0 0.60390625 0.5734375 0.078125 0.0796875
0 0.64609375 0.25859375 0.1171875 0.1046875
0 0.69921875 0.64453125 0.0609375 0.0703125
0 0.4953125 0.653125 0.028125 0.08125
0 0.96328125 0.4375 0.0734375 0.140625
0 0.9625 0.63828125 0.0734375 0.1421875
0 0.86796875 0.546875 0.053125 0.0578125
0 0.94921875 0.2265625 0.1015625 0.234375
0 0.7203125 0.32578125 0.03125 0.0640625