0 0.584375 0.41953125 0.153125 0.15625
0 0.459375 0.14765625 0.0953125 0.096875
0 0.41328125 0.078125 0.0859375 0.1015625
0 0.45859375 0.21796875 0.0578125 0.0953125
0 0.49375 0.2890625 0.0546875 0.0796875
0 0.53203125 0.34140625 0.071875 0.065625
0 0.50390625 0.40234375 0.05625 0.06875
0 0.54296875 0.571875 0.0609375 0.059375
0 0.43125 0.53125 0.08125 0.0859375
0 0.36328125 0.54765625 0.0609375 0.084375
0 0.41328125 0.6015625 0.059375 0.0921875
0 0.4 0.7046875 0.05 0.1015625
0 0.4265625 0.71484375 0.05625 0.109375
0 0.47890625 0.6796875 0.0515625 0.065625
0 0.559375 0.67421875 0.0546875 0.0640625
0 0.5359375 0.6421875 0.046875 0.06875
0 0.4859375 0.846875 0.05625 0.065625
0 0.53125 0.8 0.05625 0.0578125
0 0.55234375 0.7515625 0.0578125 0.0625
0 0.5015625 0.87578125 0.0453125 0.08125
0 0.5859375 0.88828125 0.053125 0.0734375
0 0.61015625 0.990625 0.0453125 0.01875
0 0.33515625 0.61875 0.0609375 0.0625
0 0.25703125 0.10703125 0.1140625 0.1125
0 0.04609375 0.775 0.0921875 0.24375