0 0.41015625 0.62578125 0.15 0.1765625
0 0.4046875 0.425 0.178125 0.2484375
0 0.38359375 0.2375 0.1640625 0.2453125
0 0.171875 0.45625 0.1625 0.171875
0 0.13125 0.63671875 0.1734375 0.178125
0 0.03671875 0.58203125 0.0734375 0.1453125
0 0.1984375 0.815625 0.0890625 0.11875
0 0.14296875 0.94375 0.096875 0.08125
0 0.7484375 0.4515625 0.1890625 0.29375
0 0.74453125 0.25390625 0.13125 0.33125
0 0.6734375 0.9109375 0.040625 0.0546875
0 0.6125 0.8890625 0.04375 0.059375
0 0.603125 0.93125 0.0296875 0.04375
0 0.50625 0.8984375 0.046875 0.0578125
0 0.56640625 0.8390625 0.046875 0.046875
0 0.6125 0.64453125 0.0453125 0.0578125
0 0.66953125 0.675 0.0421875 0.0484375
0 0.959375 0.2953125 0.0546875 0.0921875
0 0.67421875 0.303125 0.05625 0.075
0 0.6734375 0.3890625 0.0375 0.06875
0 0.56796875 0.46328125 0.046875 0.1046875
0 0.45625 0.50625 0.0421875 0.071875
0 0.19140625 0.1203125 0.1640625 0.240625