0 0.62734375 0.66015625 0.0859375 0.1015625
0 0.7171875 0.17578125 0.1125 0.1453125
0 0.56875 0.15546875 0.1015625 0.11875
0 0.55625 0.33359375 0.084375 0.134375
0 0.41875 0.29765625 0.1046875 0.10625
0 0.31953125 0.484375 0.0015625 0.0015625
0 0.27890625 0.5234375 0.109375 0.165625
0 0.21171875 0.61328125 0.0609375 0.0796875
0 0.27734375 0.69375 0.08125 0.084375
0 0.33359375 0.76015625 0.0578125 0.0984375
0 0.04609375 0.66796875 0.06875 0.071875
0 0.04375 0.72265625 0.053125 0.0890625
0 0.059375 0.47421875 0.090625 0.1125
0 0.08828125 0.403125 0.0703125 0.103125
0 0.14453125 0.3703125 0.1234375 0.153125
0 0.35546875 0.428125 0.040625 0.06875
0 0.65390625 0.503125 0.0484375 0.0984375
0 0.90078125 0.02109375 0.0546875 0.0421875