0 0.3984375 0.83671875 0.1828125 0.1671875
0 0.37890625 0.76484375 0.1171875 0.096875
0 0.29453125 0.709375 0.165625 0.14375
0 0.5 0.7078125 0.1734375 0.159375
0 0.25390625 0.4921875 0.184375 0.1359375
0 0.22890625 0.57734375 0.171875 0.115625
0 0.08046875 0.5359375 0.15625 0.1375
0 0.5515625 0.84296875 0.078125 0.0828125
0 0.71953125 0.58046875 0.11875 0.1140625
0 0.525 0.57578125 0.1640625 0.1078125
0 0.40390625 0.3203125 0.1265625 0.2046875
0 0.2671875 0.37109375 0.1671875 0.1125
0 0.21328125 0.1765625 0.1515625 0.16875
0 0.12890625 0.3328125 0.1890625 0.1375
0 0.73125 0.78125 0.1 0.0984375
0 0.815625 0.7765625 0.0828125 0.0859375
0 0.36875 0.5375 0.1515625 0.1234375
0 0.26171875 0.284375 0.1265625 0.15
0 0.52890625 0.45625 0.0875 0.0765625
0 0.36796875 0.6140625 0.0890625 0.078125
0 0.48671875 0.35390625 0.1078125 0.1234375
0 0.42578125 0.39921875 0.121875 0.0828125
0 0.39140625 0.21796875 0.1515625 0.1265625