0 0.4234375 0.82265625 0.215625 0.140625
0 0.4875 0.87421875 0.134375 0.09375
0 0.5328125 0.671875 0.2703125 0.1375
0 0.7921875 0.78984375 0.134375 0.134375
0 0.690625 0.48203125 0.103125 0.0875
0 0.81484375 0.5921875 0.06875 0.04375
0 0.959375 0.771875 0.08125 0.0703125
0 0.090625 0.846875 0.18125 0.1609375
0 0.37890625 0.9640625 0.0890625 0.071875
0 0.43046875 0.3984375 0.1125 0.1125
0 0.43125 0.334375 0.24375 0.178125
0 0.2703125 0.61796875 0.1 0.0625
0 0.25 0.73359375 0.08125 0.059375
0 0.49765625 0.546875 0.0390625 0.053125
0 0.61875 0.503125 0.084375 0.065625
0 0.253125 0.490625 0.0671875 0.0640625
0 0.3328125 0.48515625 0.053125 0.053125
0 0.38828125 0.50703125 0.059375 0.04375
0 0.11796875 0.9671875 0.0625 0.059375