0 0.62421875 0.61484375 0.2015625 0.2171875
0 0.453125 0.5640625 0.1546875 0.2140625
0 0.37890625 0.44453125 0.1796875 0.25625
0 0.29140625 0.3203125 0.178125 0.1453125
0 0.140625 0.2359375 0.1625 0.128125
0 0.10703125 0.43515625 0.1484375 0.140625
0 0.0953125 0.61015625 0.109375 0.196875
0 0.02265625 0.75625 0.0453125 0.1375
0 0.153125 0.9015625 0.0828125 0.1390625
0 0.27421875 0.8703125 0.0921875 0.15
0 0.2125 0.72890625 0.0421875 0.0828125
0 0.42265625 0.94453125 0.1625 0.1109375
0 0.6328125 0.85 0.059375 0.0828125
0 0.69140625 0.46875 0.221875 0.1953125
0 0.875 0.29453125 0.0578125 0.071875
0 0.84765625 0.446875 0.034375 0.0453125
0 0.8015625 0.64453125 0.0453125 0.059375
0 0.90234375 0.64375 0.05 0.0828125
0 0.73671875 0.94921875 0.053125 0.0546875
0 0.77421875 0.96328125 0.0265625 0.06875
0 0.28828125 0.2171875 0.09375 0.109375
0 0.16875 0.60703125 0.125 0.1609375
0 0.7609375 0.8390625 0.0515625 0.040625
0 0.77265625 0.88125 0.0375 0.0421875
0 0.90078125 0.890625 0.0359375 0.075
0 0.9609375 0.94375 0.0390625 0.0578125
0 0.771875 0.72109375 0.0359375 0.0625
0 0.84140625 0.81171875 0.04375 0.05625