0 0.67421875 0.784375 0.0546875 0.071875
0 0.70546875 0.76796875 0.0671875 0.0890625
0 0.71875 0.74296875 0.0703125 0.0578125
0 0.74453125 0.7015625 0.065625 0.0734375
0 0.8078125 0.79765625 0.0296875 0.0296875
0 0.8046875 0.740625 0.0453125 0.05625
0 0.8625 0.78359375 0.0671875 0.0828125
0 0.5328125 0.65390625 0.071875 0.084375
0 0.4359375 0.6046875 0.0640625 0.075
0 0.34921875 0.56328125 0.0609375 0.06875
0 0.3265625 0.51953125 0.04375 0.0515625
0 0.34453125 0.4859375 0.05625 0.0578125
0 0.40703125 0.5125 0.0390625 0.0390625
0 0.390625 0.4734375 0.0578125 0.0640625
0 0.4546875 0.453125 0.040625 0.0640625
0 0.46328125 0.5046875 0.0453125 0.0703125
0 0.4765625 0.45859375 0.040625 0.046875
0 0.55078125 0.5140625 0.034375 0.0390625
0 0.49921875 0.4453125 0.04375 0.059375
0 0.640625 0.640625 0.0421875 0.0453125
0 0.60703125 0.703125 0.0578125 0.0765625
0 0.92890625 0.740625 0.0609375 0.059375
0 0.94609375 0.70703125 0.0421875 0.0421875