0 0.1875 0.91640625 0.221875 0.165625
0 0.34765625 0.96875 0.0953125 0.0625
0 0.5265625 0.875 0.0578125 0.05
0 0.59765625 0.90625 0.09375 0.0984375
0 0.72578125 0.87109375 0.128125 0.13125
0 0.7546875 0.74453125 0.1375 0.1671875
0 0.4515625 0.7671875 0.121875 0.090625
0 0.2734375 0.646875 0.0984375 0.0984375
0 0.1828125 0.7515625 0.096875 0.078125
0 0.06875 0.5953125 0.06875 0.0765625
0 0.08984375 0.44296875 0.08125 0.08125
0 0.16171875 0.58828125 0.046875 0.040625
0 0.3953125 0.525 0.065625 0.065625
0 0.8484375 0.58828125 0.1125 0.0734375
0 0.8859375 0.37421875 0.1359375 0.09375
0 0.575 0.67109375 0.165625 0.1796875
0 0.4359375 0.896875 0.053125 0.05625