0 0.5921875 0.8765625 0.1078125 0.1359375
0 0.4640625 0.83984375 0.06875 0.1
0 0.521875 0.80703125 0.0578125 0.11875
0 0.58515625 0.77265625 0.05 0.103125
0 0.6453125 0.53203125 0.0953125 0.1640625
0 0.94296875 0.26015625 0.1140625 0.1109375
0 0.5515625 0.40859375 0.103125 0.1625
0 0.4671875 0.33125 0.096875 0.1140625
0 0.45625 0.428125 0.0828125 0.0890625
0 0.434375 0.65234375 0.08125 0.0875
0 0.4 0.71484375 0.0640625 0.0703125
0 0.2921875 0.4546875 0.0625 0.078125
0 0.2625 0.40078125 0.0765625 0.065625
0 0.21015625 0.384375 0.0765625 0.06875
0 0.2640625 0.17734375 0.0578125 0.06875
0 0.1703125 0.29609375 0.05 0.0625
0 0.29375 0.284375 0.0546875 0.096875
0 0.5171875 0.23828125 0.0671875 0.0796875
0 0.4328125 0.17890625 0.046875 0.071875
0 0.0703125 0.15234375 0.0609375 0.0640625
0 0.11953125 0.09140625 0.0671875 0.09375
0 0.08203125 0.03671875 0.0484375 0.0453125
0 0.05546875 0.078125 0.03125 0.046875
0 0.1796875 0.24453125 0.0484375 0.0609375
0 0.19296875 0.21953125 0.0484375 0.053125
0 0.22109375 0.171875 0.040625 0.040625
0 0.2953125 0.5265625 0.0515625 0.0609375
0 0.33671875 0.63125 0.0375 0.08125
0 0.56171875 0.95703125 0.04375 0.0640625
0 0.68046875 0.9140625 0.0375 0.0671875
0 0.71796875 0.925 0.040625 0.0546875
0 0.6453125 0.9234375 0.025 0.059375
0 0.61328125 0.9484375 0.0484375 0.0515625
0 0.3578125 0.50703125 0.0328125 0.0546875
0 0.378125 0.33984375 0.0515625 0.0515625
0 0.3328125 0.39765625 0.0609375 0.0703125
0 0.41484375 0.0734375 0.053125 0.0671875