0 0.41953125 0.74921875 0.271875 0.2546875
0 0.1828125 0.9125 0.29375 0.175
0 0.16796875 0.70390625 0.2390625 0.2
0 0.16328125 0.5625 0.2078125 0.1515625
0 0.178125 0.38203125 0.35625 0.4265625
0 0.2671875 0.2140625 0.3671875 0.421875
0 0.4765625 0.109375 0.146875 0.21875
0 0.58203125 0.184375 0.178125 0.2625
0 0.87421875 0.21171875 0.2421875 0.4234375
0 0.76796875 0.0953125 0.1125 0.1671875
0 0.75546875 0.26171875 0.1078125 0.165625
0 0.95078125 0.53359375 0.0984375 0.2390625
0 0.878125 0.56484375 0.153125 0.2359375
0 0.825 0.61796875 0.1296875 0.1875
0 0.80703125 0.4625 0.103125 0.1671875
0 0.9203125 0.75 0.1328125 0.1890625
0 0.76796875 0.7125 0.1015625 0.1109375
0 0.66953125 0.83046875 0.2078125 0.1671875
0 0.65078125 0.646875 0.2515625 0.2703125
0 0.55 0.92421875 0.1625 0.1515625
0 0.44921875 0.91953125 0.1015625 0.134375
0 0.471875 0.39765625 0.1515625 0.209375
0 0.5015625 0.553125 0.1671875 0.2109375
0 0.634375 0.4140625 0.25625 0.2515625
0 0.37578125 0.95703125 0.1171875 0.0859375