0 0.46640625 0.75234375 0.175 0.1515625
0 0.47734375 0.81328125 0.10625 0.1265625
0 0.53515625 0.93203125 0.1484375 0.1359375
0 0.67734375 0.9015625 0.13125 0.1203125
0 0.92890625 0.5703125 0.1421875 0.153125
0 0.9296875 0.41328125 0.11875 0.11875
0 0.75625 0.5484375 0.078125 0.075
0 0.7828125 0.49453125 0.115625 0.090625
0 0.46015625 0.9546875 0.1109375 0.090625
0 0.26953125 0.91171875 0.1109375 0.11875
0 0.1734375 0.8546875 0.2125 0.175
0 0.315625 0.7125 0.178125 0.1453125
0 0.15390625 0.65703125 0.1671875 0.1203125
0 0.4078125 0.53125 0.071875 0.1078125
0 0.45625 0.4953125 0.08125 0.0875
0 0.54453125 0.42578125 0.075 0.065625
0 0.49453125 0.48515625 0.059375 0.08125
0 0.65546875 0.82734375 0.08125 0.075
0 0.77578125 0.834375 0.084375 0.10625
0 0.85859375 0.86640625 0.0890625 0.0859375