0 0.4640625 0.5828125 0.1890625 0.14375
0 0.6390625 0.33984375 0.246875 0.2171875
0 0.678125 0.471875 0.0890625 0.0921875
0 0.55546875 0.47109375 0.06875 0.075
0 0.15546875 0.54140625 0.3109375 0.2453125
0 0.08671875 0.83046875 0.1734375 0.2265625
0 0.17265625 0.8640625 0.153125 0.1609375
0 0.88203125 0.909375 0.121875 0.1203125
0 0.9265625 0.6453125 0.096875 0.075
0 0.76171875 0.434375 0.084375 0.075
0 0.771875 0.371875 0.078125 0.0703125
0 0.40859375 0.44375 0.0640625 0.0734375
0 0.34296875 0.46484375 0.0671875 0.0515625
0 0.28828125 0.38359375 0.1203125 0.0890625
0 0.28515625 0.71796875 0.0671875 0.0796875
0 0.22890625 0.71953125 0.0609375 0.0828125
0 0.19296875 0.646875 0.0609375 0.0734375
0 0.17421875 0.7765625 0.0828125 0.1015625
0 0.428125 0.76796875 0.0703125 0.071875