0 0.590625 0.42265625 0.0875 0.1234375
0 0.53828125 0.2921875 0.0796875 0.090625
0 0.69453125 0.10859375 0.053125 0.0734375
0 0.72109375 0.290625 0.0546875 0.0546875
0 0.76015625 0.33359375 0.05625 0.053125
0 0.78984375 0.5625 0.059375 0.0671875
0 0.60859375 0.5625 0.0859375 0.103125
0 0.5984375 0.509375 0.0578125 0.096875
0 0.38203125 0.67890625 0.065625 0.0953125
0 0.33125 0.47265625 0.053125 0.1046875
0 0.3765625 0.453125 0.0734375 0.05625
0 0.32109375 0.23125 0.075 0.0796875
0 0.22421875 0.56953125 0.0515625 0.05
0 0.159375 0.56640625 0.0625 0.0484375
0 0.08359375 0.59609375 0.0375 0.0890625
0 0.48671875 0.48515625 0.0390625 0.053125
0 0.86015625 0.0109375 0.0359375 0.021875
0 0.06640625 0.2796875 0.06875 0.065625
0 0.01953125 0.190625 0.0390625 0.1375
0 0.63203125 0.64296875 0.05 0.0609375
0 0.74140625 0.415625 0.003125 0.0015625