0 0.55703125 0.50703125 0.2828125 0.2703125
0 0.7609375 0.6203125 0.225 0.221875
0 0.74765625 0.43203125 0.146875 0.1796875
0 0.6046875 0.1984375 0.125 0.134375
0 0.47109375 0.1171875 0.2359375 0.234375
0 0.31171875 0.1640625 0.30625 0.2921875
0 0.1765625 0.37578125 0.3125 0.246875
0 0.10859375 0.56015625 0.2171875 0.2515625
0 0.21484375 0.78515625 0.2328125 0.225
0 0.4 0.8390625 0.1890625 0.1890625
0 0.4921875 0.89375 0.146875 0.1515625
0 0.73671875 0.090625 0.2203125 0.15625
0 0.61875 0.9203125 0.165625 0.159375
0 0.8796875 0.4859375 0.1578125 0.1796875
0 0.89296875 0.29140625 0.096875 0.1671875
0 0.6765625 0.296875 0.103125 0.1
0 0.178125 0.1828125 0.2515625 0.1875
0 0.90546875 0.9140625 0.1203125 0.15625
0 0.35390625 0.496875 0.1796875 0.16875
0 0.7609375 0.76484375 0.10625 0.121875
0 0.5453125 0.353125 0.1609375 0.1390625
0 0.46953125 0.4109375 0.1078125 0.1375
0 0.36953125 0.64140625 0.0953125 0.1140625
0 0.23984375 0.659375 0.1125 0.125
0 0.0703125 0.7921875 0.140625 0.15625