0 0.51640625 0.703125 0.1515625 0.140625
0 0.5859375 0.90078125 0.146875 0.15
0 0.73515625 0.86875 0.1328125 0.1171875
0 0.84140625 0.88125 0.0921875 0.1015625
0 0.9234375 0.8765625 0.0875 0.0953125
0 0.8171875 0.66328125 0.1015625 0.08125
0 0.7171875 0.58515625 0.1 0.0890625
0 0.83671875 0.5046875 0.1 0.0734375
0 0.95390625 0.45390625 0.0921875 0.0921875
0 0.85 0.55234375 0.06875 0.05625
0 0.9453125 0.65234375 0.109375 0.1234375
0 0.98203125 0.62734375 0.0359375 0.1046875
0 0.4125 0.79765625 0.15 0.1234375
0 0.3640625 0.52890625 0.13125 0.128125
0 0.1296875 0.85859375 0.15625 0.1421875
0 0.22265625 0.90078125 0.0765625 0.08125
0 0.28671875 0.98125 0.1109375 0.0375
0 0.4109375 0.97734375 0.10625 0.0453125
0 0.353125 0.90234375 0.0921875 0.096875
0 0.20703125 0.7453125 0.103125 0.09375
0 0.0703125 0.38359375 0.140625 0.1453125