0 0.2671875 0.6984375 0.1796875 0.1375
0 0.2875 0.15859375 0.11875 0.1328125
0 0.43359375 0.31328125 0.1375 0.125
0 0.3296875 0.44609375 0.0984375 0.165625
0 0.41328125 0.17734375 0.1203125 0.1484375
0 0.66484375 0.409375 0.1421875 0.140625
0 0.79765625 0.56953125 0.1734375 0.1046875
0 0.503125 0.75 0.125 0.165625
0 0.60546875 0.60078125 0.128125 0.1609375
0 0.8078125 0.17265625 0.121875 0.1609375
0 0.11328125 0.88046875 0.1828125 0.228125
0 0.2328125 0.86796875 0.2140625 0.2046875
0 0.43125 0.9015625 0.109375 0.196875
0 0.7 0.72578125 0.1140625 0.1734375
0 0.79375 0.7875 0.084375 0.2296875
0 0.9390625 0.33515625 0.0953125 0.121875
0 0.5375 0.18359375 0.1046875 0.215625