0 0.7609375 0.52578125 0.2 0.328125
0 0.703125 0.54375 0.209375 0.403125
0 0.60390625 0.48828125 0.00625 0.040625
0 0.8734375 0.184375 0.1828125 0.31875
0 0.48984375 0.4484375 0.2234375 0.31875
0 0.23984375 0.5671875 0.134375 0.265625
0 0.33984375 0.4359375 0.19375 0.2125
0 0.42890625 0.653125 0.1859375 0.2765625
0 0.275 0.71484375 0.1453125 0.265625
0 0.12109375 0.68828125 0.1265625 0.2546875
0 0.4625 0.14296875 0.16875 0.2859375
0 0.5375 0.13671875 0.16875 0.2734375
0 0.71640625 0.10703125 0.1078125 0.1859375
0 0.7421875 0.78828125 0.2234375 0.253125
0 0.84140625 0.51015625 0.1734375 0.371875
0 0.53984375 0.82890625 0.134375 0.2140625
0 0.34296875 0.20390625 0.115625 0.215625
0 0.6671875 0.2984375 0.1625 0.2859375
0 0.8796875 0.73984375 0.1515625 0.2578125
0 0.19453125 0.52734375 0.08125 0.190625