0 0.57578125 0.64296875 0.0859375 0.1609375
0 0.49921875 0.8953125 0.096875 0.1546875
0 0.56875 0.94296875 0.065625 0.09375
0 0.69375 0.87265625 0.0796875 0.0890625
0 0.36875 0.91171875 0.0625 0.1
0 0.3078125 0.825 0.096875 0.0921875
0 0.39296875 0.6640625 0.0671875 0.084375
0 0.28046875 0.38203125 0.0578125 0.0625
0 0.30703125 0.3328125 0.0453125 0.0875
0 0.340625 0.36484375 0.04375 0.08125
0 0.440625 0.309375 0.0421875 0.0765625
0 0.4125 0.53359375 0.0625 0.075
0 0.3484375 0.61484375 0.040625 0.096875
0 0.46640625 0.12109375 0.053125 0.0984375
0 0.328125 0.19453125 0.0765625 0.0859375
0 0.1765625 0.80546875 0.065625 0.084375
0 0.92109375 0.22734375 0.1515625 0.175
0 0.503125 0.57421875 0.06875 0.1015625
0 0.4515625 0.765625 0.0578125 0.08125
0 0.45234375 0.65 0.0671875 0.115625
0 0.4984375 0.4859375 0.0515625 0.0765625
0 0.5140625 0.37421875 0.0515625 0.06875