0 0.5890625 0.36796875 0.071875 0.15
0 0.66640625 0.5296875 0.0484375 0.1265625
0 0.72421875 0.825 0.090625 0.115625
0 0.5484375 0.8734375 0.1234375 0.1390625
0 0.571875 0.64609375 0.084375 0.15
0 0.471875 0.59921875 0.053125 0.0765625
0 0.4109375 0.6890625 0.128125 0.1140625
0 0.31015625 0.52734375 0.096875 0.1046875
0 0.31328125 0.2890625 0.0421875 0.10625
0 0.2953125 0.32734375 0.0453125 0.0796875
0 0.17421875 0.44375 0.0546875 0.0546875
0 0.13203125 0.6609375 0.15 0.109375
0 0.05390625 0.57578125 0.1015625 0.1171875
0 0.03671875 0.34765625 0.059375 0.1046875
0 0.84140625 0.63515625 0.0453125 0.0953125
0 0.953125 0.94609375 0.078125 0.1078125