0 0.825 0.54375 0.0796875 0.0859375
0 0.60078125 0.64609375 0.075 0.096875
0 0.546875 0.60859375 0.065625 0.0703125
0 0.5578125 0.55546875 0.103125 0.103125
0 0.6359375 0.459375 0.0421875 0.059375
0 0.68125 0.35078125 0.0734375 0.08125
0 0.6609375 0.32421875 0.071875 0.065625
0 0.52421875 0.465625 0.08125 0.0921875
0 0.478125 0.5015625 0.084375 0.078125
0 0.4546875 0.36640625 0.121875 0.13125
0 0.58671875 0.0921875 0.128125 0.115625
0 0.6453125 0.2796875 0.0515625 0.053125
0 0.62734375 0.35 0.0546875 0.0765625
0 0.55625 0.36015625 0.0625 0.08125
0 0.60078125 0.296875 0.0515625 0.06875
0 0.234375 0.29453125 0.0921875 0.1015625
0 0.25234375 0.21875 0.096875 0.121875
0 0.2515625 0.42109375 0.10625 0.10625
0 0.35234375 0.2796875 0.103125 0.1984375
0 0.08671875 0.46171875 0.103125 0.0953125
0 0.14765625 0.5296875 0.0609375 0.0765625
0 0.0109375 0.2828125 0.021875 0.134375
0 0.0171875 0.33828125 0.034375 0.0796875
0 0.0921875 0.62109375 0.059375 0.1
0 0.41328125 0.7234375 0.05625 0.08125
0 0.840625 0.01015625 0.065625 0.0203125
0 0.2984375 0.7171875 0.0703125 0.0640625