0 0.4921875 0.57421875 0.2265625 0.2359375
0 0.27578125 0.825 0.3265625 0.325
0 0.221875 0.77109375 0.2453125 0.2515625
0 0.1046875 0.7671875 0.209375 0.221875
0 0.19453125 0.4890625 0.246875 0.2875
0 0.42890625 0.7234375 0.1875 0.1625
0 0.82890625 0.478125 0.3421875 0.359375
0 0.68984375 0.22578125 0.4203125 0.384375
0 0.2421875 0.16171875 0.409375 0.3234375
0 0.4234375 0.20546875 0.18125 0.19375
0 0.1015625 0.50546875 0.203125 0.2265625
0 0.5828125 0.8640625 0.296875 0.271875
0 0.86328125 0.75234375 0.24375 0.328125
0 0.49296875 0.3671875 0.1890625 0.146875