0 0.92109375 0.73125 0.103125 0.1078125
0 0.91796875 0.49921875 0.115625 0.13125
0 0.77265625 0.30546875 0.1328125 0.121875
0 0.8984375 0.83125 0.0546875 0.05
0 0.9546875 0.88125 0.0703125 0.071875
0 0.34765625 0.896875 0.2515625 0.20625
0 0.503125 0.96328125 0.1125 0.0734375
0 0.490625 0.921875 0.071875 0.078125
0 0.3734375 0.5375 0.0921875 0.090625
0 0.26328125 0.50703125 0.165625 0.1296875
0 0.10703125 0.64765625 0.1875 0.1640625
0 0.26640625 0.815625 0.1125 0.1171875
0 0.3046875 0.70625 0.1 0.0875
0 0.28828125 0.61015625 0.08125 0.078125
0 0.25703125 0.571875 0.05625 0.04375
0 0.13828125 0.525 0.1234375 0.0859375
0 0.21171875 0.49609375 0.0703125 0.0828125
0 0.19453125 0.65390625 0.0765625 0.065625
0 0.2171875 0.7109375 0.1 0.0765625
0 0.5703125 0.85 0.0703125 0.0609375
0 0.50625 0.55 0.075 0.06875
0 0.50703125 0.78515625 0.0671875 0.06875
0 0.64765625 0.659375 0.0890625 0.0921875
0 0.64375 0.9453125 0.075 0.0796875