0 0.52265625 0.3015625 0.2703125 0.2578125
0 0.9015625 0.56796875 0.1140625 0.1125
0 0.86953125 0.6640625 0.1078125 0.0984375
0 0.84296875 0.746875 0.1546875 0.1484375
0 0.834375 0.625 0.0984375 0.0984375
0 0.79453125 0.584375 0.0609375 0.065625
0 0.7796875 0.61875 0.0359375 0.0390625
0 0.96328125 0.64609375 0.0453125 0.0640625
0 0.71328125 0.503125 0.053125 0.05625
0 0.67890625 0.5484375 0.0546875 0.05625
0 0.68046875 0.60703125 0.0609375 0.0515625
0 0.71171875 0.68125 0.0515625 0.0625
0 0.61875 0.70859375 0.0578125 0.078125
0 0.57734375 0.68359375 0.0515625 0.0765625
0 0.440625 0.4859375 0.10625 0.10625
0 0.39296875 0.42265625 0.05625 0.0921875
0 0.378125 0.4953125 0.0546875 0.0671875
0 0.30390625 0.44765625 0.08125 0.10625
0 0.20546875 0.49453125 0.1234375 0.13125
0 0.1625 0.64375 0.165625 0.1390625
0 0.44375 0.6421875 0.128125 0.1375
0 0.0296875 0.50859375 0.059375 0.1109375
0 0.01640625 0.61015625 0.0328125 0.1453125
0 0.05390625 0.51796875 0.0828125 0.103125
0 0.11328125 0.534375 0.0828125 0.0875
0 0.29375 0.5703125 0.0921875 0.1109375
0 0.56484375 0.56875 0.0765625 0.1
0 0.5140625 0.54375 0.0578125 0.06875
0 0.56875 0.43984375 0.059375 0.0671875
0 0.65390625 0.35234375 0.059375 0.0578125