0 0.63515625 0.33046875 0.1046875 0.0953125
0 0.55859375 0.65390625 0.0890625 0.1765625
0 0.72578125 0.8140625 0.125 0.1546875
0 0.90859375 0.96875 0.0578125 0.0625
0 0.58515625 0.83828125 0.1078125 0.1359375
0 0.4265625 0.696875 0.1015625 0.1296875
0 0.278125 0.46875 0.103125 0.1734375
0 0.2078125 0.39140625 0.05625 0.0734375
0 0.28046875 0.31796875 0.071875 0.090625
0 0.33203125 0.253125 0.05 0.1171875
0 0.04375 0.27890625 0.0609375 0.096875
0 0.0578125 0.33828125 0.0734375 0.0828125
0 0.05234375 0.54140625 0.071875 0.13125
0 0.09921875 0.615625 0.075 0.1078125
0 0.165625 0.65234375 0.0890625 0.1140625
0 0.353125 0.57421875 0.0671875 0.0625
0 0.4578125 0.5421875 0.05625 0.075
0 0.5453125 0.5125 0.05 0.06875
0 0.51328125 0.40859375 0.0453125 0.0921875
0 0.425 0.43515625 0.0421875 0.0734375
0 0.65859375 0.79453125 0.0375 0.0921875
0 0.47890625 0.61171875 0.04375 0.046875
0 0.65859375 0.49609375 0.0421875 0.08125