0 0.734375 0.17578125 0.39375 0.3515625
0 0.409375 0.09453125 0.20625 0.1890625
0 0.31953125 0.2796875 0.16875 0.1765625
0 0.115625 0.26171875 0.23125 0.1984375
0 0.08046875 0.15703125 0.1609375 0.2203125
0 0.24921875 0.43359375 0.215625 0.1984375
0 0.14140625 0.5015625 0.1234375 0.165625
0 0.125 0.590625 0.128125 0.1296875
0 0.48046875 0.390625 0.1625 0.1671875
0 0.60703125 0.43203125 0.178125 0.175
0 0.76875 0.33671875 0.1640625 0.1578125
0 0.9015625 0.253125 0.1578125 0.19375
0 0.8984375 0.4328125 0.203125 0.24375
0 0.76171875 0.58515625 0.1921875 0.171875
0 0.55390625 0.64296875 0.2546875 0.2296875
0 0.3671875 0.68828125 0.19375 0.2
0 0.58828125 0.83125 0.19375 0.2109375
0 0.91796875 0.840625 0.1640625 0.225