0 0.29140625 0.7453125 0.08125 0.121875
0 0.33125 0.7390625 0.0546875 0.1
0 0.39765625 0.6296875 0.0734375 0.0390625
0 0.40625 0.5953125 0.0859375 0.0546875
0 0.34921875 0.6140625 0.05625 0.071875
0 0.30546875 0.6578125 0.0375 0.0578125
0 0.31953125 0.6046875 0.05625 0.0609375
0 0.30546875 0.57734375 0.0375 0.0421875
0 0.278125 0.58984375 0.04375 0.0421875
0 0.25625 0.63359375 0.0421875 0.04375
0 0.2546875 0.7359375 0.078125 0.121875
0 0.2234375 0.73203125 0.059375 0.0640625
0 0.22421875 0.68203125 0.0671875 0.09375
0 0.1765625 0.71953125 0.0734375 0.0859375
0 0.178125 0.66640625 0.0515625 0.06875
0 0.21875 0.6171875 0.04375 0.06875
0 0.1828125 0.62265625 0.05 0.071875
0 0.1609375 0.653125 0.046875 0.0515625
0 0.11875 0.778125 0.059375 0.071875
0 0.09609375 0.81015625 0.040625 0.0671875
0 0.10859375 0.75234375 0.0703125 0.071875
0 0.1171875 0.6859375 0.046875 0.0703125
0 0.12265625 0.64609375 0.046875 0.05625
0 0.06328125 0.72265625 0.0546875 0.0609375
0 0.08359375 0.67421875 0.03125 0.0625
0 0.784375 0.48984375 0.0359375 0.0609375
0 0.36640625 0.45390625 0.046875 0.059375