0 0.6703125 0.85625 0.1984375 0.2
0 0.55078125 0.95 0.0828125 0.1
0 0.49296875 0.97890625 0.0640625 0.0421875
0 0.425 0.94375 0.0625 0.0578125
0 0.15703125 0.8875 0.06875 0.059375
0 0.096875 0.7984375 0.09375 0.0859375
0 0.08984375 0.9265625 0.046875 0.06875
0 0.04921875 0.56171875 0.0984375 0.0890625
0 0.103125 0.48203125 0.08125 0.065625
0 0.21875 0.34765625 0.1328125 0.103125
0 0.6484375 0.51796875 0.090625 0.0546875
0 0.71953125 0.47109375 0.1140625 0.1125
0 0.7265625 0.565625 0.0859375 0.075
0 0.725 0.67578125 0.096875 0.0734375
0 0.7875 0.64140625 0.0828125 0.0625
0 0.8859375 0.5875 0.225 0.1140625
0 0.83515625 0.47109375 0.0984375 0.0515625
0 0.7875 0.5125 0.065625 0.0375
0 0.7765625 0.76953125 0.0734375 0.0890625
0 0.5140625 0.846875 0.053125 0.0546875
0 0.375 0.69453125 0.05625 0.08125