0 0.31953125 0.4421875 0.0484375 0.1328125
0 0.284375 0.15390625 0.09375 0.1078125
0 0.42109375 0.58515625 0.065625 0.1578125
0 0.58515625 0.565625 0.0953125 0.0953125
0 0.67578125 0.70703125 0.0546875 0.1109375
0 0.69921875 0.6421875 0.05 0.0796875
0 0.66796875 0.44375 0.078125 0.090625
0 0.59375 0.45625 0.0546875 0.090625
0 0.55859375 0.36796875 0.059375 0.0890625
0 0.60859375 0.27890625 0.125 0.125
0 0.4328125 0.35859375 0.1171875 0.1234375
0 0.9171875 0.3 0.15 0.209375
0 0.9484375 0.4125 0.0890625 0.096875
0 0.8515625 0.534375 0.053125 0.0546875
0 0.96875 0.659375 0.059375 0.128125
0 0.0390625 0.05546875 0.065625 0.1109375