0 0.8015625 0.57109375 0.0671875 0.0640625
0 0.84921875 0.5609375 0.040625 0.0453125
0 0.91484375 0.49375 0.0515625 0.0578125
0 0.98125 0.49921875 0.0375 0.0546875
0 0.978125 0.453125 0.04375 0.071875
0 0.9421875 0.3484375 0.08125 0.078125
0 0.8296875 0.41953125 0.05625 0.046875
0 0.82890625 0.21953125 0.0515625 0.0796875
0 0.86640625 0.14921875 0.05625 0.090625
0 0.92265625 0.13125 0.059375 0.0765625
0 0.9296875 0.07890625 0.0421875 0.0625
0 0.7421875 0.36484375 0.0625 0.078125
0 0.6765625 0.35390625 0.0375 0.075
0 0.45390625 0.309375 0.0796875 0.1
0 0.7046875 0.2015625 0.0734375 0.1109375
0 0.6125 0.134375 0.0734375 0.075
0 0.58359375 0.1109375 0.084375 0.06875
0 0.42109375 0.52734375 0.1203125 0.10625
0 0.08203125 0.271875 0.0671875 0.10625
0 0.11328125 0.47421875 0.053125 0.0859375
0 0.5828125 0.67578125 0.059375 0.0609375
0 0.7625 0.52890625 0.0484375 0.05625
0 0.1515625 0.45703125 0.05 0.06875
0 0.190625 0.5109375 0.053125 0.0515625
0 0.5703125 0.62890625 0.046875 0.065625
0 0.540625 0.4796875 0.053125 0.078125
0 0.66796875 0.70703125 0.046875 0.0421875
0 0.5359375 0.78671875 0.0375 0.053125
0 0.2875 0.68046875 0.0390625 0.0609375