0 0.10234375 0.63515625 0.0640625 0.128125
0 0.06171875 0.57890625 0.053125 0.065625
0 0.18671875 0.56328125 0.0390625 0.059375
0 0.16484375 0.2640625 0.0734375 0.078125
0 0.38671875 0.31328125 0.0734375 0.1078125
0 0.6453125 0.3390625 0.0734375 0.0609375
0 0.459375 0.4734375 0.0734375 0.0609375
0 0.5109375 0.53828125 0.0765625 0.05625
0 0.4796875 0.6265625 0.06875 0.0453125
0 0.36953125 0.67578125 0.04375 0.071875
0 0.25078125 0.26796875 0.0640625 0.103125
0 0.2296875 0.409375 0.0453125 0.09375
0 0.5375 0.65078125 0.0609375 0.05
0 0.6140625 0.4703125 0.0515625 0.065625
0 0.5921875 0.096875 0.0359375 0.071875