0 0.28828125 0.29375 0.1984375 0.159375
0 0.3515625 0.36171875 0.225 0.19375
0 0.4015625 0.48203125 0.203125 0.1796875
0 0.2796875 0.53671875 0.1453125 0.146875
0 0.17890625 0.52421875 0.096875 0.096875
0 0.31015625 0.6765625 0.1546875 0.125
0 0.43125 0.63828125 0.165625 0.1421875
0 0.4140625 0.77109375 0.115625 0.09375
0 0.5265625 0.63828125 0.18125 0.1515625
0 0.559375 0.459375 0.171875 0.146875
0 0.64140625 0.29765625 0.1765625 0.159375
0 0.4578125 0.209375 0.1421875 0.15
0 0.92109375 0.56015625 0.1578125 0.1390625
0 0.5953125 0.5171875 0.159375 0.1515625
0 0.51953125 0.3859375 0.15625 0.1578125