0 0.52578125 0.771875 0.2 0.1546875
0 0.52265625 0.6828125 0.2265625 0.1640625
0 0.2015625 0.83359375 0.15625 0.2546875
0 0.08359375 0.6109375 0.15625 0.190625
0 0.0859375 0.4796875 0.171875 0.146875
0 0.07578125 0.371875 0.11875 0.175
0 0.06328125 0.21484375 0.1265625 0.1421875
0 0.18515625 0.32265625 0.1609375 0.221875
0 0.20390625 0.6328125 0.1234375 0.2125
0 0.2375 0.7640625 0.1296875 0.14375
0 0.36640625 0.9765625 0.1359375 0.046875
0 0.5609375 0.4671875 0.228125 0.2765625
0 0.434375 0.50546875 0.2078125 0.209375
0 0.34765625 0.44453125 0.1859375 0.2390625
0 0.371875 0.746875 0.10625 0.1265625
0 0.55859375 0.8671875 0.0953125 0.1125
0 0.19765625 0.48515625 0.0625 0.0765625
0 0.33203125 0.60546875 0.0734375 0.09375
0 0.68125 0.8453125 0.0609375 0.065625
0 0.975 0.76171875 0.05 0.1203125