0 0.540625 0.196875 0.165625 0.1984375
0 0.259375 0.85859375 0.146875 0.196875
0 0.39609375 0.80234375 0.0671875 0.084375
0 0.8453125 0.5921875 0.1140625 0.125
0 0.796875 0.28984375 0.1296875 0.128125
0 0.6296875 0.62109375 0.03125 0.0796875
0 0.20390625 0.2453125 0.1671875 0.11875
0 0.65078125 0.63046875 0.0578125 0.059375
0 0.5765625 0.6609375 0.065625 0.071875
0 0.38984375 0.73984375 0.059375 0.0609375
0 0.45 0.68359375 0.046875 0.0609375
0 0.596875 0.60390625 0.053125 0.0796875
0 0.6328125 0.81640625 0.0703125 0.0765625
0 0.640625 0.8828125 0.0671875 0.09375
0 0.56640625 0.86171875 0.0546875 0.0609375
0 0.50078125 0.97890625 0.0328125 0.0421875
0 0.50234375 0.76015625 0.053125 0.0578125
0 0.5828125 0.771875 0.0453125 0.06875
0 0.53125 0.825 0.046875 0.0609375
0 0.5671875 0.8140625 0.046875 0.0625
0 0.478125 0.821875 0.046875 0.053125
0 0.41953125 0.90546875 0.025 0.0375