0 0.43671875 0.3765625 0.171875 0.1328125
0 0.434375 0.55078125 0.075 0.08125
0 0.35234375 0.5765625 0.0953125 0.1015625
0 0.48203125 0.6828125 0.2203125 0.1796875
0 0.4265625 0.61171875 0.090625 0.0765625
0 0.70546875 0.346875 0.3140625 0.2046875
0 0.684375 0.5453125 0.1140625 0.0921875
0 0.6234375 0.509375 0.06875 0.0640625
0 0.56875 0.47734375 0.059375 0.075
0 0.684375 0.48359375 0.0796875 0.05625
0 0.7390625 0.4390625 0.08125 0.06875
0 0.94609375 0.334375 0.0796875 0.08125
0 0.63515625 0.07109375 0.1859375 0.1421875
0 0.7515625 0.09375 0.325 0.1875
0 0.5171875 0.2140625 0.065625 0.0609375
0 0.59296875 0.1859375 0.0453125 0.059375
0 0.60234375 0.2203125 0.0421875 0.05625
0 0.64453125 0.23359375 0.053125 0.05
0 0.678125 0.18203125 0.059375 0.06875
0 0.72890625 0.175 0.0515625 0.0640625
0 0.7953125 0.246875 0.078125 0.0765625
0 0.53203125 0.13984375 0.090625 0.078125
0 0.0375 0.47734375 0.075 0.0671875
0 0.03125 0.540625 0.0625 0.05625
0 0.028125 0.60546875 0.0421875 0.05
0 0.1046875 0.459375 0.0921875 0.0734375