0 0.09453125 0.8375 0.1390625 0.128125
0 0.17890625 0.88671875 0.11875 0.0953125
0 0.08828125 0.55859375 0.109375 0.084375
0 0.08515625 0.44296875 0.1703125 0.1390625
0 0.19453125 0.45625 0.1734375 0.134375
0 0.29375 0.4046875 0.115625 0.109375
0 0.30390625 0.25078125 0.165625 0.1265625
0 0.45234375 0.5765625 0.1421875 0.1515625
0 0.5625 0.92890625 0.1171875 0.1078125
0 0.69765625 0.7703125 0.103125 0.0828125
0 0.76953125 0.54765625 0.10625 0.1140625
0 0.55546875 0.621875 0.1 0.10625
0 0.5234375 0.74765625 0.084375 0.090625
0 0.8546875 0.61796875 0.08125 0.0921875
0 0.4109375 0.465625 0.1328125 0.1640625
0 0.23828125 0.5421875 0.109375 0.075