0 0.12109375 0.30859375 0.225 0.2796875
0 0.2078125 0.34453125 0.1453125 0.1734375
0 0.184375 0.51328125 0.2484375 0.334375
0 0.26171875 0.5796875 0.26875 0.30625
0 0.2140625 0.7 0.25625 0.26875
0 0.26640625 0.8484375 0.265625 0.2609375
0 0.3859375 0.66796875 0.2203125 0.1984375
0 0.48046875 0.7140625 0.2734375 0.3234375
0 0.45078125 0.4421875 0.20625 0.334375
0 0.3765625 0.384375 0.1796875 0.178125
0 0.1953125 0.21875 0.1984375 0.190625
0 0.11171875 0.1578125 0.0890625 0.134375
0 0.29375 0.23203125 0.13125 0.1703125
0 0.46171875 0.08203125 0.1421875 0.1640625
0 0.5390625 0.12421875 0.159375 0.2109375
0 0.54609375 0.25 0.1515625 0.16875
0 0.61171875 0.346875 0.1265625 0.1671875
0 0.65078125 0.27578125 0.109375 0.1359375
0 0.78828125 0.14140625 0.115625 0.1421875
0 0.778125 0.38359375 0.2671875 0.328125
0 0.953125 0.19375 0.09375 0.171875
0 0.4875 0.79609375 0.0515625 0.05625
0 0.4234375 0.86328125 0.040625 0.0640625
0 0.41484375 0.90625 0.040625 0.06875
0 0.55078125 0.82421875 0.0390625 0.05
0 0.56796875 0.79453125 0.0484375 0.046875
0 0.56171875 0.58359375 0.0546875 0.06875
0 0.6171875 0.49765625 0.034375 0.0515625
0 0.97578125 0.490625 0.0484375 0.096875
0 0.940625 0.43359375 0.0421875 0.059375
0 0.903125 0.4484375 0.0375 0.0609375