0 0.3296875 0.41171875 0.3140625 0.321875
0 0.7359375 0.43125 0.334375 0.2890625
0 0.9484375 0.23125 0.103125 0.15
0 0.12109375 0.49140625 0.2046875 0.2140625
0 0.17578125 0.86875 0.2578125 0.209375
0 0.54609375 0.69609375 0.409375 0.3421875
0 0.67578125 0.125 0.265625 0.2390625
0 0.49375 0.2375 0.2765625 0.24375
0 0.80390625 0.2 0.2140625 0.1765625
0 0.30390625 0.6671875 0.1765625 0.18125
0 0.08984375 0.75625 0.1796875 0.16875
0 0.1671875 0.19140625 0.2921875 0.328125
0 0.32421875 0.12421875 0.203125 0.20625
0 0.53125 0.07109375 0.178125 0.1421875
0 0.8453125 0.10703125 0.1640625 0.140625
0 0.9296875 0.4453125 0.140625 0.15625
0 0.93984375 0.5796875 0.1203125 0.20625
0 0.8171875 0.8609375 0.2375 0.278125
0 0.84765625 0.84609375 0.2390625 0.209375