0 0.75625 0.72890625 0.1984375 0.2046875
0 0.72265625 0.696875 0.203125 0.165625
0 0.4953125 0.62578125 0.1671875 0.1765625
0 0.465625 0.69140625 0.13125 0.140625
0 0.53671875 0.49921875 0.1671875 0.1890625
0 0.45625 0.53984375 0.0921875 0.11875
0 0.5578125 0.41484375 0.1671875 0.175
0 0.68671875 0.575 0.190625 0.1421875
0 0.80078125 0.5203125 0.1484375 0.134375
0 0.85 0.61796875 0.1671875 0.15625
0 0.746875 0.4671875 0.1625 0.1359375
0 0.6765625 0.4515625 0.165625 0.1671875
0 0.71796875 0.35 0.18125 0.159375