0 0.5296875 0.509375 0.16875 0.1203125
0 0.6546875 0.33515625 0.15 0.18125
0 0.91796875 0.175 0.0734375 0.1
0 0.6140625 0.50625 0.1140625 0.134375
0 0.5359375 0.3078125 0.1734375 0.1171875
0 0.52421875 0.37578125 0.14375 0.1203125
0 0.38125 0.2859375 0.146875 0.1703125
0 0.3234375 0.30234375 0.14375 0.128125
0 0.2734375 0.3578125 0.19375 0.140625
0 0.5484375 0.12890625 0.125 0.1328125
0 0.5375 0.21171875 0.1546875 0.11875
0 0.41875 0.06640625 0.153125 0.1328125
0 0.2484375 0.0453125 0.15 0.090625
0 0.2265625 0.1265625 0.16875 0.1546875
0 0.1390625 0.190625 0.1625 0.146875