0 0.38203125 0.31015625 0.08125 0.10625
0 0.35078125 0.4453125 0.053125 0.0703125
0 0.1875 0.715625 0.1203125 0.14375
0 0.00859375 0.88203125 0.0171875 0.0765625
0 0.40546875 0.5765625 0.075 0.1046875
0 0.3171875 0.784375 0.0796875 0.109375
0 0.2609375 0.69140625 0.0734375 0.084375
0 0.50625 0.73125 0.109375 0.125
0 0.471875 0.63515625 0.084375 0.0921875
0 0.49921875 0.57265625 0.0703125 0.078125
0 0.503125 0.415625 0.078125 0.0828125
0 0.58203125 0.4609375 0.075 0.0796875
0 0.72734375 0.33203125 0.0671875 0.1546875
0 0.77109375 0.41640625 0.065625 0.1046875
0 0.73359375 0.50546875 0.0859375 0.1359375
0 0.66015625 0.615625 0.0671875 0.0859375
0 0.75546875 0.73515625 0.0734375 0.1046875
0 0.81640625 0.7546875 0.0828125 0.1046875
0 0.90078125 0.6453125 0.0734375 0.1078125
0 0.965625 0.43359375 0.06875 0.1453125
0 0.93515625 0.44609375 0.078125 0.0984375