0 0.64375 0.3546875 0.1203125 0.1
0 0.5390625 0.32421875 0.084375 0.06875
0 0.54453125 0.50078125 0.1125 0.090625
0 0.61171875 0.565625 0.121875 0.096875
0 0.7078125 0.6671875 0.16875 0.2078125
0 0.76484375 0.61953125 0.1375 0.103125
0 0.83359375 0.75546875 0.1421875 0.109375
0 0.76953125 0.8125 0.1328125 0.153125
0 0.6796875 0.8296875 0.1390625 0.1828125
0 0.5734375 0.7171875 0.1421875 0.1421875
0 0.46953125 0.62890625 0.13125 0.11875
0 0.46875 0.48046875 0.0765625 0.11875
0 0.48671875 0.2125 0.05625 0.0890625
0 0.1234375 0.1703125 0.1171875 0.09375
0 0.3859375 0.67109375 0.103125 0.1640625
0 0.68984375 0.4453125 0.0953125 0.1140625