0 0.44765625 0.63359375 0.2734375 0.1640625
0 0.6609375 0.6859375 0.1390625 0.128125
0 0.628125 0.47109375 0.103125 0.1078125
0 0.4625 0.3421875 0.2546875 0.1953125
0 0.7234375 0.46953125 0.0625 0.0859375
0 0.8515625 0.58046875 0.0765625 0.0640625
0 0.93515625 0.43046875 0.1046875 0.0640625
0 0.98359375 0.74296875 0.0328125 0.0578125
0 0.446875 0.8765625 0.1609375 0.1296875
0 0.36015625 0.846875 0.2421875 0.184375
0 0.46015625 0.953125 0.0859375 0.06875
0 0.29609375 0.534375 0.053125 0.04375
0 0.353125 0.48984375 0.0546875 0.0609375
0 0.378125 0.41328125 0.0984375 0.0609375
0 0.403125 0.52265625 0.0484375 0.0640625
0 0.31875 0.7203125 0.0671875 0.0578125
0 0.77890625 0.3109375 0.059375 0.0484375