0 0.25859375 0.6765625 0.1375 0.1328125
0 0.271875 0.5625 0.0921875 0.0890625
0 0.1953125 0.471875 0.1796875 0.1453125
0 0.0734375 0.64609375 0.1203125 0.1296875
0 0.35703125 0.25859375 0.1703125 0.1390625
0 0.23125 0.346875 0.10625 0.10625
0 0.18203125 0.0671875 0.1359375 0.134375
0 0.1875 0.19765625 0.0828125 0.0921875
0 0.06640625 0.30078125 0.0921875 0.0890625
0 0.08203125 0.2046875 0.09375 0.096875
0 0.1046875 0.05703125 0.0953125 0.1046875
0 0.5625 0.0671875 0.115625 0.1078125
0 0.67578125 0.0984375 0.1375 0.09375
0 0.80078125 0.12109375 0.125 0.103125
0 0.93515625 0.1953125 0.1296875 0.165625
0 0.83515625 0.315625 0.1796875 0.1453125
0 0.6578125 0.33515625 0.1625 0.140625
0 0.5765625 0.3171875 0.078125 0.0828125
0 0.50703125 0.43203125 0.134375 0.1015625
0 0.41953125 0.41484375 0.096875 0.0859375
0 0.48515625 0.19453125 0.13125 0.0921875
0 0.34765625 0.53984375 0.1015625 0.0984375
0 0.42265625 0.471875 0.0875 0.084375
0 0.6421875 0.65546875 0.128125 0.1234375
0 0.7546875 0.66015625 0.140625 0.1359375
0 0.86875 0.571875 0.1015625 0.1234375
0 0.9484375 0.66875 0.0796875 0.1375
0 0.71171875 0.4453125 0.1296875 0.1171875
0 0.7859375 0.5171875 0.071875 0.06875
0 0.65 0.41875 0.06875 0.090625