0 0.5875 0.86328125 0.13125 0.096875
0 0.7796875 0.9296875 0.1421875 0.1046875
0 0.8328125 0.78515625 0.109375 0.06875
0 0.93046875 0.6125 0.1265625 0.096875
0 0.7453125 0.6171875 0.0984375 0.0625
0 0.53203125 0.66484375 0.1078125 0.1296875
0 0.59375 0.67421875 0.075 0.0765625
0 0.19921875 0.83671875 0.06875 0.0609375
0 0.21328125 0.7484375 0.14375 0.090625
0 0.05234375 0.8328125 0.1046875 0.11875
0 0.0390625 0.72890625 0.078125 0.1140625
0 0.125 0.54140625 0.1078125 0.1140625
0 0.22890625 0.47734375 0.1765625 0.1125
0 0.121875 0.26484375 0.1359375 0.1
0 0.32421875 0.67421875 0.0796875 0.071875
0 0.3265625 0.93828125 0.0890625 0.0734375
0 0.2921875 0.93046875 0.040625 0.0421875
0 0.29765625 0.89765625 0.0421875 0.04375
0 0.3359375 0.8328125 0.04375 0.0359375
0 0.39921875 0.70859375 0.0515625 0.075
0 0.42890625 0.66328125 0.046875 0.040625
0 0.446875 0.57578125 0.0359375 0.0421875
0 0.45078125 0.4984375 0.040625 0.040625
0 0.49765625 0.4609375 0.05625 0.0703125
0 0.53125 0.48984375 0.046875 0.0734375
0 0.71328125 0.86015625 0.0765625 0.0578125
0 0.71875 0.81953125 0.0765625 0.075