0 0.78203125 0.6609375 0.1125 0.13125
0 0.17578125 0.52890625 0.109375 0.115625
0 0.14375 0.65703125 0.0625 0.0765625
0 0.17578125 0.73984375 0.0859375 0.08125
0 0.34453125 0.72578125 0.1 0.103125
0 0.3578125 0.8421875 0.071875 0.08125
0 0.39765625 0.39609375 0.0578125 0.0875
0 0.64375 0.3375 0.0421875 0.0953125
0 0.7765625 0.38203125 0.0578125 0.0703125
0 0.32109375 0.39453125 0.05 0.078125
0 0.4140625 0.5796875 0.05 0.0546875
0 0.553125 0.496875 0.046875 0.0765625
0 0.6453125 0.4296875 0.0453125 0.0734375
0 0.33984375 0.5359375 0.0734375 0.0734375
0 0.259375 0.928125 0.0515625 0.08125
0 0.68203125 0.76953125 0.0796875 0.0859375
0 0.61953125 0.84140625 0.09375 0.071875