0 0.36640625 0.396875 0.0828125 0.1
0 0.3234375 0.4171875 0.071875 0.0984375
0 0.23515625 0.525 0.0734375 0.0921875
0 0.20390625 0.70390625 0.0625 0.075
0 0.2484375 0.75703125 0.0953125 0.084375
0 0.30078125 0.65859375 0.05 0.05625
0 0.36015625 0.5921875 0.0609375 0.090625
0 0.40390625 0.59296875 0.05625 0.0734375
0 0.44765625 0.54375 0.084375 0.090625
0 0.54375 0.525 0.090625 0.0984375
0 0.45234375 0.8140625 0.0828125 0.140625
0 0.3640625 0.88984375 0.1125 0.1328125
0 0.31875 0.96328125 0.065625 0.0734375
0 0.38203125 0.7140625 0.0796875 0.15
0 0.76484375 0.73828125 0.0984375 0.1515625
0 0.7078125 0.8171875 0.121875 0.1046875
0 0.88046875 0.609375 0.0921875 0.0984375
0 0.98828125 0.69921875 0.0234375 0.1328125
0 0.88671875 0.3421875 0.071875 0.10625
0 0.75390625 0.38671875 0.053125 0.075
0 0.7140625 0.35703125 0.0515625 0.06875
0 0.79609375 0.425 0.0390625 0.0625
0 0.63125 0.3484375 0.0625 0.10625
0 0.64453125 0.45390625 0.0546875 0.109375