0 0.9015625 0.41875 0.196875 0.25625
0 0.790625 0.6234375 0.2 0.18125
0 0.9375 0.67890625 0.1171875 0.14375
0 0.94375 0.871875 0.090625 0.125
0 0.87890625 0.9625 0.2078125 0.075
0 0.609375 0.89921875 0.14375 0.1375
0 0.68125 0.72890625 0.1703125 0.190625
0 0.69765625 0.50390625 0.1328125 0.13125
0 0.79609375 0.325 0.2125 0.1828125
0 0.7859375 0.14375 0.18125 0.1875
0 0.91328125 0.1078125 0.153125 0.18125
0 0.634375 0.04453125 0.09375 0.0828125
0 0.4796875 0.05078125 0.11875 0.1015625
0 0.33359375 0.11640625 0.140625 0.1421875
0 0.44296875 0.184375 0.1625 0.184375
0 0.578125 0.1546875 0.0859375 0.084375
0 0.61484375 0.21015625 0.1359375 0.1515625
0 0.703125 0.19375 0.0796875 0.134375
0 0.55859375 0.34375 0.15 0.14375
0 0.56875 0.4671875 0.1328125 0.1234375
0 0.4484375 0.54140625 0.1484375 0.1609375
0 0.48203125 0.62734375 0.1953125 0.196875
0 0.47109375 0.8109375 0.1109375 0.121875
0 0.40625 0.85859375 0.2140625 0.2109375
0 0.265625 0.890625 0.2140625 0.1375
0 0.10234375 0.7859375 0.2046875 0.153125
0 0.11328125 0.634375 0.203125 0.1484375
0 0.0609375 0.51875 0.121875 0.196875
0 0.10078125 0.340625 0.196875 0.2015625
0 0.2328125 0.45703125 0.2109375 0.2453125
0 0.34296875 0.3921875 0.1140625 0.15
0 0.4109375 0.33125 0.065625 0.1046875
0 0.465625 0.29609375 0.1328125 0.15
0 0.30234375 0.271875 0.1640625 0.1453125
0 0.08828125 0.175 0.1578125 0.125
0 0.18125 0.153125 0.0765625 0.0953125
0 0.34375 0.6375 0.15625 0.1421875