0 0.5765625 0.48984375 0.065625 0.1015625
0 0.54375 0.58203125 0.0671875 0.0984375
0 0.09140625 0.4203125 0.0796875 0.10625
0 0.278125 0.3984375 0.0546875 0.0625
0 0.1984375 0.33984375 0.0390625 0.0703125
0 0.48515625 0.34609375 0.0890625 0.11875
0 0.53125 0.309375 0.0859375 0.1171875
0 0.39609375 0.35 0.046875 0.0890625
0 0.37265625 0.4546875 0.0546875 0.071875
0 0.31640625 0.16953125 0.0484375 0.096875
0 0.2265625 0.1859375 0.0625 0.0890625
0 0.35859375 0.25703125 0.0671875 0.08125
0 0.39609375 0.196875 0.05 0.084375
0 0.51484375 0.15234375 0.0921875 0.14375
0 0.73203125 0.52578125 0.084375 0.0703125
0 0.67265625 0.4484375 0.0390625 0.0890625
0 0.665625 0.609375 0.04375 0.065625
0 0.7484375 0.675 0.1171875 0.1296875
0 0.76328125 0.59453125 0.0546875 0.0734375
0 0.91640625 0.52265625 0.0578125 0.1109375
0 0.9484375 0.40234375 0.0515625 0.0625
0 0.98125 0.3984375 0.03125 0.0671875
0 0.940625 0.24140625 0.0875 0.13125
0 0.86484375 0.271875 0.0796875 0.05
0 0.79765625 0.3359375 0.03125 0.0609375
0 0.81953125 0.55625 0.0609375 0.0640625
0 0.79609375 0.521875 0.0734375 0.0609375
0 0.7890625 0.4578125 0.078125 0.0796875
0 0.86640625 0.9046875 0.04375 0.0609375
0 0.67734375 0.24765625 0.0921875 0.1234375