0 0.80078125 0.6375 0.1328125 0.1609375
0 0.97421875 0.59609375 0.0515625 0.1328125
0 0.62734375 0.32734375 0.053125 0.1109375
0 0.63359375 0.42421875 0.0453125 0.08125
0 0.76015625 0.3515625 0.0703125 0.0765625
0 0.18984375 0.56171875 0.121875 0.134375
0 0.3734375 0.74609375 0.1140625 0.1171875
0 0.396875 0.86640625 0.084375 0.0984375
0 0.20859375 0.7828125 0.0890625 0.071875
0 0.175 0.709375 0.0671875 0.0734375
0 0.30859375 0.42421875 0.0625 0.0921875
0 0.38515625 0.40859375 0.0578125 0.065625