0 0.896875 0.3703125 0.196875 0.109375
0 0.9328125 0.146875 0.096875 0.1625
0 0.70546875 0.32578125 0.1015625 0.1
0 0.55625 0.37265625 0.1 0.065625
0 0.32265625 0.4453125 0.153125 0.115625
0 0.15546875 0.1015625 0.240625 0.1734375
0 0.30625 0.146875 0.046875 0.0671875
0 0.33984375 0.2203125 0.0890625 0.06875
0 0.14375 0.28984375 0.15625 0.1015625
0 0.1765625 0.3796875 0.0765625 0.1125
0 0.19765625 0.45078125 0.1453125 0.0625
0 0.215625 0.51953125 0.1453125 0.06875
0 0.18046875 0.715625 0.1421875 0.1015625
0 0.33125 0.5390625 0.08125 0.0765625
0 0.43125 0.53984375 0.075 0.065625
0 0.61875 0.54375 0.0953125 0.0890625
0 0.5078125 0.16328125 0.0734375 0.09375
0 0.44609375 0.0984375 0.0984375 0.0796875
0 0.45078125 0.03984375 0.06875 0.078125
0 0.5140625 0.03046875 0.08125 0.0609375
0 0.11484375 0.584375 0.084375 0.103125
0 0.62890625 0.2046875 0.0625 0.0796875
0 0.95859375 0.47890625 0.0828125 0.0703125