0 0.56484375 0.44765625 0.2 0.1359375
0 0.36953125 0.67265625 0.1984375 0.1875
0 0.2859375 0.61640625 0.0671875 0.0796875
0 0.1109375 0.10859375 0.146875 0.15
0 0.8546875 0.12421875 0.1625 0.1328125
0 0.93203125 0.11796875 0.1359375 0.1515625
0 0.8734375 0.43515625 0.253125 0.1921875
0 0.7390625 0.61328125 0.1234375 0.10625
0 0.66015625 0.4015625 0.125 0.09375
0 0.34375 0.40234375 0.0578125 0.0984375
0 0.0734375 0.3296875 0.10625 0.0765625
0 0.45546875 0.5375 0.078125 0.096875
0 0.57734375 0.55546875 0.078125 0.065625
0 0.646875 0.52109375 0.0578125 0.053125
0 0.790625 0.21640625 0.06875 0.0890625
0 0.753125 0.5125 0.075 0.0578125
0 0.74296875 0.27734375 0.071875 0.084375
0 0.3078125 0.54296875 0.0625 0.0640625