0 0.64609375 0.809375 0.0984375 0.353125
0 0.20703125 0.90390625 0.1859375 0.171875
0 0.2171875 0.27109375 0.196875 0.134375
0 0.209375 0.46796875 0.146875 0.1375
0 0.4 0.8078125 0.1328125 0.1828125
0 0.07109375 0.2265625 0.1109375 0.1109375
0 0.40703125 0.29765625 0.128125 0.128125
0 0.496875 0.090625 0.103125 0.18125
0 0.271875 0.1828125 0.146875 0.1265625
0 0.184375 0.19765625 0.1078125 0.096875
0 0.1421875 0.3359375 0.1328125 0.1015625
0 0.39921875 0.55703125 0.115625 0.21875
0 0.76015625 0.73203125 0.1421875 0.3375