0 0.78828125 0.52734375 0.090625 0.115625
0 0.84921875 0.36796875 0.0625 0.08125
0 0.828125 0.284375 0.109375 0.096875
0 0.7875 0.075 0.040625 0.0890625
0 0.70078125 0.15234375 0.0953125 0.103125
0 0.6578125 0.30546875 0.0875 0.1234375
0 0.62265625 0.1953125 0.0578125 0.103125
0 0.5984375 0.4234375 0.05 0.059375
0 0.6234375 0.48046875 0.0640625 0.065625
0 0.6734375 0.45546875 0.025 0.09375
0 0.66484375 0.62421875 0.05 0.096875
0 0.5984375 0.6203125 0.06875 0.096875
0 0.4609375 0.4875 0.071875 0.121875
0 0.26640625 0.25078125 0.109375 0.1734375
0 0.3828125 0.17265625 0.115625 0.125
0 0.346875 0.2203125 0.090625 0.0859375
0 0.16875 0.31875 0.06875 0.0875
0 0.046875 0.265625 0.071875 0.125
0 0.2515625 0.590625 0.046875 0.0671875
0 0.2109375 0.57421875 0.05625 0.0875
0 0.346875 0.63359375 0.065625 0.096875
0 0.353125 0.5390625 0.0375 0.11875
0 0.08046875 0.5953125 0.034375 0.109375
0 0.51484375 0.2875 0.0296875 0.08125