0 0.721875 0.7625 0.175 0.18125
0 0.69296875 0.72578125 0.1859375 0.140625
0 0.478125 0.62421875 0.146875 0.15625
0 0.4390625 0.684375 0.115625 0.125
0 0.53671875 0.5046875 0.1453125 0.1703125
0 0.45078125 0.53359375 0.078125 0.109375
0 0.56953125 0.4234375 0.146875 0.15625
0 0.67421875 0.6 0.1765625 0.11875
0 0.7953125 0.56171875 0.1328125 0.115625
0 0.83046875 0.665625 0.15 0.1359375
0 0.74921875 0.5015625 0.1484375 0.115625
0 0.68125 0.4765625 0.146875 0.146875
0 0.73671875 0.38203125 0.1640625 0.1375