0 0.4015625 0.16484375 0.16875 0.1390625
0 0.57734375 0.08046875 0.1546875 0.0921875
0 0.509375 0.23359375 0.175 0.159375
0 0.64140625 0.26796875 0.153125 0.109375
0 0.82109375 0.184375 0.1265625 0.084375
0 0.796875 0.3578125 0.159375 0.1140625
0 0.646875 0.384375 0.1609375 0.1375
0 0.73359375 0.43671875 0.153125 0.1265625
0 0.59453125 0.578125 0.1703125 0.140625
0 0.47890625 0.55625 0.140625 0.14375
0 0.3578125 0.56953125 0.1390625 0.1296875
0 0.4390625 0.48828125 0.1203125 0.1359375
0 0.23828125 0.39296875 0.1328125 0.16875
0 0.353125 0.659375 0.165625 0.109375
0 0.47421875 0.3453125 0.1578125 0.109375
0 0.3515625 0.40625 0.140625 0.103125
0 0.33359375 0.4921875 0.1390625 0.1265625