0 0.7078125 0.48515625 0.221875 0.2625
0 0.721875 0.315625 0.209375 0.290625
0 0.37734375 0.4734375 0.2015625 0.240625
0 0.309375 0.31640625 0.196875 0.2390625
0 0.140625 0.5296875 0.1765625 0.1578125
0 0.103125 0.19140625 0.175 0.278125
0 0.12890625 0.67421875 0.1703125 0.16875
0 0.275 0.89296875 0.1 0.1359375
0 0.20390625 0.97421875 0.1171875 0.0515625
0 0.4265625 0.603125 0.1515625 0.2140625
0 0.6140625 0.828125 0.078125 0.109375
0 0.79921875 0.5453125 0.065625 0.084375
0 0.7 0.86875 0.0515625 0.05625
0 0.909375 0.8 0.0484375 0.05
0 0.725 0.62734375 0.0625 0.059375
0 0.7703125 0.72890625 0.0515625 0.0765625