0 0.5828125 0.64453125 0.065625 0.121875
0 0.4328125 0.3015625 0.0953125 0.0875
0 0.309375 0.45546875 0.084375 0.1078125
0 0.15859375 0.3015625 0.1203125 0.0984375
0 0.0640625 0.37578125 0.09375 0.1109375
0 0.1765625 0.5296875 0.0515625 0.053125
0 0.58984375 0.34453125 0.0515625 0.0828125
0 0.6609375 0.49765625 0.03125 0.084375
0 0.4078125 0.41796875 0.0421875 0.05
0 0.4984375 0.41953125 0.0453125 0.071875
0 0.590625 0.13828125 0.11875 0.128125
0 0.7578125 0.1984375 0.084375 0.10625
0 0.41796875 0.553125 0.0515625 0.059375
0 0.28984375 0.7015625 0.0375 0.0828125