0 0.3984375 0.67734375 0.10625 0.0796875
0 0.5078125 0.6796875 0.075 0.053125
0 0.45625 0.5109375 0.1 0.0703125
0 0.375 0.465625 0.109375 0.075
0 0.25625 0.3921875 0.1328125 0.184375
0 0.21328125 0.453125 0.125 0.078125
0 0.11171875 0.33984375 0.128125 0.0828125
0 0.15859375 0.26796875 0.1046875 0.134375
0 0.24140625 0.228125 0.10625 0.1640625
0 0.3734375 0.309375 0.11875 0.1203125
0 0.49609375 0.3671875 0.1140625 0.0953125
0 0.53515625 0.5109375 0.053125 0.1109375
0 0.5875 0.77421875 0.0375 0.0828125
0 0.9484375 0.72109375 0.103125 0.0734375
0 0.56640625 0.3046875 0.0703125 0.153125
0 0.33046875 0.60234375 0.0765625 0.1