0 0.31015625 0.85625 0.18125 0.1703125
0 0.11015625 0.5625 0.2203125 0.103125
0 0.20390625 0.62578125 0.0734375 0.05
0 0.346875 0.50234375 0.0875 0.053125
0 0.2890625 0.4484375 0.1140625 0.075
0 0.778125 0.37578125 0.1125 0.0625
0 0.94296875 0.5984375 0.109375 0.0609375
0 0.43359375 0.934375 0.0625 0.0640625
0 0.4796875 0.9703125 0.053125 0.0484375
0 0.48359375 0.55546875 0.0484375 0.04375
0 0.26015625 0.5375 0.0671875 0.046875
0 0.88203125 0.82578125 0.078125 0.05625
0 0.203125 0.7421875 0.078125 0.0796875
0 0.5453125 0.94453125 0.0546875 0.0484375
0 0.25859375 0.64921875 0.0796875 0.0484375
0 0.2125 0.49765625 0.0625 0.034375
0 0.8921875 0.5109375 0.065625 0.0375