0 0.08125 0.690625 0.109375 0.0984375
0 0.23046875 0.9609375 0.1734375 0.078125
0 0.19296875 0.84453125 0.1609375 0.1359375
0 0.4296875 0.871875 0.14375 0.1234375
0 0.471875 0.6546875 0.1265625 0.146875
0 0.509375 0.46875 0.090625 0.08125
0 0.1515625 0.2703125 0.1265625 0.215625
0 0.321875 0.4625 0.084375 0.0734375
0 0.86953125 0.21796875 0.146875 0.1265625
0 0.79921875 0.440625 0.128125 0.1171875
0 0.85859375 0.703125 0.1390625 0.13125
0 0.8421875 0.78046875 0.09375 0.065625
0 0.978125 0.7765625 0.04375 0.13125
0 0.9484375 0.5703125 0.103125 0.15
0 0.88671875 0.50703125 0.1203125 0.125
0 0.9359375 0.3671875 0.1140625 0.128125
0 0.64140625 0.571875 0.0703125 0.0875
0 0.70625 0.9 0.0890625 0.0734375
0 0.77421875 0.871875 0.0640625 0.065625
0 0.78515625 0.5953125 0.084375 0.078125
0 0.73046875 0.51171875 0.06875 0.0609375
0 0.5578125 0.4875 0.053125 0.0609375
0 0.7390625 0.37734375 0.053125 0.053125
0 0.27265625 0.55390625 0.06875 0.0671875
0 0.24609375 0.65703125 0.0984375 0.078125
0 0.3203125 0.84375 0.1 0.0828125