0 0.46484375 0.71953125 0.1359375 0.13125
0 0.49921875 0.921875 0.134375 0.134375
0 0.64453125 0.90859375 0.103125 0.1
0 0.73828125 0.91328125 0.0796875 0.0921875
0 0.94296875 0.6828125 0.1140625 0.109375
0 0.9546875 0.5140625 0.090625 0.103125
0 0.8125 0.54921875 0.0859375 0.08125
0 0.84453125 0.59375 0.0546875 0.046875
0 0.7859375 0.703125 0.0921875 0.071875
0 0.72109375 0.61484375 0.1015625 0.084375
0 0.4859375 0.48359375 0.06875 0.0703125
0 0.3734375 0.50546875 0.1109375 0.0984375
0 0.315625 0.66328125 0.1078125 0.1234375
0 0.39453125 0.79609375 0.1140625 0.115625
0 0.34921875 0.96328125 0.0828125 0.0734375
0 0.23125 0.9625 0.065625 0.075
0 0.1859375 0.85 0.0734375 0.0875
0 0.084375 0.78828125 0.1375 0.1109375
0 0.15859375 0.709375 0.096875 0.0625
0 0.11640625 0.60078125 0.146875 0.08125
0 0.14296875 0.59140625 0.103125 0.04375
0 0.1328125 0.3390625 0.1375 0.0734375
0 0.23125 0.45078125 0.053125 0.04375
0 0.2515625 0.53125 0.05 0.0578125
0 0.58203125 0.42109375 0.078125 0.059375
0 0.7078125 0.36875 0.0640625 0.0671875
0 0.57890625 0.5453125 0.05625 0.0515625
0 0.540625 0.6625 0.028125 0.078125
0 0.55546875 0.89375 0.0453125 0.06875
0 0.55546875 0.9625 0.0625 0.0734375
0 0.94765625 0.91484375 0.0703125 0.0859375
0 0.88515625 0.70703125 0.0921875 0.0640625