0 0.5453125 0.75703125 0.1703125 0.1671875
0 0.5328125 0.809375 0.084375 0.090625
0 0.50078125 0.9421875 0.1640625 0.115625
0 0.3625 0.93046875 0.1375 0.121875
0 0.18125 0.8921875 0.11875 0.1046875
0 0.24375 0.85703125 0.09375 0.1109375
0 0.07734375 0.5734375 0.1546875 0.153125
0 0.06015625 0.42890625 0.0984375 0.1
0 0.24140625 0.5578125 0.096875 0.0859375
0 0.5984375 0.52734375 0.0609375 0.0875
0 0.70625 0.71796875 0.190625 0.1578125
0 0.7359375 0.88046875 0.071875 0.0734375
0 0.68515625 0.975 0.0484375 0.05
0 0.85546875 0.84140625 0.178125 0.121875
0 0.8421875 0.76796875 0.109375 0.0859375
0 0.825 0.646875 0.2 0.1203125
0 0.85703125 0.61171875 0.0859375 0.059375
0 0.775 0.48203125 0.075 0.0984375
0 0.74140625 0.56640625 0.05625 0.0578125
0 0.8390625 0.41171875 0.0984375 0.1203125
0 0.5453125 0.48984375 0.0671875 0.075
0 0.45234375 0.421875 0.065625 0.0640625
0 0.27421875 0.428125 0.0625 0.08125
0 0.4875 0.6171875 0.06875 0.071875
0 0.4703125 0.7390625 0.0625 0.109375
0 0.4390625 0.703125 0.06875 0.1046875
0 0.2875 0.75859375 0.0640625 0.0671875
0 0.77421875 0.91640625 0.065625 0.084375
0 0.62734375 0.60546875 0.05 0.0578125
0 0.66171875 0.509375 0.0578125 0.0609375
0 0.6125 0.9109375 0.059375 0.0875