0 0.75078125 0.20625 0.1546875 0.128125
0 0.83515625 0.28046875 0.0828125 0.078125
0 0.95390625 0.33046875 0.0921875 0.0859375
0 0.96875 0.18828125 0.0625 0.1234375
0 0.7109375 0.8234375 0.14375 0.1765625
0 0.65390625 0.62109375 0.0875 0.0796875
0 0.47109375 0.52578125 0.0828125 0.0671875
0 0.1375 0.22578125 0.2015625 0.1703125
0 0.25703125 0.15859375 0.1421875 0.1390625
0 0.30390625 0.07734375 0.103125 0.0859375
0 0.14921875 0.03125 0.1078125 0.0625
0 0.16640625 0.38046875 0.1890625 0.1578125
0 0.08203125 0.43828125 0.1640625 0.1515625
0 0.05859375 0.584375 0.1171875 0.121875
0 0.4140625 0.3671875 0.05625 0.1
0 0.5296875 0.075 0.0796875 0.0921875
0 0.41171875 0.04375 0.0578125 0.0875
0 0.371875 0.16953125 0.0625 0.0671875
0 0.3109375 0.290625 0.0828125 0.0890625
0 0.29296875 0.38046875 0.06875 0.0703125
0 0.24921875 0.41640625 0.0703125 0.05
0 0.2265625 0.50546875 0.0546875 0.0765625
0 0.51015625 0.615625 0.0578125 0.0625
0 0.7203125 0.53984375 0.0796875 0.0796875
0 0.80859375 0.4640625 0.078125 0.0890625
0 0.89296875 0.54921875 0.09375 0.1125
0 0.97734375 0.51640625 0.0453125 0.0921875
0 0.6046875 0.38671875 0.1171875 0.125
0 0.64375 0.3421875 0.0875 0.0796875
0 0.6625 0.07734375 0.0828125 0.06875