0 0.471875 0.359375 0.2921875 0.20625
0 0.690625 0.3453125 0.1578125 0.1484375
0 0.62109375 0.55078125 0.11875 0.121875
0 0.4359375 0.6484375 0.28125 0.2328125
0 0.71484375 0.56875 0.075 0.09375
0 0.86015625 0.48203125 0.0859375 0.0765625
0 0.91640625 0.64453125 0.1125 0.08125
0 0.51328125 0.11953125 0.178125 0.153125
0 0.42265625 0.134375 0.265625 0.2203125
0 0.53984375 0.046875 0.0953125 0.08125
0 0.3046875 0.43125 0.059375 0.0515625
0 0.35390625 0.484375 0.0625 0.0671875
0 0.36484375 0.5640625 0.10625 0.075
0 0.40859375 0.4609375 0.0578125 0.0703125
0 0.36015625 0.25234375 0.075 0.0671875
0 0.74140625 0.734375 0.065625 0.0578125