0 0.71484375 0.49609375 0.1796875 0.25625
0 0.53203125 0.32578125 0.2328125 0.2421875
0 0.865625 0.18359375 0.2203125 0.1640625
0 0.8953125 0.41875 0.209375 0.215625
0 0.90234375 0.57734375 0.1734375 0.1359375
0 0.8890625 0.68125 0.221875 0.196875
0 0.909375 0.8125 0.1359375 0.1046875
0 0.959375 0.86796875 0.08125 0.1484375
0 0.80625 0.8328125 0.071875 0.0875
0 0.678125 0.9203125 0.1515625 0.140625
0 0.6921875 0.771875 0.1609375 0.1546875
0 0.56171875 0.8921875 0.16875 0.171875
0 0.40703125 0.8296875 0.13125 0.1234375
0 0.428125 0.87734375 0.1015625 0.09375
0 0.3265625 0.825 0.11875 0.125
0 0.21484375 0.7515625 0.1875 0.196875
0 0.09609375 0.77734375 0.1578125 0.19375
0 0.4421875 0.69921875 0.1453125 0.1265625
0 0.53203125 0.71484375 0.11875 0.1203125
0 0.58203125 0.66015625 0.0796875 0.1078125
0 0.5015625 0.49453125 0.209375 0.1890625
0 0.4796875 0.134375 0.134375 0.15
0 0.71640625 0.08046875 0.2609375 0.1609375
0 0.31484375 0.17265625 0.140625 0.125
0 0.06640625 0.11953125 0.1328125 0.1640625
0 0.32890625 0.45546875 0.1765625 0.2203125
0 0.2296875 0.38203125 0.090625 0.1046875
0 0.2125 0.49375 0.2078125 0.1625
0 0.271875 0.5765625 0.109375 0.1421875
0 0.39296875 0.56484375 0.1046875 0.13125
0 0.1328125 0.65703125 0.096875 0.103125
0 0.0734375 0.4359375 0.146875 0.146875
0 0.24140625 0.95859375 0.1390625 0.0828125
0 0.21796875 0.86015625 0.1546875 0.1578125
0 0.11015625 0.96328125 0.1328125 0.0734375
0 0.5515625 0.9734375 0.11875 0.053125
0 0.76015625 0.71875 0.15625 0.175
0 0.6640625 0.625 0.1125 0.1359375
0 0.65546875 0.3734375 0.1546875 0.159375
0 0.146875 0.23203125 0.078125 0.1359375