0 0.521875 0.69921875 0.165625 0.1265625
0 0.50234375 0.765625 0.175 0.175
0 0.30625 0.90859375 0.20625 0.15625
0 0.175 0.81796875 0.159375 0.1515625
0 0.190625 0.7125 0.2 0.2015625
0 0.3015625 0.50703125 0.215625 0.1953125
0 0.37421875 0.58984375 0.165625 0.1828125
0 0.56640625 0.43984375 0.1796875 0.1453125
0 0.53359375 0.5578125 0.1734375 0.1453125
0 0.4890625 0.61953125 0.1734375 0.1578125
0 0.65546875 0.64453125 0.146875 0.140625
0 0.37734375 0.59765625 0.1875 0.2
0 0.125 0.63515625 0.18125 0.1703125
0 0.05546875 0.853125 0.1109375 0.115625
0 0.0390625 0.7546875 0.078125 0.1625
0 0.36171875 0.81640625 0.1765625 0.1765625
0 0.4515625 0.96484375 0.10625 0.0703125