0 0.66953125 0.60859375 0.140625 0.1
0 0.54140625 0.45234375 0.084375 0.0703125
0 0.7859375 0.8671875 0.11875 0.0875
0 0.43046875 0.6171875 0.090625 0.0609375
0 0.56640625 0.70859375 0.1109375 0.09375
0 0.48828125 0.88515625 0.0765625 0.11875
0 0.06953125 0.83828125 0.1390625 0.1578125
0 0.1046875 0.8640625 0.1265625 0.1234375
0 0.171875 0.88203125 0.078125 0.065625
0 0.28828125 0.67890625 0.08125 0.0859375
0 0.3234375 0.49296875 0.0953125 0.0859375
0 0.1515625 0.62109375 0.1234375 0.090625
0 0.21875 0.496875 0.1140625 0.0734375
0 0.1859375 0.22890625 0.11875 0.0796875
0 0.2546875 0.39296875 0.0796875 0.05625
0 0.4234375 0.80546875 0.078125 0.0640625
0 0.36328125 0.87421875 0.090625 0.071875
0 0.35546875 0.7375 0.0609375 0.04375