0 0.38359375 0.0703125 0.2078125 0.140625
0 0.51875 0.0875 0.190625 0.175
0 0.46875 0.1 0.1515625 0.15
0 0.7890625 0.04453125 0.153125 0.0890625
0 0.665625 0.11484375 0.1984375 0.1640625
0 0.68984375 0.2234375 0.2109375 0.2078125
0 0.8546875 0.12421875 0.175 0.1671875
0 0.7859375 0.265625 0.1765625 0.165625
0 0.66640625 0.44609375 0.20625 0.1609375
0 0.56796875 0.4375 0.1734375 0.190625
0 0.64921875 0.36328125 0.1 0.0875
0 0.5203125 0.3203125 0.1078125 0.103125
0 0.4984375 0.22578125 0.165625 0.1546875
0 0.3828125 0.3140625 0.178125 0.1609375
0 0.39921875 0.39609375 0.1796875 0.1703125
0 0.453125 0.40078125 0.1625 0.153125
0 0.44140625 0.503125 0.178125 0.1671875
0 0.44140625 0.609375 0.1734375 0.1375
0 0.14296875 0.3609375 0.1734375 0.2015625
0 0.2765625 0.45390625 0.1484375 0.1375
0 0.0578125 0.540625 0.115625 0.14375