0 0.8375 0.8234375 0.2109375 0.228125
0 0.93671875 0.8140625 0.1265625 0.228125
0 0.98046875 0.68671875 0.0390625 0.1546875
0 0.896875 0.50234375 0.20625 0.2890625
0 0.77578125 0.3375 0.215625 0.209375
0 0.9015625 0.2640625 0.1484375 0.1671875
0 0.87734375 0.0625 0.1109375 0.125
0 0.7984375 0.025 0.228125 0.05
0 0.5390625 0.10234375 0.1703125 0.14375
0 0.653125 0.25234375 0.1921875 0.2
0 0.70078125 0.4703125 0.1609375 0.134375
0 0.825 0.62109375 0.2359375 0.2171875
0 0.7171875 0.5890625 0.109375 0.1359375
0 0.73671875 0.753125 0.0953125 0.14375
0 0.66328125 0.75390625 0.1609375 0.1515625
0 0.628125 0.82734375 0.103125 0.1
0 0.5546875 0.94921875 0.128125 0.1015625
0 0.490625 0.8109375 0.1890625 0.2078125
0 0.39140625 0.89765625 0.1796875 0.184375
0 0.3453125 0.7484375 0.1734375 0.171875
0 0.234375 0.584375 0.2234375 0.265625
0 0.31953125 0.3984375 0.1734375 0.1765625
0 0.43515625 0.47890625 0.1796875 0.1625
0 0.465625 0.39453125 0.2453125 0.2421875
0 0.45625 0.609375 0.0859375 0.125
0 0.12734375 0.7046875 0.2234375 0.2265625
0 0.1453125 0.89375 0.178125 0.1703125
0 0.24140625 0.89375 0.0890625 0.1171875
0 0.07265625 0.51796875 0.1453125 0.2421875
0 0.10390625 0.41484375 0.2078125 0.178125
0 0.09140625 0.28984375 0.1828125 0.2046875
0 0.34375 0.16171875 0.2578125 0.246875
0 0.20546875 0.15859375 0.221875 0.190625
0 0.425 0.2125 0.1453125 0.134375
0 0.0421875 0.1484375 0.084375 0.14375
0 0.69921875 0.93125 0.1125 0.09375