0 0.5578125 0.50390625 0.2703125 0.2578125
0 0.76640625 0.60625 0.215625 0.2125
0 0.74375 0.41875 0.1390625 0.1734375
0 0.5890625 0.19296875 0.1203125 0.1296875
0 0.45 0.115625 0.225 0.23125
0 0.29375 0.175 0.29375 0.278125
0 0.17109375 0.39296875 0.3015625 0.2328125
0 0.1078125 0.58125 0.215625 0.240625
0 0.2296875 0.79921875 0.2234375 0.2140625
0 0.41796875 0.84375 0.18125 0.18125
0 0.51328125 0.89375 0.140625 0.1453125
0 0.715625 0.07890625 0.2140625 0.146875
0 0.6421875 0.91875 0.15625 0.1625
0 0.878125 0.465625 0.15 0.1734375
0 0.88125 0.27109375 0.0890625 0.1640625
0 0.665625 0.28828125 0.0984375 0.0953125
0 0.1625 0.2 0.24375 0.175
0 0.9265625 0.8921875 0.1140625 0.1515625
0 0.35390625 0.5046875 0.171875 0.1609375
0 0.775 0.75078125 0.1015625 0.11875
0 0.5375 0.35078125 0.15625 0.13125
0 0.46484375 0.4125 0.1015625 0.1328125
0 0.37734375 0.64765625 0.0890625 0.1109375
0 0.2484375 0.67265625 0.10625 0.1203125
0 0.0765625 0.81484375 0.153125 0.1484375