0 0.79609375 0.12421875 0.1625 0.1671875
0 0.94296875 0.353125 0.1140625 0.1625
0 0.88828125 0.32890625 0.128125 0.146875
0 0.8515625 0.4140625 0.11875 0.1390625
0 0.78125 0.3375 0.2234375 0.2015625
0 0.70390625 0.196875 0.1640625 0.146875
0 0.58515625 0.18359375 0.1484375 0.253125
0 0.6078125 0.9359375 0.234375 0.128125
0 0.32265625 0.82890625 0.1671875 0.3
0 0.64609375 0.31953125 0.1765625 0.225
0 0.57578125 0.615625 0.1265625 0.303125
0 0.771875 0.51328125 0.1671875 0.190625
0 0.175 0.7453125 0.171875 0.3953125