0 0.54453125 0.1609375 0.190625 0.1703125
0 0.36171875 0.09765625 0.1609375 0.1140625
0 0.13125 0.25390625 0.134375 0.1078125
0 0.32578125 0.3015625 0.16875 0.1296875
0 0.45703125 0.24296875 0.196875 0.1859375
0 0.50234375 0.3359375 0.1703125 0.1140625
0 0.73046875 0.34140625 0.1515625 0.15
0 0.6390625 0.39375 0.1578125 0.121875
0 0.66953125 0.48125 0.1734375 0.1546875
0 0.56015625 0.4734375 0.13125 0.1453125
0 0.53515625 0.55546875 0.15625 0.159375
0 0.428125 0.59609375 0.190625 0.165625
0 0.271875 0.4953125 0.171875 0.146875
0 0.34140625 0.42265625 0.1921875 0.165625
0 0.18828125 0.41875 0.1671875 0.128125
0 0.6828125 0.63359375 0.1734375 0.1140625