0 0.8484375 0.23515625 0.171875 0.1296875
0 0.753125 0.75859375 0.1015625 0.121875
0 0.6453125 0.6453125 0.0875 0.0796875
0 0.44921875 0.53203125 0.06875 0.0796875
0 0.20078125 0.428125 0.325 0.20625
0 0.23046875 0.28046875 0.1921875 0.15
0 0.18046875 0.0625 0.1328125 0.125
0 0.27578125 0.05703125 0.09375 0.096875
0 0.4375 0.109375 0.0671875 0.0734375
0 0.603125 0.06328125 0.0828125 0.109375
0 0.73046875 0.0859375 0.0828125 0.1
0 0.63515625 0.4203125 0.096875 0.1015625
0 0.56015625 0.3625 0.0734375 0.059375
0 0.4125 0.3796875 0.0625 0.078125
0 0.45390625 0.309375 0.0921875 0.1046875
0 0.35390625 0.32265625 0.084375 0.0875
0 0.33671875 0.13359375 0.065625 0.0875
0 0.628125 0.7140625 0.1296875 0.1609375
0 0.859375 0.49375 0.078125 0.0671875
0 0.9625 0.5328125 0.075 0.08125
0 0.8859375 0.29609375 0.090625 0.0890625
0 0.6 0.1671875 0.075 0.0640625
0 0.5109375 0.2 0.046875 0.065625
0 0.42890625 0.16796875 0.071875 0.0828125