0 0.734375 0.3671875 0.38125 0.25
0 0.740625 0.66484375 0.2609375 0.196875
0 0.63984375 0.8890625 0.3671875 0.221875
0 0.475 0.6703125 0.3203125 0.225
0 0.240625 0.5484375 0.209375 0.215625
0 0.58203125 0.10546875 0.253125 0.18125
0 0.4015625 0.29609375 0.2609375 0.2703125
0 0.08515625 0.43515625 0.1703125 0.1578125
0 0.78125 0.18359375 0.28125 0.196875
0 0.1625 0.29765625 0.234375 0.1984375
0 0.409375 0.46484375 0.19375 0.2078125
0 0.91171875 0.5609375 0.1765625 0.20625
0 0.5015625 0.85078125 0.340625 0.271875
0 0.21484375 0.81796875 0.2203125 0.2046875
0 0.27421875 0.1234375 0.2359375 0.1890625
0 0.15234375 0.56875 0.190625 0.2296875
0 0.80234375 0.42265625 0.325 0.2359375