0 0.30390625 0.7140625 0.1375 0.1359375
0 0.58828125 0.91953125 0.165625 0.15625
0 0.80859375 0.79609375 0.15625 0.1328125
0 0.878125 0.928125 0.1265625 0.140625
0 0.9484375 0.715625 0.05625 0.09375
0 0.44140625 0.56484375 0.1515625 0.140625
0 0.665625 0.62109375 0.1015625 0.078125
0 0.753125 0.61484375 0.0859375 0.0953125
0 0.6375 0.53515625 0.121875 0.0921875
0 0.8921875 0.35234375 0.1328125 0.0984375
0 0.90390625 0.5140625 0.0984375 0.084375
0 0.97109375 0.55078125 0.0578125 0.0703125
0 0.834375 0.1953125 0.1203125 0.1078125
0 0.9796875 0.2359375 0.040625 0.08125
0 0.51015625 0.06015625 0.2046875 0.1203125
0 0.61796875 0.2625 0.1109375 0.0890625
0 0.33984375 0.2578125 0.2015625 0.11875
0 0.21484375 0.29765625 0.10625 0.0796875
0 0.0984375 0.3921875 0.153125 0.11875
0 0.27421875 0.46640625 0.1296875 0.1390625
0 0.0859375 0.54296875 0.10625 0.1171875
0 0.16328125 0.62421875 0.115625 0.1078125
0 0.04140625 0.4984375 0.0828125 0.109375
0 0.125 0.140625 0.15 0.1234375
0 0.453125 0.20625 0.1078125 0.0875
0 0.52265625 0.2046875 0.0515625 0.0703125
0 0.69609375 0.25390625 0.065625 0.0828125
0 0.77421875 0.33984375 0.125 0.1078125
0 0.76953125 0.41953125 0.08125 0.06875
0 0.7125 0.46796875 0.0765625 0.08125
0 0.6796875 0.41484375 0.0875 0.0609375
0 0.49453125 0.7203125 0.1171875 0.1125