0 0.24765625 0.7859375 0.13125 0.1640625
0 0.440625 0.896875 0.134375 0.203125
0 0.52578125 0.8 0.1109375 0.171875
0 0.61875 0.78125 0.0828125 0.140625
0 0.196875 0.48125 0.128125 0.1828125
0 0.19765625 0.4125 0.1296875 0.121875
0 0.3734375 0.4109375 0.1359375 0.0953125
0 0.38984375 0.5671875 0.121875 0.1609375
0 0.453125 0.6015625 0.159375 0.1375
0 0.68984375 0.8703125 0.0875 0.19375
0 0.76796875 0.71015625 0.1140625 0.1390625
0 0.625 0.5796875 0.096875 0.1734375
0 0.584375 0.4578125 0.1078125 0.1375
0 0.709375 0.49453125 0.1234375 0.1140625
0 0.5484375 0.30234375 0.1390625 0.1734375
0 0.84921875 0.4890625 0.14375 0.1828125