0 0.25546875 0.940625 0.1546875 0.11875
0 0.09375 0.75625 0.140625 0.35625
0 0.1234375 0.67421875 0.1078125 0.228125
0 0.240625 0.784375 0.1578125 0.253125
0 0.45390625 0.80390625 0.1578125 0.271875
0 0.57421875 0.86171875 0.1796875 0.2765625
0 0.58515625 0.68046875 0.2515625 0.4203125
0 0.72890625 0.81953125 0.196875 0.303125
0 0.90078125 0.43125 0.1984375 0.296875
0 0.79453125 0.2125 0.271875 0.328125
0 0.86640625 0.18046875 0.1859375 0.2421875
0 0.46484375 0.3203125 0.246875 0.4234375
0 0.28671875 0.16484375 0.20625 0.2828125
0 0.115625 0.30703125 0.23125 0.4140625
0 0.0859375 0.35234375 0.171875 0.2953125
0 0.17578125 0.63046875 0.1765625 0.3390625
0 0.3296875 0.56328125 0.2140625 0.3359375
0 0.55 0.08359375 0.1125 0.1671875
0 0.70703125 0.49375 0.20625 0.421875