0 0.27421875 0.8765625 0.1546875 0.15625
0 0.39140625 0.83203125 0.1015625 0.1375
0 0.48515625 0.96171875 0.0953125 0.075
0 0.9109375 0.85 0.1109375 0.128125
0 0.93515625 0.66328125 0.109375 0.1203125
0 0.73671875 0.69140625 0.0875 0.0796875
0 0.58515625 0.64609375 0.078125 0.0671875
0 0.6171875 0.60390625 0.084375 0.0578125
0 0.65625 0.4765625 0.096875 0.09375
0 0.84375 0.38046875 0.1390625 0.125
0 0.39609375 0.534375 0.134375 0.13125
0 0.409375 0.63125 0.06875 0.0796875
0 0.18359375 0.5265625 0.15 0.103125
0 0.0671875 0.69921875 0.078125 0.084375
0 0.13125 0.43671875 0.19375 0.13125
0 0.21171875 0.284375 0.096875 0.09375
0 0.3703125 0.45546875 0.0734375 0.053125
0 0.48125 0.45703125 0.0640625 0.0375
0 0.37109375 0.778125 0.096875 0.096875
0 0.5234375 0.82734375 0.078125 0.0890625
0 0.6375 0.77890625 0.0625 0.0828125
0 0.703125 0.97265625 0.090625 0.0546875
0 0.15078125 0.67890625 0.0890625 0.0625
0 0.20546875 0.784375 0.1140625 0.1515625