0 0.48671875 0.32421875 0.0828125 0.0953125
0 0.1703125 0.3828125 0.071875 0.0859375
0 0.37890625 0.509375 0.08125 0.090625
0 0.3171875 0.590625 0.0546875 0.075
0 0.32734375 0.64609375 0.078125 0.0734375
0 0.5296875 0.525 0.096875 0.0984375
0 0.4890625 0.4640625 0.1 0.0875
0 0.53359375 0.3703125 0.084375 0.084375
0 0.65546875 0.34375 0.0515625 0.1
0 0.76015625 0.3375 0.0796875 0.0859375
0 0.92109375 0.434375 0.0765625 0.14375
0 0.821875 0.48203125 0.065625 0.090625
0 0.88046875 0.5375 0.0453125 0.0578125
0 0.759375 0.62734375 0.075 0.115625
0 0.7046875 0.77265625 0.0875 0.1359375
0 0.5859375 0.69921875 0.109375 0.1375
0 0.56484375 0.58828125 0.1015625 0.1328125
0 0.79765625 0.7796875 0.071875 0.0953125
0 0.8765625 0.784375 0.0640625 0.084375
0 0.95625 0.82578125 0.03125 0.0578125
0 0.96484375 0.675 0.0328125 0.0765625
0 0.1265625 0.61015625 0.078125 0.1
0 0.01640625 0.915625 0.0328125 0.071875
0 0.3609375 0.88359375 0.0640625 0.078125