0 0.471875 0.23046875 0.1390625 0.1265625
0 0.39609375 0.4296875 0.1859375 0.13125
0 0.6125 0.6484375 0.103125 0.0875
0 0.44765625 0.02109375 0.0640625 0.0421875
0 0.296875 0.0390625 0.090625 0.078125
0 0.38203125 0.08671875 0.0625 0.05625
0 0.61171875 0.0703125 0.06875 0.075
0 0.5734375 0.125 0.053125 0.0828125
0 0.66015625 0.05625 0.0484375 0.08125
0 0.22265625 0.1859375 0.1359375 0.0921875
0 0.16796875 0.1234375 0.084375 0.0765625
0 0.2546875 0.30859375 0.0921875 0.0875
0 0.04140625 0.509375 0.0828125 0.09375
0 0.034375 0.68828125 0.06875 0.1046875
0 0.259375 0.52265625 0.071875 0.0453125
0 0.21484375 0.5484375 0.0625 0.053125
0 0.46796875 0.08203125 0.0515625 0.0875
0 0.96953125 0.42734375 0.0609375 0.0609375
0 0.7171875 0.284375 0.103125 0.090625
0 0.84765625 0.40234375 0.059375 0.0703125
0 0.8609375 0.3390625 0.0546875 0.0609375
0 0.8140625 0.35625 0.0546875 0.065625
0 0.41953125 0.134375 0.0515625 0.084375
0 0.3859375 0.5703125 0.1 0.084375
0 0.21953125 0.4359375 0.10625 0.075