0 0.3328125 0.76015625 0.1875 0.15625
0 0.06328125 0.4671875 0.1265625 0.184375
0 0.45703125 0.66796875 0.1734375 0.1734375
0 0.43203125 0.57578125 0.184375 0.1765625
0 0.31171875 0.6078125 0.121875 0.1125
0 0.37265625 0.5234375 0.16875 0.1328125
0 0.5953125 0.82578125 0.134375 0.1390625
0 0.69921875 0.73046875 0.203125 0.16875
0 0.6265625 0.6921875 0.2203125 0.209375
0 0.590625 0.61171875 0.1359375 0.1125
0 0.63671875 0.5359375 0.20625 0.1875
0 0.5953125 0.5015625 0.1765625 0.175
0 0.5578125 0.39140625 0.184375 0.19375
0 0.45703125 0.4140625 0.175 0.175
0 0.58828125 0.2421875 0.1453125 0.103125
0 0.68046875 0.33046875 0.1734375 0.159375
0 0.74296875 0.4953125 0.14375 0.1390625
0 0.81953125 0.4984375 0.1046875 0.1296875
0 0.72421875 0.4234375 0.1390625 0.11875
0 0.64765625 0.40859375 0.10625 0.1