0 0.48046875 0.3625 0.1765625 0.1390625
0 0.421875 0.5265625 0.078125 0.084375
0 0.33515625 0.52421875 0.1 0.1046875
0 0.4234375 0.6671875 0.2265625 0.1890625
0 0.39375 0.58203125 0.09375 0.0796875
0 0.74453125 0.42265625 0.3203125 0.21875
0 0.66015625 0.60234375 0.1171875 0.096875
0 0.6140625 0.54921875 0.071875 0.0671875
0 0.57265625 0.50078125 0.0625 0.0765625
0 0.6796875 0.54453125 0.08125 0.059375
0 0.74609375 0.5203125 0.0828125 0.071875
0 0.9671875 0.4890625 0.065625 0.084375
0 0.77109375 0.13046875 0.1921875 0.16875
0 0.85625 0.16953125 0.2875 0.2609375
0 0.609375 0.2359375 0.06875 0.0640625
0 0.690625 0.23359375 0.046875 0.0609375
0 0.68828125 0.26953125 0.0453125 0.0578125
0 0.7234375 0.2953125 0.0546875 0.0515625
0 0.771875 0.2578125 0.0625 0.0703125
0 0.821875 0.2671875 0.0546875 0.065625
0 0.8609375 0.35703125 0.0796875 0.0796875
0 0.64765625 0.16953125 0.09375 0.0828125
0 0.06484375 0.32734375 0.0875 0.0703125
0 0.0421875 0.38671875 0.065625 0.0578125
0 0.0203125 0.44609375 0.040625 0.0515625
0 0.1390625 0.3328125 0.09375 0.0765625