0 0.328125 0.73359375 0.1 0.090625
0 0.44296875 0.54296875 0.090625 0.1171875
0 0.49609375 0.60078125 0.0609375 0.0796875
0 0.884375 0.26171875 0.1109375 0.1453125
0 0.559375 0.1109375 0.1125 0.125
0 0.5671875 0.2015625 0.09375 0.1078125
0 0.6859375 0.09453125 0.109375 0.0921875
0 0.5625 0.30390625 0.071875 0.1046875
0 0.6140625 0.409375 0.0671875 0.075
0 0.4765625 0.315625 0.109375 0.1390625
0 0.43203125 0.28671875 0.125 0.15625
0 0.4015625 0.13359375 0.1109375 0.15
0 0.5046875 0.16796875 0.0609375 0.0953125
0 0.16953125 0.4140625 0.040625 0.0609375
0 0.30703125 0.58671875 0.1046875 0.1125
0 0.37734375 0.646875 0.05 0.059375
0 0.246875 0.58046875 0.0671875 0.065625
0 0.22265625 0.6484375 0.053125 0.0671875
0 0.2828125 0.6609375 0.0765625 0.1
0 0.10859375 0.64140625 0.0578125 0.0921875
0 0.05390625 0.54765625 0.0671875 0.0640625
0 0.0140625 0.53828125 0.028125 0.0796875
0 0.0234375 0.3796875 0.046875 0.090625
0 0.084375 0.39921875 0.0640625 0.059375
0 0.14375 0.55625 0.04375 0.0578125
0 0.25 0.29921875 0.090625 0.121875
0 0.709375 0.28515625 0.06875 0.084375
0 0.7453125 0.1890625 0.0640625 0.0890625
0 0.325 0.5 0.0515625 0.0765625
0 0.25859375 0.5328125 0.1328125 0.121875