0 0.55859375 0.65859375 0.109375 0.1609375
0 0.65859375 0.5328125 0.08125 0.1359375
0 0.8015625 0.23828125 0.125 0.140625
0 0.62421875 0.3625 0.084375 0.103125
0 0.6453125 0.1578125 0.165625 0.1796875
0 0.4609375 0.29765625 0.1265625 0.1234375
0 0.31796875 0.43125 0.128125 0.1578125
0 0.25703125 0.6578125 0.0953125 0.1625
0 0.1734375 0.4875 0.0875 0.0953125
0 0.0796875 0.32578125 0.1234375 0.14375
0 0.18515625 0.26328125 0.1609375 0.14375
0 0.02578125 0.5421875 0.0515625 0.15
0 0.52265625 0.42578125 0.0640625 0.0875
0 0.4171875 0.39609375 0.0796875 0.0890625
0 0.4125 0.5453125 0.0875 0.10625
0 0.46875 0.6203125 0.0671875 0.0890625
0 0.85 0.4734375 0.0671875 0.0921875