0 0.31796875 0.775 0.203125 0.1859375
0 0.440625 0.90703125 0.178125 0.15625
0 0.721875 0.84140625 0.16875 0.1515625
0 0.7375 0.6734375 0.1625 0.128125
0 0.68515625 0.578125 0.1828125 0.140625
0 0.6 0.6109375 0.209375 0.1703125
0 0.56796875 0.7328125 0.184375 0.14375
0 0.40234375 0.72109375 0.2578125 0.228125
0 0.41796875 0.63203125 0.1921875 0.1359375
0 0.28046875 0.5421875 0.20625 0.221875
0 0.18671875 0.51484375 0.1390625 0.153125
0 0.315625 0.44375 0.1703125 0.13125
0 0.35859375 0.4078125 0.18125 0.171875
0 0.3515625 0.3234375 0.1875 0.165625
0 0.4625 0.4203125 0.1765625 0.19375
0 0.4328125 0.50234375 0.153125 0.1703125
0 0.5375 0.4734375 0.1203125 0.1375
0 0.57578125 0.428125 0.2140625 0.196875
0 0.40703125 0.25625 0.140625 0.1265625