0 0.3890625 0.2484375 0.1140625 0.1140625
0 0.646875 0.3453125 0.1234375 0.1203125
0 0.9515625 0.1671875 0.096875 0.146875
0 0.584375 0.18984375 0.0953125 0.0859375
0 0.56484375 0.46796875 0.1375 0.128125
0 0.9203125 0.5484375 0.1359375 0.16875
0 0.8453125 0.9078125 0.1828125 0.18125
0 0.7375 0.9296875 0.1453125 0.140625
0 0.55390625 0.90390625 0.1671875 0.1359375
0 0.49609375 0.57890625 0.1484375 0.1234375
0 0.37421875 0.528125 0.1234375 0.1328125
0 0.35859375 0.38828125 0.1203125 0.125
0 0.24140625 0.3296875 0.109375 0.1125
0 0.14140625 0.41796875 0.11875 0.103125
0 0.15390625 0.56484375 0.1578125 0.1453125
0 0.16484375 0.78359375 0.15625 0.125
0 0.08125 0.690625 0.0796875 0.0921875
0 0.0640625 0.84765625 0.1109375 0.115625
0 0.15 0.89140625 0.1171875 0.1078125