0 0.61015625 0.58125 0.334375 0.2859375
0 0.73125 0.77421875 0.2765625 0.271875
0 0.92421875 0.6234375 0.1515625 0.1875
0 0.9234375 0.43671875 0.153125 0.1625
0 0.7828125 0.296875 0.278125 0.1875
0 0.9328125 0.10390625 0.134375 0.2046875
0 0.67890625 0.0921875 0.278125 0.184375
0 0.5359375 0.2140625 0.18125 0.1625
0 0.46796875 0.30703125 0.16875 0.1671875
0 0.38359375 0.3734375 0.1671875 0.121875
0 0.3265625 0.22890625 0.271875 0.203125
0 0.3125 0.09453125 0.2953125 0.1890625
0 0.13125 0.1484375 0.20625 0.16875
0 0.165625 0.40703125 0.31875 0.259375
0 0.12265625 0.665625 0.2453125 0.3
0 0.1921875 0.78359375 0.21875 0.209375
0 0.34921875 0.8375 0.140625 0.2171875
0 0.50703125 0.88828125 0.2109375 0.203125
0 0.4421875 0.71796875 0.2 0.284375
0 0.2046875 0.94921875 0.19375 0.1015625
0 0.60390625 0.3796875 0.125 0.109375
0 0.84921875 0.54921875 0.0984375 0.15
0 0.7953125 0.49453125 0.0625 0.1015625