0 0.47421875 0.2296875 0.1453125 0.15
0 0.37265625 0.4203125 0.2140625 0.134375
0 0.37265625 0.55625 0.10625 0.115625
0 0.6203125 0.6578125 0.1265625 0.1015625
0 0.85234375 0.5375 0.0625 0.0609375
0 0.71953125 0.28828125 0.103125 0.0734375
0 0.30234375 0.03828125 0.0984375 0.0765625
0 0.215625 0.15546875 0.1625 0.159375
0 0.25390625 0.23203125 0.0640625 0.0609375
0 0.2640625 0.30703125 0.1078125 0.0859375
0 0.20078125 0.41875 0.1328125 0.1078125
0 0.24453125 0.5015625 0.084375 0.08125
0 0.21953125 0.5375 0.0671875 0.059375
0 0.390625 0.07109375 0.0546875 0.0640625
0 0.4921875 0.07421875 0.06875 0.125
0 0.5671875 0.1140625 0.0828125 0.08125
0 0.6203125 0.0640625 0.071875 0.084375
0 0.66875 0.053125 0.0765625 0.0828125
0 0.98984375 0.2515625 0.0203125 0.084375
0 0.03125 0.49453125 0.0625 0.0734375
0 0.01953125 0.68125 0.0390625 0.078125