0 0.50078125 0.35390625 0.0765625 0.084375
0 0.5546875 0.34296875 0.0703125 0.075
0 0.51796875 0.4375 0.0734375 0.0875
0 0.434375 0.5875 0.075 0.0796875
0 0.415625 0.51875 0.0484375 0.0703125
0 0.4265625 0.85625 0.103125 0.125
0 0.44609375 0.7203125 0.0609375 0.10625
0 0.18203125 0.553125 0.0984375 0.125
0 0.5859375 0.5359375 0.0921875 0.1109375
0 0.63203125 0.54453125 0.059375 0.0875
0 0.615625 0.64921875 0.10625 0.121875
0 0.72734375 0.72734375 0.13125 0.121875
0 0.7296875 0.4734375 0.11875 0.1375
0 0.66796875 0.36484375 0.0765625 0.1171875
0 0.728125 0.24453125 0.05625 0.065625
0 0.81640625 0.24296875 0.1265625 0.125
0 0.85078125 0.41953125 0.0546875 0.059375
0 0.840625 0.37734375 0.0671875 0.075
0 0.8015625 0.40625 0.05 0.0796875
0 0.94296875 0.42421875 0.0921875 0.13125
0 0.9515625 0.62734375 0.0734375 0.0921875
0 0.88125 0.64296875 0.05625 0.084375
0 0.3625 0.5546875 0.0703125 0.09375