0 0.58203125 0.69609375 0.1484375 0.1390625
0 0.44765625 0.68046875 0.1453125 0.096875
0 0.43046875 0.56953125 0.1375 0.1203125
0 0.3109375 0.5046875 0.1140625 0.209375
0 0.20078125 0.6515625 0.0484375 0.1046875
0 0.11875 0.653125 0.1546875 0.1296875
0 0.1265625 0.79921875 0.14375 0.1609375
0 0.38359375 0.940625 0.1328125 0.11875
0 0.48125 0.8765625 0.1015625 0.10625
0 0.38046875 0.80859375 0.065625 0.04375
0 0.3546875 0.7703125 0.075 0.0609375
0 0.71015625 0.6203125 0.096875 0.084375
0 0.78984375 0.56171875 0.1265625 0.1109375
0 0.59921875 0.590625 0.1328125 0.1015625
0 0.5515625 0.51953125 0.1375 0.128125
0 0.48125 0.45859375 0.05625 0.071875
0 0.5359375 0.37109375 0.1296875 0.065625
0 0.53125 0.32109375 0.10625 0.0578125
0 0.4234375 0.32265625 0.1140625 0.0890625
0 0.4359375 0.27265625 0.071875 0.04375
0 0.52109375 0.20078125 0.1359375 0.1046875
0 0.1734375 0.27109375 0.0953125 0.08125
0 0.1078125 0.36875 0.090625 0.10625
0 0.64765625 0.24765625 0.15625 0.0828125
0 0.62734375 0.1734375 0.1109375 0.1109375
0 0.7203125 0.16796875 0.10625 0.0796875
0 0.8265625 0.2328125 0.2109375 0.1265625
0 0.9203125 0.15078125 0.1265625 0.0984375
0 0.90234375 0.44453125 0.1953125 0.1234375
0 0.9390625 0.559375 0.121875 0.084375
0 0.8046875 0.73203125 0.1734375 0.1078125
0 0.71484375 0.69296875 0.1171875 0.0796875
0 0.94765625 0.609375 0.1046875 0.059375