0 0.53984375 0.31640625 0.1421875 0.1515625
0 0.55625 0.1 0.1359375 0.140625
0 0.3984375 0.07734375 0.128125 0.1
0 0.32109375 0.01171875 0.0984375 0.0234375
0 0.25546875 0.2 0.1125 0.1109375
0 0.17734375 0.3453125 0.103125 0.0875
0 0.0640625 0.3328125 0.0921875 0.1046875
0 0.109375 0.15234375 0.0875 0.0796875
0 0.74296875 0.27734375 0.1375 0.1140625
0 0.80859375 0.20546875 0.08125 0.0671875
0 0.93515625 0.246875 0.090625 0.0953125
0 0.959375 0.34140625 0.08125 0.1203125
0 0.85625 0.39453125 0.1015625 0.0953125
0 0.8984375 0.52578125 0.2015625 0.13125
0 0.66875 0.5453125 0.165625 0.1265625
0 0.490625 0.525 0.078125 0.0828125
0 0.375 0.55 0.0828125 0.0703125
0 0.3671875 0.33671875 0.1046875 0.084375
0 0.8 0.75078125 0.115625 0.0859375
0 0.7453125 0.62578125 0.0640625 0.065625