0 0.696875 0.7796875 0.121875 0.3578125
0 0.28125 0.928125 0.196875 0.14375
0 0.18125 0.3234375 0.2046875 0.146875
0 0.2078125 0.51953125 0.1546875 0.1453125
0 0.45546875 0.8203125 0.14375 0.190625
0 0.04453125 0.3046875 0.0890625 0.11875
0 0.3734375 0.3171875 0.134375 0.1359375
0 0.425 0.09609375 0.115625 0.1890625
0 0.2203125 0.22734375 0.1546875 0.134375
0 0.13671875 0.25703125 0.1140625 0.103125
0 0.11953125 0.4 0.1375 0.109375
0 0.4109375 0.57421875 0.1296875 0.225
0 0.79609375 0.68359375 0.165625 0.34375