0 0.62265625 0.134375 0.1390625 0.13125
0 0.778125 0.1640625 0.115625 0.1046875
0 0.88203125 0.1 0.1015625 0.09375
0 0.984375 0.34296875 0.03125 0.1109375
0 0.9640625 0.55078125 0.071875 0.1359375
0 0.86875 0.49453125 0.10625 0.0890625
0 0.84375 0.3203125 0.090625 0.096875
0 0.8234375 0.4234375 0.078125 0.0671875
0 0.54140625 0.325 0.1390625 0.1625
0 0.3671875 0.19921875 0.1515625 0.128125
0 0.3375 0.0984375 0.0765625 0.075
0 0.20234375 0.0859375 0.0796875 0.0921875
0 0.1203125 0.13671875 0.14375 0.134375
0 0.3234375 0.47421875 0.1578125 0.1171875
0 0.5046875 0.534375 0.0359375 0.0546875
0 0.69765625 0.73203125 0.1171875 0.140625
0 0.11484375 0.61015625 0.096875 0.071875
0 0.0640625 0.6234375 0.128125 0.140625
0 0.22734375 0.51328125 0.0640625 0.0640625
0 0.22890625 0.26171875 0.0828125 0.075
0 0.4640625 0.09375 0.046875 0.0390625
0 0.465625 0.06953125 0.04375 0.0484375
0 0.41796875 0.1109375 0.05625 0.0609375
0 0.7671875 0.24921875 0.0765625 0.075
0 0.8765625 0.20625 0.0453125 0.0453125
0 0.953125 0.13125 0.06875 0.0828125
0 0.5625 0.07890625 0.05625 0.084375
0 0.653125 0.0875 0.0671875 0.0640625
0 0.49921875 0.28515625 0.059375 0.06875
0 0.45625 0.421875 0.0515625 0.0578125
0 0.3671875 0.33984375 0.10625 0.1140625
0 0.33203125 0.40859375 0.046875 0.0546875
0 0.25234375 0.43671875 0.059375 0.05625
0 0.496875 0.415625 0.0484375 0.053125
0 0.53359375 0.40078125 0.0625 0.0640625
0 0.67734375 0.39375 0.0765625 0.0671875
0 0.75390625 0.3734375 0.0484375 0.0484375
0 0.08828125 0.3484375 0.1296875 0.1078125
0 0.1703125 0.3703125 0.1 0.08125