0 0.321875 0.24453125 0.1140625 0.0890625
0 0.4578125 0.0921875 0.1203125 0.128125
0 0.4484375 0.3015625 0.13125 0.1171875
0 0.60625 0.08203125 0.1 0.0703125
0 0.05546875 0.28359375 0.1109375 0.1046875
0 0.1421875 0.35234375 0.084375 0.0671875
0 0.31015625 0.38359375 0.084375 0.09375
0 0.365625 0.521875 0.1109375 0.09375
0 0.8125 0.38984375 0.0859375 0.059375
0 0.7578125 0.2484375 0.0796875 0.0515625
0 0.675 0.35 0.0875 0.0484375
0 0.115625 0.203125 0.0640625 0.053125
0 0.15234375 0.07421875 0.053125 0.075
0 0.9484375 0.40703125 0.0921875 0.065625
0 0.0703125 0.4796875 0.10625 0.08125