0 0.721875 0.26328125 0.121875 0.1390625
0 0.18125 0.5671875 0.1171875 0.1234375
0 0.1140625 0.45390625 0.0671875 0.0796875
0 0.11953125 0.365625 0.0921875 0.0875
0 0.28515625 0.32890625 0.10625 0.109375
0 0.2640625 0.2140625 0.078125 0.0859375
0 0.4328125 0.62890625 0.0640625 0.090625
0 0.68515625 0.61328125 0.0484375 0.096875
0 0.79921875 0.53203125 0.0625 0.0734375
0 0.359375 0.653125 0.0546875 0.0796875
0 0.39453125 0.44921875 0.053125 0.0578125
0 0.5515625 0.4875 0.053125 0.0796875
0 0.659375 0.525 0.0515625 0.0765625
0 0.3359375 0.5125 0.078125 0.078125
0 0.14453125 0.1609375 0.0578125 0.0828125
0 0.5953125 0.1890625 0.084375 0.0921875
0 0.5140625 0.13828125 0.0984375 0.078125