0 0.5734375 0.76328125 0.1890625 0.1359375
0 0.54375 0.67890625 0.2171875 0.1421875
0 0.8984375 0.7046875 0.1296875 0.246875
0 0.92890625 0.4546875 0.1390625 0.1796875
0 0.88203125 0.3328125 0.165625 0.13125
0 0.85 0.22890625 0.1015625 0.16875
0 0.82421875 0.0703125 0.1578125 0.1265625
0 0.73046875 0.22109375 0.1390625 0.2125
0 0.82421875 0.51796875 0.1015625 0.2078125
0 0.83984375 0.65234375 0.1171875 0.134375
0 0.80546875 0.92578125 0.128125 0.09375
0 0.43125 0.49140625 0.2015625 0.2609375
0 0.56328125 0.48203125 0.190625 0.1921875
0 0.62265625 0.39375 0.1625 0.228125
0 0.70859375 0.684375 0.0953125 0.11875
0 0.5765625 0.86328125 0.0859375 0.1046875
0 0.77734375 0.378125 0.0546875 0.071875
0 0.69453125 0.53828125 0.0640625 0.0890625
0 0.4546875 0.8875 0.0546875 0.0609375
0 0.11796875 0.928125 0.1109375 0.1109375