0 0.62109375 0.475 0.3546875 0.3328125
0 0.79921875 0.3125 0.3078125 0.290625
0 0.5609375 0.13515625 0.228125 0.2078125
0 0.3984375 0.14765625 0.2265625 0.2296875
0 0.20625 0.21015625 0.24375 0.2171875
0 0.14609375 0.34453125 0.2921875 0.3140625
0 0.16796875 0.5515625 0.3328125 0.2625
0 0.08203125 0.84453125 0.1640625 0.1609375
0 0.765625 0.75078125 0.2515625 0.20625
0 0.6203125 0.9078125 0.290625 0.184375
0 0.48359375 0.7921875 0.2265625 0.209375
0 0.39296875 0.496875 0.1984375 0.1671875
0 0.36875 0.6484375 0.1953125 0.1515625
0 0.275 0.79453125 0.2765625 0.16875
0 0.26015625 0.87734375 0.2984375 0.21875
0 0.47578125 0.3375 0.215625 0.225
0 0.40078125 0.3859375 0.2125 0.196875
0 0.9203125 0.4328125 0.159375 0.196875
0 0.88515625 0.62421875 0.159375 0.16875
0 0.234375 0.034375 0.2 0.06875
0 0.29140625 0.15859375 0.1484375 0.18125
0 0.6375 0.2875 0.13125 0.1375
0 0.44765625 0.70546875 0.1859375 0.16875