0 0.66171875 0.60859375 0.0625 0.0875
0 0.75390625 0.53359375 0.0828125 0.09375
0 0.83359375 0.3515625 0.05 0.078125
0 0.79765625 0.28515625 0.0875 0.071875
0 0.64921875 0.29453125 0.084375 0.1328125
0 0.7015625 0.13671875 0.090625 0.09375
0 0.6078125 0.209375 0.0671875 0.128125
0 0.60546875 0.4171875 0.059375 0.0703125
0 0.6046875 0.6265625 0.0609375 0.11875
0 0.37109375 0.1421875 0.1171875 0.0875
0 0.2828125 0.23125 0.09375 0.15625
0 0.15859375 0.31875 0.065625 0.0796875
0 0.03515625 0.22578125 0.0703125 0.1609375
0 0.34140625 0.6375 0.0390625 0.096875
0 0.35234375 0.525 0.04375 0.084375
0 0.46171875 0.4765625 0.08125 0.090625
0 0.2640625 0.6046875 0.0375 0.084375
0 0.228125 0.56171875 0.0328125 0.0609375
0 0.08984375 0.5875 0.0390625 0.084375
0 0.66484375 0.42578125 0.046875 0.08125
0 0.73046875 0.3875 0.034375 0.0546875
0 0.575 0.46796875 0.065625 0.0515625
0 0.3671875 0.22109375 0.0515625 0.0734375