0 0.553125 0.28125 0.1640625 0.1328125
0 0.54765625 0.04921875 0.1328125 0.0984375
0 0.80859375 0.2953125 0.1359375 0.1046875
0 0.5359375 0.14765625 0.090625 0.11875
0 0.49375 0.059375 0.0796875 0.084375
0 0.41796875 0.05234375 0.1046875 0.1046875
0 0.31484375 0.19140625 0.115625 0.140625
0 0.37734375 0.35859375 0.1109375 0.0984375
0 0.40546875 0.4296875 0.0953125 0.0828125
0 0.2734375 0.340625 0.078125 0.0734375
0 0.2578125 0.2671875 0.1171875 0.1140625
0 0.10546875 0.48671875 0.1140625 0.10625
0 0.2203125 0.5296875 0.078125 0.078125
0 0.30078125 0.49921875 0.1046875 0.06875
0 0.046875 0.62890625 0.09375 0.1078125
0 0.534375 0.65078125 0.109375 0.08125
0 0.42109375 0.56484375 0.0875 0.078125
0 0.9015625 0.096875 0.078125 0.078125