0 0.396875 0.65234375 0.071875 0.0859375
0 0.19296875 0.575 0.0890625 0.071875
0 0.27890625 0.34921875 0.0703125 0.071875
0 0.29453125 0.309375 0.0640625 0.0890625
0 0.3265625 0.0890625 0.0796875 0.0984375
0 0.49296875 0.32578125 0.10625 0.11875
0 0.4453125 0.44921875 0.0984375 0.1359375
0 0.4171875 0.559375 0.10625 0.0671875
0 0.43203125 0.58984375 0.0640625 0.115625
0 0.68984375 0.68828125 0.06875 0.0859375
0 0.803125 0.584375 0.0703125 0.1015625
0 0.959375 0.484375 0.0734375 0.0953125
0 0.9765625 0.209375 0.046875 0.134375
0 0.95859375 0.27578125 0.0515625 0.0890625
0 0.72109375 0.2578125 0.115625 0.075
0 0.7046875 0.42265625 0.0890625 0.1328125
0 0.81875 0.47109375 0.00625 0.025