0 0.3203125 0.62421875 0.05 0.10625
0 0.34453125 0.5359375 0.0453125 0.08125
0 0.25703125 0.2765625 0.115625 0.1421875
0 0.0796875 0.24296875 0.0765625 0.1265625
0 0.83515625 0.54375 0.11875 0.11875
0 0.890625 0.43359375 0.065625 0.06875
0 0.8875 0.3359375 0.084375 0.0703125
0 0.71328125 0.31875 0.10625 0.1015625
0 0.5734375 0.6234375 0.06875 0.0734375
0 0.65234375 0.64921875 0.0609375 0.0859375
0 0.196875 0.55234375 0.05 0.059375
0 0.68125 0.49453125 0.0640625 0.05625
0 0.84296875 0.14921875 0.0515625 0.0703125
0 0.696875 0.20625 0.1125 0.103125
0 0.46875 0.15078125 0.0828125 0.0734375
0 0.3765625 0.2015625 0.075 0.084375
0 0.44140625 0.496875 0.05 0.0734375
0 0.59609375 0.4359375 0.05 0.0453125