0 0.45078125 0.3296875 0.3421875 0.3296875
0 0.534375 0.8453125 0.2875 0.309375
0 0.79609375 0.79375 0.15625 0.228125
0 0.6703125 0.33046875 0.1921875 0.1953125
0 0.8703125 0.2265625 0.10625 0.1234375
0 0.903125 0.28828125 0.140625 0.1109375
0 0.92734375 0.45625 0.1359375 0.1546875
0 0.8328125 0.45078125 0.096875 0.13125
0 0.23046875 0.23984375 0.1296875 0.1734375
0 0.06015625 0.36328125 0.1125 0.171875
0 0.19296875 0.46015625 0.15 0.253125
0 0.275 0.60625 0.128125 0.16875
0 0.17109375 0.8078125 0.115625 0.2015625
0 0.08515625 0.821875 0.1703125 0.23125
0 0.34140625 0.64609375 0.125 0.1890625
0 0.40703125 0.64140625 0.1203125 0.1828125
0 0.6546875 0.578125 0.1375 0.125
0 0.75234375 0.6234375 0.13125 0.1140625
0 0.921875 0.584375 0.128125 0.1296875
0 0.6171875 0.20234375 0.10625 0.1296875
0 0.15078125 0.0375 0.1484375 0.075
0 0.1078125 0.13125 0.121875 0.1984375
0 0.4953125 0.0609375 0.171875 0.121875
0 0.46484375 0.159375 0.1515625 0.1328125
0 0.23359375 0.87421875 0.071875 0.16875
0 0.60546875 0.73359375 0.1171875 0.1453125