0 0.53515625 0.13203125 0.16875 0.1734375
0 0.68515625 0.12578125 0.1953125 0.184375
0 0.8609375 0.1328125 0.1796875 0.153125
0 0.85 0.196875 0.1984375 0.1703125
0 0.896875 0.29375 0.20625 0.24375
0 0.74140625 0.44375 0.23125 0.2140625
0 0.7125 0.36328125 0.175 0.153125
0 0.659375 0.34921875 0.2015625 0.2140625
0 0.65 0.25390625 0.1546875 0.1453125
0 0.51796875 0.225 0.1953125 0.1953125
0 0.38828125 0.303125 0.18125 0.2
0 0.515625 0.309375 0.2078125 0.1640625
0 0.48515625 0.3921875 0.165625 0.13125
0 0.44609375 0.50703125 0.1828125 0.13125
0 0.371875 0.490625 0.1359375 0.1640625
0 0.95859375 0.12890625 0.0828125 0.0859375
0 0.984375 0.18828125 0.03125 0.1453125
0 0.19140625 0.11328125 0.1390625 0.18125