0 0.71953125 0.74609375 0.1640625 0.1640625
0 0.8984375 0.75859375 0.0953125 0.15
0 0.828125 0.77734375 0.1125 0.1328125
0 0.8171875 0.671875 0.1234375 0.115625
0 0.7546875 0.5515625 0.1578125 0.1359375
0 0.690625 0.92734375 0.1375 0.1453125
0 0.61875 0.83828125 0.1625 0.146875
0 0.4828125 0.82265625 0.121875 0.24375
0 0.4140625 0.146875 0.159375 0.29375
0 0.72734375 0.08671875 0.225 0.1578125
0 0.6 0.1703125 0.071875 0.196875
0 0.60859375 0.4359375 0.071875 0.29375
0 0.25 0.178125 0.125 0.35625