0 0.44609375 0.29453125 0.153125 0.14375
0 0.5765625 0.32890625 0.1484375 0.1015625
0 0.57890625 0.44140625 0.140625 0.125
0 0.6875 0.521875 0.1203125 0.2125
0 0.81796875 0.39140625 0.0515625 0.10625
0 0.89921875 0.4015625 0.159375 0.134375
0 0.9109375 0.25625 0.1484375 0.165625
0 0.6765625 0.075 0.1375 0.1328125
0 0.57109375 0.1296875 0.1046875 0.109375
0 0.6609375 0.21171875 0.0671875 0.0453125
0 0.68203125 0.25234375 0.078125 0.0640625
0 0.30859375 0.3515625 0.1 0.0859375
0 0.221875 0.3984375 0.13125 0.115625
0 0.4140625 0.396875 0.1359375 0.10625
0 0.4515625 0.4734375 0.1421875 0.1328125
0 0.5125 0.54375 0.059375 0.0734375
0 0.44609375 0.62265625 0.13125 0.06875
0 0.44375 0.6734375 0.1078125 0.0625
0 0.55078125 0.68671875 0.1171875 0.0921875
0 0.53203125 0.734375 0.0734375 0.046875
0 0.4375 0.79296875 0.1390625 0.109375
0 0.79140625 0.771875 0.096875 0.084375
0 0.8703125 0.684375 0.09375 0.109375
0 0.31875 0.7296875 0.159375 0.0875
0 0.328125 0.80546875 0.115625 0.115625
0 0.23515625 0.7984375 0.109375 0.084375
0 0.13984375 0.71953125 0.2140625 0.1328125
0 0.05 0.7875 0.1 0.103125
0 0.09609375 0.49765625 0.1921875 0.1296875
0 0.07109375 0.3796875 0.1296875 0.0890625
0 0.23046875 0.228125 0.1765625 0.1125
0 0.3140625 0.27890625 0.11875 0.084375
0 0.06796875 0.32890625 0.1140625 0.0625