0 0.80234375 0.17421875 0.2359375 0.2453125
0 0.90234375 0.5015625 0.1953125 0.15
0 0.8671875 0.578125 0.1234375 0.11875
0 0.87109375 0.68515625 0.11875 0.1
0 0.8546875 0.8640625 0.215625 0.271875
0 0.7375 0.7578125 0.0875 0.1421875
0 0.5140625 0.79296875 0.1203125 0.1859375
0 0.34453125 0.78671875 0.103125 0.1609375
0 0.3390625 0.73515625 0.15 0.171875
0 0.23984375 0.9328125 0.0828125 0.0703125
0 0.0984375 0.86015625 0.196875 0.1765625
0 0.19453125 0.6765625 0.203125 0.1796875
0 0.09140625 0.57109375 0.1015625 0.103125
0 0.06015625 0.47109375 0.1203125 0.1828125
0 0.1125 0.44453125 0.090625 0.0796875
0 0.1984375 0.471875 0.128125 0.1203125
0 0.24921875 0.5 0.0875 0.1
0 0.2890625 0.39921875 0.096875 0.0859375
0 0.3390625 0.2375 0.096875 0.1234375
0 0.4 0.190625 0.1265625 0.11875
0 0.109375 0.24609375 0.1609375 0.1484375
0 0.409375 0.53203125 0.109375 0.090625
0 0.3578125 0.65546875 0.0484375 0.078125
0 0.73671875 0.503125 0.125 0.1328125
0 0.3484375 0.47890625 0.0703125 0.1109375
0 0.43984375 0.62109375 0.1140625 0.1125
0 0.4625 0.72421875 0.075 0.09375
0 0.6359375 0.63984375 0.08125 0.084375
0 0.6265625 0.55859375 0.05 0.0703125