0 0.91953125 0.42734375 0.1609375 0.2453125
0 0.82421875 0.43828125 0.125 0.1609375
0 0.80234375 0.6046875 0.1953125 0.26875
0 0.70078125 0.61953125 0.175 0.1921875
0 0.72578125 0.7703125 0.203125 0.2328125
0 0.55625 0.6890625 0.1890625 0.1671875
0 0.45390625 0.71875 0.2328125 0.3265625
0 0.61875 0.89296875 0.215625 0.2140625
0 0.55390625 0.41953125 0.1515625 0.3171875
0 0.6578125 0.40625 0.175 0.15625
0 0.865625 0.3046875 0.16875 0.1953125
0 0.96484375 0.284375 0.0640625 0.109375
0 0.52890625 0.2375 0.159375 0.1421875
0 0.5625 0.13046875 0.1078125 0.1890625
0 0.64296875 0.090625 0.1140625 0.159375
0 0.3375 0.09140625 0.1 0.14375
0 0.4203125 0.25078125 0.0609375 0.0625
0 0.4359375 0.33203125 0.0984375 0.15625
0 0.246875 0.31640625 0.225 0.303125
0 0.16640625 0.065625 0.0921875 0.13125