0 0.2171875 0.8546875 0.34375 0.290625
0 0.85703125 0.7859375 0.2078125 0.209375
0 0.58671875 0.93046875 0.140625 0.1375
0 0.0796875 0.6046875 0.159375 0.2
0 0.51328125 0.61953125 0.146875 0.140625
0 0.3734375 0.70703125 0.196875 0.2234375
0 0.46953125 0.359375 0.225 0.2
0 0.66328125 0.32109375 0.1625 0.175
0 0.45859375 0.19296875 0.1765625 0.13125
0 0.64453125 0.7421875 0.1375 0.1375
0 0.75703125 0.5984375 0.178125 0.1625
0 0.29375 0.40390625 0.1296875 0.125
0 0.10546875 0.15625 0.175 0.190625
0 0.0953125 0.4953125 0.1734375 0.1234375
0 0.1796875 0.646875 0.1625 0.1265625
0 0.88046875 0.7015625 0.1890625 0.1578125
0 0.85625 0.5359375 0.1125 0.1453125
0 0.0890625 0.728125 0.1609375 0.1421875