0 0.08828125 0.4203125 0.1765625 0.25625
0 0.1765625 0.43125 0.121875 0.15625
0 0.2 0.59921875 0.2015625 0.309375
0 0.29296875 0.6421875 0.228125 0.2765625
0 0.28046875 0.77109375 0.221875 0.2375
0 0.371875 0.89296875 0.234375 0.2140625
0 0.43671875 0.69296875 0.1984375 0.1703125
0 0.53984375 0.71171875 0.2296875 0.2921875
0 0.43671875 0.4578125 0.15625 0.3171875
0 0.35 0.42265625 0.1578125 0.15625
0 0.1296875 0.31328125 0.175 0.165625
0 0.03359375 0.27734375 0.0671875 0.1265625
0 0.228125 0.29921875 0.1078125 0.1578125
0 0.346875 0.10703125 0.1203125 0.153125
0 0.43359375 0.128125 0.1296875 0.19375
0 0.47578125 0.246875 0.1296875 0.15
0 0.56484375 0.321875 0.103125 0.1546875
0 0.58359375 0.24296875 0.090625 0.1234375
0 0.678125 0.07578125 0.0953125 0.1296875
0 0.73515625 0.31171875 0.221875 0.3
0 0.8546875 0.08046875 0.075 0.1609375
0 0.56953125 0.78828125 0.04375 0.05
0 0.5265625 0.8703125 0.0296875 0.0609375
0 0.53046875 0.9140625 0.0296875 0.065625
0 0.63828125 0.79765625 0.03125 0.0453125
0 0.646875 0.76484375 0.0421875 0.040625
0 0.58203125 0.5640625 0.0453125 0.0625
0 0.61171875 0.46484375 0.0265625 0.0484375
0 0.96484375 0.3578125 0.0546875 0.090625
0 0.9046875 0.31484375 0.0328125 0.05625
0 0.8734375 0.33984375 0.028125 0.0578125