0 0.08515625 0.82109375 0.1265625 0.1296875
0 0.38046875 0.3734375 0.0515625 0.128125
0 0.38125 0.07578125 0.05625 0.0640625
0 0.43203125 0.109375 0.0515625 0.115625
0 0.4859375 0.109375 0.0375 0.075
0 0.55703125 0.0421875 0.065625 0.084375
0 0.59296875 0.13828125 0.05 0.0875
0 0.71328125 0.20234375 0.0609375 0.0859375
0 0.58359375 0.29296875 0.0640625 0.078125
0 0.675 0.30234375 0.075 0.065625
0 0.58125 0.490625 0.046875 0.075
0 0.6546875 0.48984375 0.0609375 0.053125
0 0.68671875 0.546875 0.06875 0.059375
0 0.66484375 0.61484375 0.078125 0.0671875
0 0.5703125 0.6609375 0.040625 0.0859375
0 0.56171875 0.8453125 0.034375 0.090625
0 0.6671875 0.93671875 0.028125 0.0703125
0 0.70703125 0.77109375 0.0515625 0.0578125
0 0.80078125 0.4828125 0.0484375 0.0796875
0 0.90703125 0.52265625 0.0546875 0.05
0 0.87421875 0.640625 0.0328125 0.059375
0 0.88671875 0.71953125 0.0421875 0.04375
0 0.89453125 0.91484375 0.0625 0.075
0 0.98203125 0.57578125 0.034375 0.059375
0 0.9484375 0.47890625 0.0484375 0.071875
0 0.778125 0.66640625 0.0546875 0.06875
0 0.54140625 0.63515625 0.040625 0.059375
0 0.446875 0.3921875 0.0484375 0.1046875
0 0.6671875 0.07578125 0.0328125 0.065625
0 0.69765625 0.08046875 0.0375 0.0609375
0 0.59140625 0.03046875 0.0484375 0.059375
0 0.4609375 0.021875 0.028125 0.04375