0 0.3265625 0.33828125 0.075 0.0921875
0 0.34453125 0.49140625 0.04375 0.0796875
0 0.459375 0.4078125 0.0796875 0.0828125
0 0.29375 0.69375 0.0625 0.090625
0 0.22265625 0.74765625 0.090625 0.140625
0 0.08671875 0.8921875 0.09375 0.1609375
0 0.11015625 0.97578125 0.0859375 0.0484375
0 0.246875 0.925 0.0578125 0.0921875
0 0.36953125 0.80078125 0.0625 0.103125
0 0.415625 0.6171875 0.0671875 0.1109375
0 0.475 0.6296875 0.0578125 0.078125
0 0.54296875 0.75078125 0.0875 0.1421875
0 0.728125 0.58125 0.084375 0.078125
0 0.82890625 0.6921875 0.084375 0.09375
0 0.78828125 0.6640625 0.0453125 0.09375
0 0.92265625 0.55625 0.0546875 0.103125
0 0.965625 0.6421875 0.06875 0.08125
0 0.93359375 0.35859375 0.103125 0.1359375
0 0.88125 0.33671875 0.06875 0.078125
0 0.775 0.39453125 0.05625 0.1265625
0 0.715625 0.39609375 0.059375 0.11875
0 0.68359375 0.31640625 0.0609375 0.090625
0 0.015625 0.5984375 0.025 0.0578125