0 0.16875 0.42578125 0.128125 0.13125
0 0.36640625 0.25 0.1046875 0.103125
0 0.19921875 0.20703125 0.1 0.084375
0 0.41171875 0.146875 0.0984375 0.09375
0 0.80859375 0.38359375 0.1140625 0.1359375
0 0.62109375 0.6859375 0.0515625 0.0921875
0 0.39140625 0.58515625 0.075 0.0765625
0 0.30625 0.5828125 0.065625 0.084375
0 0.33203125 0.44140625 0.0734375 0.0734375
0 0.43125 0.4078125 0.0578125 0.0578125
0 0.971875 0.409375 0.05625 0.125
0 0.725 0.26328125 0.0859375 0.0875
0 0.65390625 0.18125 0.09375 0.084375
0 0.7625 0.65546875 0.0625 0.0734375