0 0.575 0.16484375 0.1828125 0.159375
0 0.90390625 0.14453125 0.1921875 0.2453125
0 0.94140625 0.3015625 0.0765625 0.1703125
0 0.975 0.4578125 0.05 0.115625
0 0.95390625 0.56328125 0.0921875 0.1171875
0 0.89375 0.69609375 0.115625 0.125
0 0.84921875 0.84609375 0.178125 0.14375
0 0.734375 0.72890625 0.140625 0.1765625
0 0.7109375 0.82734375 0.0859375 0.1125
0 0.5484375 0.49609375 0.1734375 0.259375
0 0.6328125 0.54921875 0.178125 0.228125
0 0.4671875 0.3453125 0.221875 0.259375
0 0.37109375 0.51328125 0.240625 0.29375
0 0.22890625 0.1796875 0.0546875 0.053125
0 0.153125 0.090625 0.05 0.053125
0 0.05625 0.1953125 0.040625 0.0625
0 0.1234375 0.1828125 0.053125 0.046875
0 0.12578125 0.28359375 0.0390625 0.0515625
0 0.09140625 0.32890625 0.0453125 0.0734375
0 0.1578125 0.51328125 0.05 0.0578125
0 0.29453125 0.4109375 0.05625 0.0625
0 0.15546875 0.715625 0.0484375 0.0671875
0 0.14296875 0.59296875 0.046875 0.053125
0 0.03359375 0.58671875 0.05 0.0546875
0 0.0546875 0.79453125 0.046875 0.0953125
0 0.11015625 0.825 0.04375 0.096875
0 0.18671875 0.22265625 0.0328125 0.0703125
0 0.4078125 0.06640625 0.0515625 0.0625
0 0.75703125 0.2796875 0.0625 0.10625
0 0.67578125 0.165625 0.0984375 0.15
0 0.8765625 0.38046875 0.096875 0.31875
0 0.890625 0.278125 0.06875 0.1125
0 0.75 0.4515625 0.0828125 0.1
0 0.72109375 0.33671875 0.0671875 0.0453125