0 0.596875 0.87421875 0.1578125 0.1328125
0 0.7046875 0.84453125 0.084375 0.0796875
0 0.8515625 0.86015625 0.13125 0.0890625
0 0.81640625 0.96875 0.1359375 0.0625
0 0.83125 0.3015625 0.1484375 0.178125
0 0.69140625 0.45859375 0.0890625 0.08125
0 0.4859375 0.4640625 0.084375 0.06875
0 0.078125 0.5875 0.15625 0.175
0 0.13203125 0.70078125 0.1453125 0.1421875
0 0.13828125 0.79375 0.1046875 0.0875
0 0.0125 0.7859375 0.025 0.10625
0 0.1484375 0.46171875 0.1921875 0.1625
0 0.09453125 0.3703125 0.175 0.15625
0 0.12421875 0.22265625 0.1546875 0.1265625
0 0.36484375 0.58125 0.0578125 0.1
0 0.340625 0.8953125 0.0828125 0.09375
0 0.2203125 0.87265625 0.0609375 0.090625
0 0.23984375 0.74140625 0.0640625 0.06875
0 0.23828125 0.60546875 0.084375 0.090625
0 0.26171875 0.5171875 0.0703125 0.071875
0 0.23828125 0.465625 0.0703125 0.0515625
0 0.25625 0.375 0.05625 0.0765625
0 0.559375 0.40078125 0.059375 0.0640625
0 0.71484375 0.5609375 0.08125 0.08125
0 0.76171875 0.6671875 0.0796875 0.090625
0 0.875 0.628125 0.096875 0.1140625
0 0.94375 0.69765625 0.0625 0.0921875
0 0.54453125 0.64765625 0.11875 0.128125
0 0.56015625 0.7046875 0.0890625 0.08125
0 0.4609375 0.95078125 0.084375 0.0703125