0 0.3125 0.30625 0.053125 0.1140625
0 0.665625 0.3296875 0.0828125 0.103125
0 0.53125 0.4125 0.075 0.0828125
0 0.58203125 0.61171875 0.075 0.1015625
0 0.66015625 0.484375 0.0453125 0.0875
0 0.77578125 0.76484375 0.1 0.15625
0 0.93125 0.9390625 0.084375 0.121875
0 0.896875 0.98203125 0.053125 0.0359375
0 0.765625 0.95234375 0.05625 0.0953125
0 0.61953125 0.8109375 0.0625 0.0953125
0 0.70703125 0.696875 0.0796875 0.10625
0 0.5140625 0.6015625 0.0734375 0.0890625
0 0.45078125 0.7453125 0.1 0.115625
0 0.2 0.66875 0.0578125 0.0984375
0 0.2984375 0.575 0.0671875 0.1046875
0 0.1609375 0.696875 0.084375 0.0921875
0 0.075 0.5578125 0.065625 0.0921875
0 0.01640625 0.6359375 0.0328125 0.0625
0 0.0609375 0.34453125 0.1 0.1515625
0 0.0953125 0.334375 0.065625 0.075
0 0.23203125 0.384375 0.0421875 0.1359375
0 0.27265625 0.41875 0.0578125 0.1265625