0 0.8875 0.32265625 0.2234375 0.309375
0 0.825 0.225 0.1765625 0.16875
0 0.81953125 0.3765625 0.1515625 0.146875
0 0.77890625 0.496875 0.1421875 0.2609375
0 0.715625 0.596875 0.25 0.2359375
0 0.77421875 0.7640625 0.2 0.25
0 0.64765625 0.734375 0.1828125 0.1828125
0 0.64921875 0.88671875 0.1625 0.203125
0 0.47890625 0.8046875 0.265625 0.3140625
0 0.54765625 0.3421875 0.165625 0.2234375
0 0.50859375 0.2515625 0.2 0.1890625
0 0.425 0.32890625 0.1265625 0.16875
0 0.24609375 0.30703125 0.1671875 0.1515625
0 0.11953125 0.1140625 0.178125 0.1171875
0 0.44609375 0.08828125 0.109375 0.175
0 0.52734375 0.0515625 0.1171875 0.103125
0 0.275 0.10546875 0.1265625 0.1296875