0 0.90234375 0.1 0.1484375 0.2
0 0.77109375 0.04296875 0.0890625 0.0859375
0 0.88046875 0.375 0.090625 0.2828125
0 0.6828125 0.30078125 0.0609375 0.278125
0 0.3046875 0.30859375 0.096875 0.1515625
0 0.30625 0.19609375 0.0984375 0.128125
0 0.36015625 0.0421875 0.059375 0.0765625
0 0.41484375 0.05625 0.0609375 0.109375
0 0.4671875 0.065625 0.065625 0.13125
0 0.2171875 0.0609375 0.059375 0.0671875
0 0.09453125 0.14140625 0.0703125 0.084375
0 0.17578125 0.26171875 0.1078125 0.14375
0 0.1734375 0.16328125 0.096875 0.0890625
0 0.053125 0.51484375 0.10625 0.3546875
0 0.16875 0.5234375 0.090625 0.1
0 0.153125 0.6546875 0.121875 0.103125
0 0.17265625 0.7328125 0.0859375 0.0921875
0 0.1234375 0.78515625 0.071875 0.1609375
0 0.27734375 0.73203125 0.128125 0.225
0 0.228125 0.775 0.1015625 0.178125
0 0.3390625 0.68125 0.0765625 0.13125
0 0.45 0.7046875 0.1171875 0.2109375
0 0.4734375 0.57421875 0.0703125 0.096875
0 0.42734375 0.52265625 0.06875 0.0734375
0 0.36015625 0.3765625 0.0640625 0.1296875
0 0.4984375 0.25 0.078125 0.0890625
0 0.54296875 0.38125 0.046875 0.1
0 0.5265625 0.59921875 0.046875 0.0890625
0 0.55390625 0.8390625 0.0828125 0.134375
0 0.46875 0.85078125 0.10625 0.178125
0 0.71796875 0.7421875 0.1046875 0.20625
0 0.8609375 0.62421875 0.059375 0.1640625
0 0.88984375 0.6421875 0.05625 0.1640625
0 0.89921875 0.94375 0.0359375 0.0859375
0 0.790625 0.90078125 0.075 0.1203125
0 0.7859375 0.8484375 0.1015625 0.1390625
0 0.93984375 0.8578125 0.05625 0.0625
0 0.81328125 0.69765625 0.0703125 0.090625
0 0.7671875 0.64375 0.0390625 0.09375
0 0.3 0.50625 0.084375 0.0796875