0 0.946875 0.7421875 0.0625 0.084375
0 0.75 0.321875 0.084375 0.0890625
0 0.54609375 0.421875 0.05 0.1140625
0 0.571875 0.49296875 0.0703125 0.134375
0 0.53046875 0.68203125 0.0734375 0.103125
0 0.48515625 0.6609375 0.071875 0.09375
0 0.0921875 0.590625 0.071875 0.0890625
0 0.7765625 0.5296875 0.0640625 0.053125
0 0.7328125 0.4671875 0.065625 0.0609375
0 0.515625 0.84453125 0.065625 0.103125
0 0.32265625 0.83125 0.0390625 0.075
0 0.278125 0.61484375 0.05 0.05
0 0.92109375 0.47734375 0.040625 0.071875