0 0.37421875 0.6109375 0.08125 0.1
0 0.43125 0.52578125 0.053125 0.075
0 0.60703125 0.4828125 0.06875 0.1015625
0 0.8453125 0.509375 0.1015625 0.1265625
0 0.7171875 0.23125 0.0828125 0.1
0 0.6359375 0.2375 0.0640625 0.1203125
0 0.7515625 0.2578125 0.0546875 0.0734375
0 0.5875 0.41875 0.05625 0.0765625
0 0.41484375 0.453125 0.1109375 0.140625
0 0.4875 0.38046875 0.103125 0.0953125
0 0.44296875 0.3453125 0.0734375 0.1109375
0 0.32265625 0.4328125 0.0859375 0.103125
0 0.17734375 0.63125 0.1125 0.1203125
0 0.209375 0.590625 0.065625 0.075
0 0.15859375 0.4984375 0.0578125 0.0609375
0 0.04453125 0.4890625 0.0890625 0.08125
0 0.1125 0.4203125 0.0703125 0.0875
0 0.1953125 0.29609375 0.0640625 0.0765625
0 0.278125 0.24140625 0.04375 0.0875
0 0.08125 0.22578125 0.0953125 0.1140625
0 0.03203125 0.35859375 0.0390625 0.0671875