0 0.6359375 0.79375 0.1609375 0.134375
0 0.4984375 0.8703125 0.125 0.1171875
0 0.56171875 0.71796875 0.1828125 0.171875
0 0.6875 0.59765625 0.1390625 0.115625
0 0.815625 0.56328125 0.115625 0.096875
0 0.24609375 0.7640625 0.1609375 0.1046875
0 0.42109375 0.6859375 0.14375 0.115625
0 0.57578125 0.63671875 0.1734375 0.1109375
0 0.58671875 0.5171875 0.1765625 0.140625
0 0.7015625 0.4796875 0.159375 0.1125
0 0.66484375 0.42890625 0.1453125 0.0921875
0 0.56171875 0.4078125 0.15 0.153125
0 0.68671875 0.3609375 0.1609375 0.103125
0 0.6375 0.275 0.1453125 0.1109375
0 0.4578125 0.4015625 0.171875 0.1265625
0 0.33984375 0.52578125 0.15 0.1015625
0 0.40078125 0.57265625 0.1703125 0.134375
0 0.26640625 0.5796875 0.115625 0.0875