0 0.5734375 0.3640625 0.25625 0.153125
0 0.3703125 0.29140625 0.1359375 0.1296875
0 0.37109375 0.51015625 0.0984375 0.09375
0 0.52109375 0.665625 0.2546875 0.2078125
0 0.52578125 0.26640625 0.0625 0.075
0 0.69296875 0.14453125 0.2546875 0.2125
0 0.603125 0.115625 0.16875 0.1421875
0 0.16171875 0.3828125 0.0828125 0.0703125
0 0.05703125 0.52109375 0.09375 0.06875
0 0.1921875 0.60859375 0.078125 0.0484375
0 0.20859375 0.65078125 0.059375 0.0359375
0 0.89765625 0.28984375 0.0515625 0.0640625
0 0.70859375 0.29765625 0.0671875 0.0578125
0 0.73828125 0.34765625 0.046875 0.046875
0 0.71484375 0.409375 0.0828125 0.0640625
0 0.42109375 0.48046875 0.0734375 0.05
0 0.309375 0.440625 0.0421875 0.0875
0 0.0359375 0.21796875 0.046875 0.065625
0 0.6453125 0.525 0.059375 0.0609375
0 0.71953125 0.5203125 0.065625 0.0421875
0 0.59453125 0.5 0.053125 0.053125
0 0.76328125 0.4921875 0.04375 0.0453125
0 0.715625 0.48671875 0.05625 0.040625
0 0.7578125 0.56953125 0.0484375 0.053125
0 0.7796875 0.29453125 0.0390625 0.05625
0 0.915625 0.09609375 0.0421875 0.1
0 0.58515625 0.0484375 0.0828125 0.09375