0 0.4234375 0.5125 0.0828125 0.1109375
0 0.4828125 0.59140625 0.0828125 0.10625
0 0.8671875 0.3046875 0.0984375 0.11875
0 0.6828125 0.3375 0.0640625 0.0703125
0 0.74140625 0.25859375 0.05 0.075
0 0.46953125 0.3484375 0.109375 0.13125
0 0.4140625 0.3265625 0.1046875 0.128125
0 0.55546875 0.32578125 0.0625 0.0953125
0 0.60859375 0.41953125 0.0671875 0.0796875
0 0.57890625 0.1296875 0.0640625 0.103125
0 0.66953125 0.11953125 0.0765625 0.096875
0 0.5640625 0.2265625 0.0796875 0.090625
0 0.5109375 0.1796875 0.0640625 0.090625
0 0.384375 0.171875 0.115625 0.15625
0 0.2859375 0.59296875 0.09375 0.084375
0 0.3203125 0.5015625 0.0546875 0.09375
0 0.37421875 0.653125 0.0546875 0.071875
0 0.31328125 0.73984375 0.1375 0.146875
0 0.27578125 0.6671875 0.0671875 0.08125
0 0.10859375 0.64375 0.0765625 0.11875
0 0.0421875 0.5375 0.0625 0.0703125
0 0.015625 0.54296875 0.03125 0.0703125
0 0.028125 0.38125 0.05625 0.14375
0 0.084375 0.3890625 0.0875 0.0640625
0 0.16796875 0.4296875 0.0421875 0.065625
0 0.2109375 0.646875 0.0703125 0.0734375
0 0.2234375 0.6078125 0.0828125 0.0734375
0 0.21171875 0.54375 0.090625 0.0921875
0 0.26796875 0.98046875 0.0546875 0.0390625
0 0.25625 0.31015625 0.1125 0.1375