0 0.5109375 0.62578125 0.0625 0.1015625
0 0.5359375 0.54375 0.075 0.090625
0 0.671875 0.525 0.1015625 0.084375
0 0.6796875 0.675 0.0796875 0.109375
0 0.634375 0.6078125 0.053125 0.0609375
0 0.921875 0.30859375 0.1046875 0.15
0 0.86875 0.2921875 0.0484375 0.059375
0 0.91328125 0.53671875 0.040625 0.0796875
0 0.915625 0.44765625 0.05625 0.05
0 0.4765625 0.19296875 0.10625 0.1203125
0 0.3859375 0.26875 0.059375 0.115625
0 0.36640625 0.4015625 0.0359375 0.0859375
0 0.04765625 0.2859375 0.06875 0.09375
0 0.40625 0.12734375 0.0875 0.1109375
0 0.3578125 0.1625 0.06875 0.0953125
0 0.1953125 0.103125 0.06875 0.084375
0 0.60546875 0.41875 0.075 0.078125
0 0.6671875 0.4359375 0.075 0.0953125
0 0.50859375 0.4765625 0.0796875 0.084375
0 0.54765625 0.4171875 0.04375 0.059375
0 0.49140625 0.27421875 0.05 0.0859375
0 0.1734375 0.2265625 0.059375 0.0703125
0 0.7890625 0.54453125 0.0453125 0.071875
0 0.74140625 0.5 0.0453125 0.0734375
0 0.82109375 0.3796875 0.0578125 0.103125
0 0.8359375 0.940625 0.0421875 0.0484375