0 0.4859375 0.93203125 0.1203125 0.1140625
0 0.63203125 0.9140625 0.1703125 0.1609375
0 0.6796875 0.75703125 0.1515625 0.1234375
0 0.596875 0.696875 0.1703125 0.153125
0 0.13046875 0.778125 0.184375 0.1578125
0 0.06875 0.63671875 0.115625 0.10625
0 0.3015625 0.68203125 0.1078125 0.0953125
0 0.275 0.7640625 0.0921875 0.09375
0 0.22109375 0.6265625 0.0921875 0.0640625
0 0.378125 0.946875 0.10625 0.10625
0 0.31953125 0.971875 0.0859375 0.05625
0 0.19140625 0.97265625 0.0984375 0.0546875
0 0.75703125 0.9078125 0.1015625 0.1109375
0 0.87734375 0.8890625 0.065625 0.084375
0 0.88671875 0.7515625 0.059375 0.0625
0 0.94609375 0.66953125 0.1078125 0.1171875
0 0.89375 0.6140625 0.1046875 0.1046875
0 0.875 0.50078125 0.1859375 0.0984375
0 0.746875 0.60546875 0.15625 0.128125
0 0.6078125 0.47890625 0.09375 0.1109375
0 0.52890625 0.47421875 0.0625 0.075
0 0.41796875 0.4515625 0.075 0.0796875
0 0.8 0.2484375 0.14375 0.1140625
0 0.7453125 0.45859375 0.0515625 0.065625
0 0.746875 0.375 0.065625 0.0546875