0 0.16953125 0.8171875 0.125 0.1328125
0 0.05703125 0.69765625 0.1140625 0.1484375
0 0.19765625 0.7 0.125 0.084375
0 0.33984375 0.921875 0.090625 0.103125
0 0.41484375 0.9140625 0.0953125 0.11875
0 0.48828125 0.8 0.1078125 0.1140625
0 0.484375 0.6578125 0.134375 0.121875
0 0.39296875 0.5796875 0.115625 0.1203125
0 0.5125 0.53359375 0.125 0.128125
0 0.73984375 0.703125 0.1109375 0.1453125
0 0.75078125 0.86171875 0.09375 0.1203125
0 0.85625 0.7015625 0.1375 0.1609375
0 0.90390625 0.521875 0.1484375 0.125
0 0.83046875 0.471875 0.175 0.1296875
0 0.72265625 0.5234375 0.08125 0.1140625
0 0.94375 0.28515625 0.1125 0.1078125
0 0.965625 0.39765625 0.06875 0.1359375
0 0.80859375 0.3421875 0.1171875 0.128125
0 0.86015625 0.27734375 0.115625 0.09375
0 0.80234375 0.20078125 0.153125 0.1390625
0 0.68671875 0.23125 0.128125 0.1375
0 0.6140625 0.3453125 0.146875 0.115625
0 0.553125 0.4140625 0.0875 0.084375
0 0.70078125 0.12578125 0.159375 0.1265625
0 0.9234375 0.09375 0.153125 0.1625
0 0.7671875 0.04765625 0.103125 0.0875
0 0.965625 0.1703125 0.06875 0.10625
0 0.19765625 0.58046875 0.1078125 0.1109375
0 0.0953125 0.45625 0.190625 0.15
0 0.11640625 0.3109375 0.159375 0.103125
0 0.0921875 0.23984375 0.14375 0.1234375
0 0.0625 0.1359375 0.1140625 0.103125
0 0.1984375 0.08515625 0.14375 0.103125
0 0.375 0.16875 0.178125 0.1171875
0 0.35 0.325 0.1328125 0.1015625
0 0.346875 0.41875 0.1515625 0.128125
0 0.27890625 0.82421875 0.0625 0.103125
0 0.38671875 0.02890625 0.1140625 0.0578125
0 0.546875 0.03984375 0.1046875 0.0796875
0 0.57265625 0.0234375 0.10625 0.0453125