0 0.571875 0.36328125 0.2234375 0.25
0 0.490625 0.14375 0.2109375 0.190625
0 0.3828125 0.12578125 0.128125 0.1890625
0 0.16015625 0.09375 0.2140625 0.1875
0 0.10625 0.22421875 0.0859375 0.15625
0 0.14453125 0.3390625 0.115625 0.2796875
0 0.07890625 0.5921875 0.1125 0.1265625
0 0.1078125 0.753125 0.1984375 0.1609375
0 0.22578125 0.68515625 0.1546875 0.153125
0 0.34765625 0.5453125 0.2140625 0.2375
0 0.45625 0.49296875 0.1765625 0.2578125
0 0.62734375 0.53984375 0.265625 0.2359375
0 0.87109375 0.12265625 0.1 0.11875
0 0.040625 0.46171875 0.08125 0.1046875
0 0.0296875 0.36875 0.046875 0.1125
0 0.26015625 0.39609375 0.084375 0.0734375
0 0.28671875 0.24296875 0.071875 0.103125
0 0.74921875 0.19140625 0.0515625 0.075
0 0.8265625 0.23125 0.06875 0.046875
0 0.83125 0.56015625 0.0625 0.0765625
0 0.7859375 0.7671875 0.0484375 0.0578125
0 0.821875 0.87734375 0.05 0.0765625
0 0.984375 0.27421875 0.03125 0.0609375
0 0.9359375 0.6734375 0.05 0.075