0 0.8265625 0.0859375 0.13125 0.1203125
0 0.73359375 0.05546875 0.1125 0.0890625
0 0.88984375 0.35703125 0.1046875 0.0765625
0 0.91796875 0.46796875 0.1640625 0.1296875
0 0.8078125 0.47890625 0.165625 0.125
0 0.72109375 0.55 0.109375 0.1015625
0 0.74375 0.703125 0.159375 0.1171875
0 0.53046875 0.41484375 0.134375 0.14375
0 0.34921875 0.09375 0.1109375 0.1015625
0 0.25 0.27734375 0.1 0.078125
0 0.2265625 0.509375 0.1 0.1078125
0 0.4203125 0.3921875 0.09375 0.1015625
0 0.42578125 0.2625 0.0796875 0.0859375
0 0.128125 0.45859375 0.0765625 0.0875
0 0.59453125 0.515625 0.1234375 0.1578125
0 0.746875 0.4046875 0.10625 0.06875