0 0.1140625 0.42265625 0.1984375 0.171875
0 0.1734375 0.28125 0.1328125 0.1484375
0 0.2328125 0.1765625 0.0890625 0.1359375
0 0.328125 0.06484375 0.14375 0.1296875
0 0.4890625 0.16875 0.128125 0.115625
0 0.49140625 0.23359375 0.10625 0.109375
0 0.46171875 0.34140625 0.075 0.0828125
0 0.33671875 0.61171875 0.0859375 0.165625
0 0.3828125 0.63046875 0.1296875 0.2328125
0 0.25859375 0.6125 0.096875 0.0890625
0 0.6328125 0.7796875 0.2046875 0.203125
0 0.70390625 0.74609375 0.153125 0.23125
0 0.76171875 0.725 0.1171875 0.140625
0 0.84921875 0.9 0.2015625 0.2
0 0.84140625 0.59140625 0.1796875 0.1703125
0 0.665625 0.2140625 0.053125 0.0625
0 0.7859375 0.1125 0.1546875 0.159375
0 0.71640625 0.1265625 0.1046875 0.1203125
0 0.55703125 0.06875 0.0515625 0.090625
0 0.415625 0.034375 0.06875 0.06875
0 0.20625 0.0625 0.0921875 0.08125
0 0.940625 0.340625 0.0984375 0.103125
0 0.7046875 0.3125 0.0921875 0.0828125
0 0.4109375 0.49375 0.1125 0.0921875
0 0.49765625 0.48359375 0.065625 0.096875
0 0.7390625 0.42265625 0.08125 0.0984375
0 0.9296875 0.47265625 0.13125 0.1234375
0 0.8546875 0.75078125 0.0890625 0.10625