0 0.5015625 0.72421875 0.3359375 0.3
0 0.45234375 0.17421875 0.3765625 0.3484375
0 0.25078125 0.1734375 0.128125 0.2640625
0 0.2171875 0.5578125 0.1078125 0.1125
0 0.12421875 0.52734375 0.0984375 0.1640625
0 0.134375 0.42734375 0.1234375 0.10625
0 0.0421875 0.55234375 0.084375 0.1703125
0 0.3171875 0.76953125 0.1734375 0.159375
0 0.7578125 0.76484375 0.103125 0.1609375
0 0.83359375 0.52578125 0.165625 0.25625
0 0.9328125 0.671875 0.103125 0.1265625
0 0.87265625 0.19921875 0.2546875 0.2859375
0 0.66015625 0.1140625 0.1828125 0.203125
0 0.38984375 0.45625 0.1171875 0.1203125
0 0.45 0.53359375 0.075 0.19375
0 0.45 0.5453125 0.1375 0.1296875
0 0.6125 0.6234375 0.1734375 0.2015625
0 0.72109375 0.6078125 0.14375 0.18125
0 0.6875 0.8078125 0.0984375 0.125
0 0.60390625 0.91484375 0.1234375 0.140625
0 0.55546875 0.86953125 0.1546875 0.1390625
0 0.1421875 0.71953125 0.1328125 0.115625
0 0.1703125 0.77421875 0.1140625 0.1203125
0 0.18671875 0.66796875 0.115625 0.146875
0 0.30078125 0.38515625 0.1109375 0.103125
0 0.421875 0.34140625 0.1125 0.1171875
0 0.6328125 0.37578125 0.1359375 0.1828125
0 0.69765625 0.34609375 0.1171875 0.19375
0 0.75859375 0.38671875 0.134375 0.1578125
0 0.1296875 0.25234375 0.1484375 0.1265625
0 0.209375 0.30390625 0.1140625 0.11875
0 0.02578125 0.8265625 0.0515625 0.121875
0 0.4359375 0.94609375 0.153125 0.1078125
0 0.7765625 0.9828125 0.10625 0.034375
0 0.71171875 0.953125 0.0765625 0.09375