0 0.22109375 0.57578125 0.3609375 0.3890625
0 0.06953125 0.47890625 0.1390625 0.1890625
0 0.1015625 0.25390625 0.1796875 0.2125
0 0.08125 0.090625 0.109375 0.18125
0 0.2359375 0.1140625 0.2828125 0.228125
0 0.39921875 0.06796875 0.1359375 0.1359375
0 0.5578125 0.090625 0.1875 0.18125
0 0.4546875 0.11796875 0.1109375 0.165625
0 0.4609375 0.28125 0.2453125 0.2671875
0 0.271875 0.2671875 0.1734375 0.21875
0 0.68671875 0.18984375 0.2 0.1953125
0 0.60390625 0.14765625 0.1 0.0953125
0 0.68515625 0.28671875 0.09375 0.0953125
0 0.64609375 0.40078125 0.225 0.2046875
0 0.49453125 0.434375 0.16875 0.2203125
0 0.64140625 0.58515625 0.2171875 0.2171875
0 0.82734375 0.82265625 0.3171875 0.3546875
0 0.9234375 0.5046875 0.153125 0.171875
0 0.8390625 0.4359375 0.134375 0.178125
0 0.80390625 0.365625 0.1375 0.1609375
0 0.86953125 0.27890625 0.1078125 0.146875
0 0.30859375 0.76640625 0.3265625 0.3796875
0 0.49375 0.84296875 0.16875 0.3140625
0 0.34375 0.909375 0.175 0.171875
0 0.571875 0.89453125 0.171875 0.2109375