0 0.4390625 0.390625 0.2515625 0.4625
0 0.72890625 0.25625 0.19375 0.3921875
0 0.82109375 0.3140625 0.1859375 0.2703125
0 0.92578125 0.25390625 0.1484375 0.2921875
0 0.88984375 0.4203125 0.1234375 0.121875
0 0.92109375 0.478125 0.1109375 0.1203125
0 0.7703125 0.4765625 0.134375 0.1296875
0 0.63828125 0.4671875 0.1015625 0.1484375
0 0.63125 0.55 0.1765625 0.1703125
0 0.534375 0.665625 0.096875 0.175
0 0.8375 0.75546875 0.2921875 0.3171875
0 0.71484375 0.82109375 0.1296875 0.184375
0 0.65234375 0.7671875 0.1484375 0.1453125
0 0.95390625 0.57265625 0.0921875 0.1984375
0 0.509375 0.91015625 0.165625 0.1734375
0 0.44921875 0.94375 0.1140625 0.1125
0 0.3546875 0.909375 0.134375 0.159375
0 0.29609375 0.92265625 0.1 0.109375
0 0.22734375 0.88359375 0.09375 0.159375
0 0.16328125 0.853125 0.1296875 0.2015625
0 0.08984375 0.71875 0.1796875 0.121875
0 0.184375 0.67265625 0.109375 0.134375
0 0.22890625 0.44765625 0.1890625 0.2265625
0 0.08203125 0.415625 0.1640625 0.165625
0 0.1375 0.30234375 0.1953125 0.1484375
0 0.11484375 0.11953125 0.1453125 0.23125
0 0.21328125 0.125 0.1390625 0.1953125
0 0.25625 0.08515625 0.209375 0.1703125
0 0.33203125 0.16171875 0.1796875 0.209375
0 0.1390625 0.040625 0.1375 0.08125
0 0.46328125 0.0421875 0.1671875 0.084375
0 0.60703125 0.06328125 0.1125 0.11875
0 0.4828125 0.08515625 0.103125 0.109375
0 0.85078125 0.15390625 0.078125 0.1171875
0 0.04375 0.875 0.0875 0.1125
0 0.41640625 0.7640625 0.0984375 0.1484375
0 0.35625 0.6390625 0.209375 0.1890625
0 0.309375 0.3828125 0.1015625 0.1390625
0 0.32109375 0.29921875 0.1 0.109375
0 0.5078125 0.25234375 0.0921875 0.090625
0 0.5671875 0.3046875 0.1578125 0.184375
0 0.6 0.2234375 0.14375 0.1296875
0 0.5109375 0.1703125 0.071875 0.0953125
0 0.06875 0.60546875 0.1375 0.1640625