0 0.22265625 0.82109375 0.153125 0.1078125
0 0.38203125 0.6109375 0.0796875 0.096875
0 0.46328125 0.65078125 0.06875 0.0625
0 0.60078125 0.60625 0.0375 0.0734375
0 0.5375 0.4625 0.0609375 0.046875
0 0.83828125 0.51640625 0.3078125 0.1296875
0 0.81171875 0.67890625 0.140625 0.1265625
0 0.87421875 0.87578125 0.1171875 0.1703125
0 0.7984375 0.89296875 0.06875 0.0703125
0 0.4921875 0.9296875 0.0734375 0.08125
0 0.36171875 0.95 0.071875 0.0640625
0 0.9578125 0.95546875 0.05625 0.0890625
0 0.203125 0.290625 0.0734375 0.090625
0 0.5890625 0.50390625 0.046875 0.0546875
0 0.7171875 0.8234375 0.046875 0.0546875
0 0.93828125 0.38828125 0.1234375 0.0890625
0 0.925 0.63125 0.146875 0.1640625
0 0.471875 0.84375 0.0671875 0.0765625
0 0.68203125 0.65390625 0.059375 0.0609375
0 0.15859375 0.584375 0.0796875 0.0734375
0 0.16015625 0.7765625 0.075 0.0734375
0 0.0765625 0.8328125 0.0984375 0.0578125
0 0.03046875 0.553125 0.0609375 0.059375
0 0.16484375 0.5 0.0671875 0.065625
0 0.31484375 0.5 0.071875 0.06875
0 0.3296875 0.671875 0.046875 0.071875
0 0.634375 0.76796875 0.040625 0.065625
0 0.58515625 0.6734375 0.0609375 0.0578125