0 0.73125 0.26640625 0.1671875 0.1546875
0 0.70703125 0.546875 0.2046875 0.1578125
0 0.5671875 0.54140625 0.065625 0.0546875
0 0.934375 0.35234375 0.13125 0.1078125
0 0.2078125 0.2765625 0.1375 0.0859375
0 0.3140625 0.3859375 0.0796875 0.0625
0 0.2859375 0.478125 0.065625 0.0609375
0 0.525 0.503125 0.059375 0.0734375
0 0.6703125 0.171875 0.0625 0.125
0 0.65703125 0.04140625 0.096875 0.0546875
0 0.75703125 0.08359375 0.109375 0.0859375
0 0.3484375 0.22578125 0.059375 0.065625
0 0.4546875 0.03125 0.1 0.0625
0 0.2109375 0.57109375 0.0796875 0.0609375