0 0.4578125 0.09453125 0.2375 0.1890625
0 0.3390625 0.1828125 0.221875 0.225
0 0.0578125 0.22578125 0.115625 0.1453125
0 0.08671875 0.36015625 0.1734375 0.1828125
0 0.21875 0.24765625 0.2 0.175
0 0.259375 0.36796875 0.21875 0.190625
0 0.18984375 0.44765625 0.2109375 0.1640625
0 0.36640625 0.56484375 0.2140625 0.196875
0 0.4703125 0.51328125 0.171875 0.190625
0 0.396875 0.509375 0.1515625 0.16875
0 0.634375 0.59453125 0.2109375 0.171875
0 0.603125 0.49375 0.196875 0.1375
0 0.53046875 0.43984375 0.1890625 0.190625
0 0.5953125 0.40703125 0.18125 0.178125
0 0.5640625 0.33046875 0.18125 0.165625
0 0.4203125 0.29296875 0.175 0.19375
0 0.75703125 0.24609375 0.171875 0.203125
0 0.88515625 0.37421875 0.2140625 0.1578125
0 0.7 0.375 0.16875 0.1453125
0 0.25078125 0.0875 0.1765625 0.115625