0 0.6046875 0.1875 0.1796875 0.15625
0 0.45234375 0.09140625 0.159375 0.1296875
0 0.19765625 0.22734375 0.1484375 0.128125
0 0.22578125 0.39375 0.1484375 0.103125
0 0.3015625 0.47265625 0.165625 0.1125
0 0.37421875 0.41875 0.1890625 0.1390625
0 0.37421875 0.2921875 0.1671875 0.115625
0 0.53671875 0.2609375 0.228125 0.190625
0 0.54453125 0.3515625 0.178125 0.1046875
0 0.7015625 0.40234375 0.175 0.1953125
0 0.7984375 0.4046875 0.1171875 0.134375
0 0.6921875 0.50625 0.1546875 0.1046875
0 0.66015625 0.55234375 0.159375 0.1453125
0 0.6890625 0.63203125 0.165625 0.1375
0 0.55703125 0.56796875 0.1484375 0.1703125
0 0.5640625 0.48046875 0.128125 0.15
0 0.47109375 0.53515625 0.1015625 0.121875
0 0.4453125 0.58984375 0.1890625 0.1671875
0 0.653125 0.7109375 0.1234375 0.10625