0 0.79921875 0.8578125 0.2515625 0.2515625
0 0.48125 0.9109375 0.221875 0.178125
0 0.6015625 0.76953125 0.165625 0.178125
0 0.71640625 0.621875 0.228125 0.184375
0 0.4890625 0.621875 0.1640625 0.1859375
0 0.390625 0.6953125 0.1578125 0.190625
0 0.17890625 0.78203125 0.3578125 0.3359375
0 0.06640625 0.62421875 0.1328125 0.1515625
0 0.0890625 0.471875 0.178125 0.221875
0 0.29140625 0.359375 0.171875 0.15625
0 0.475 0.3609375 0.259375 0.2296875
0 0.6703125 0.3546875 0.190625 0.2125
0 0.50703125 0.16015625 0.2046875 0.184375
0 0.1625 0.0875 0.2375 0.175
0 0.18984375 0.578125 0.15 0.159375
0 0.515625 0.52421875 0.146875 0.1578125
0 0.8484375 0.584375 0.125 0.140625
0 0.8375 0.7703125 0.1953125 0.1734375
0 0.359375 0.5484375 0.209375 0.190625