0 0.58984375 0.6453125 0.078125 0.2890625
0 0.8140625 0.61171875 0.0953125 0.2953125
0 0.1140625 0.2859375 0.1296875 0.178125
0 0.11953125 0.44453125 0.090625 0.128125
0 0.23125 0.95 0.146875 0.1
0 0.23203125 0.82421875 0.0953125 0.0828125
0 0.28671875 0.68515625 0.096875 0.209375
0 0.4375 0.37109375 0.0921875 0.11875
0 0.1015625 0.7984375 0.0546875 0.109375
0 0.41953125 0.91484375 0.0828125 0.1703125
0 0.7 0.234375 0.078125 0.178125
0 0.1078125 0.921875 0.0859375 0.1421875
0 0.5140625 0.66875 0.1390625 0.2421875
0 0.5625 0.37578125 0.06875 0.1234375
0 0.3953125 0.090625 0.0609375 0.0921875
0 0.278125 0.209375 0.0734375 0.0921875
0 0.9125 0.21484375 0.0515625 0.1046875