0 0.9671875 0.4140625 0.065625 0.084375
0 0.56171875 0.246875 0.090625 0.1140625
0 0.6953125 0.16484375 0.0875 0.0875
0 0.5796875 0.0921875 0.0703125 0.0953125
0 0.12265625 0.2015625 0.071875 0.0703125
0 0.30703125 0.490625 0.0875 0.059375
0 0.265625 0.62265625 0.0734375 0.0828125
0 0.446875 0.528125 0.071875 0.0734375
0 0.4578125 0.59453125 0.0609375 0.0859375
0 0.64765625 0.321875 0.0578125 0.078125
0 0.69453125 0.2359375 0.0640625 0.0828125
0 0.86015625 0.196875 0.0578125 0.0578125
0 0.35703125 0.41953125 0.0765625 0.0828125