0 0.53359375 0.684375 0.1375 0.1484375
0 0.5421875 0.9015625 0.1328125 0.1390625
0 0.38359375 0.91875 0.1265625 0.096875
0 0.303125 0.98515625 0.096875 0.0296875
0 0.24453125 0.79140625 0.1109375 0.1078125
0 0.171875 0.64296875 0.1015625 0.084375
0 0.05859375 0.65234375 0.090625 0.103125
0 0.09765625 0.83359375 0.084375 0.078125
0 0.73515625 0.73125 0.134375 0.1109375
0 0.79765625 0.8046875 0.0796875 0.065625
0 0.92578125 0.76796875 0.0890625 0.09375
0 0.95703125 0.67578125 0.0859375 0.1171875
0 0.85234375 0.6171875 0.0984375 0.0921875
0 0.89921875 0.4875 0.2 0.125
0 0.6703125 0.4609375 0.1625 0.121875
0 0.49140625 0.475 0.075 0.08125
0 0.3765625 0.4453125 0.08125 0.06875
0 0.3609375 0.65859375 0.103125 0.0828125
0 0.80859375 0.259375 0.1140625 0.0828125
0 0.75 0.3828125 0.0625 0.0640625