0 0.36875 0.625 0.0921875 0.0828125
0 0.17890625 0.521875 0.09375 0.0828125
0 0.42421875 0.57578125 0.0765625 0.0796875
0 0.41875 0.54375 0.1046875 0.0859375
0 0.4625 0.45 0.125 0.1421875
0 0.3125 0.31328125 0.065625 0.0546875
0 0.33828125 0.28046875 0.06875 0.065625
0 0.41171875 0.08359375 0.0828125 0.090625
0 0.53671875 0.34140625 0.10625 0.11875
0 0.73125 0.44765625 0.0953125 0.1125
0 0.65859375 0.728125 0.06875 0.09375
0 0.7859375 0.63984375 0.0546875 0.0625
0 0.8375 0.55546875 0.0578125 0.05625
0 0.98046875 0.35625 0.0390625 0.08125
0 0.75625 0.30234375 0.103125 0.090625
0 0.96484375 0.565625 0.0703125 0.05625
0 0.8984375 0.65859375 0.0671875 0.0875
0 0.56640625 0.7359375 0.05 0.0640625
0 0.809375 0.48671875 0.10625 0.0953125