0 0.41171875 0.1828125 0.1859375 0.165625
0 0.56953125 0.09453125 0.165625 0.1375
0 0.81640625 0.24375 0.1546875 0.134375
0 0.7796875 0.40859375 0.153125 0.1109375
0 0.7 0.4828125 0.171875 0.1203125
0 0.6296875 0.425 0.1953125 0.1484375
0 0.63671875 0.29921875 0.171875 0.1234375
0 0.47578125 0.259375 0.2375 0.2015625
0 0.46328125 0.34921875 0.1828125 0.1140625
0 0.30390625 0.3921875 0.184375 0.203125
0 0.20703125 0.3890625 0.1234375 0.1390625
0 0.30703125 0.49609375 0.159375 0.1125
0 0.33671875 0.54375 0.165625 0.153125
0 0.30390625 0.621875 0.171875 0.1453125
0 0.43984375 0.56484375 0.15625 0.178125
0 0.43671875 0.47734375 0.134375 0.15625
0 0.52734375 0.53671875 0.10625 0.1265625
0 0.55 0.5921875 0.1953125 0.175
0 0.33671875 0.703125 0.128125 0.1125