0 0.33515625 0.1453125 0.13125 0.096875
0 0.10703125 0.06875 0.1375 0.1
0 0.0921875 0.209375 0.1234375 0.0875
0 0.20859375 0.39296875 0.0765625 0.09375
0 0.03984375 0.3890625 0.0734375 0.1
0 0.2078125 0.74765625 0.1125 0.165625
0 0.2890625 0.6765625 0.059375 0.096875
0 0.32578125 0.56875 0.08125 0.071875
0 0.27578125 0.49140625 0.0609375 0.090625
0 0.51328125 0.53125 0.0703125 0.103125
0 0.61796875 0.4 0.0546875 0.0875
0 0.9234375 0.3296875 0.153125 0.1625
0 0.83515625 0.221875 0.140625 0.1328125
0 0.79921875 0.153125 0.075 0.065625
0 0.9546875 0.12265625 0.090625 0.1203125
0 0.7078125 0.07421875 0.05625 0.078125
0 0.5953125 0.084375 0.065625 0.0734375
0 0.71328125 0.04296875 0.046875 0.0609375
0 0.83984375 0.48828125 0.1578125 0.11875
0 0.73125 0.44140625 0.0671875 0.06875
0 0.75 0.34765625 0.078125 0.0640625
0 0.63515625 0.31796875 0.0734375 0.053125
0 0.59140625 0.31640625 0.040625 0.053125
0 0.62734375 0.2734375 0.0671875 0.05625
0 0.52890625 0.22421875 0.040625 0.04375
0 0.52109375 0.26328125 0.0375 0.0375
0 0.53046875 0.3484375 0.034375 0.03125
0 0.53984375 0.36953125 0.0375 0.0546875
0 0.49375 0.36875 0.040625 0.0421875
0 0.48984375 0.42578125 0.028125 0.0578125
0 0.4609375 0.41796875 0.0328125 0.0609375
0 0.46328125 0.51484375 0.0328125 0.0578125
0 0.56640625 0.50546875 0.04375 0.05
0 0.92265625 0.7078125 0.1328125 0.1
0 0.4265625 0.36015625 0.0890625 0.1234375
0 0.10234375 0.44453125 0.0890625 0.0609375
0 0.75859375 0.58125 0.0640625 0.0609375
0 0.4625 0.04921875 0.0734375 0.071875
0 0.3796875 0.015625 0.065625 0.03125