0 0.82578125 0.96015625 0.0734375 0.0609375
0 0.97109375 0.88359375 0.0578125 0.1328125
0 0.80546875 0.8046875 0.0609375 0.0796875
0 0.74140625 0.2734375 0.0921875 0.0953125
0 0.6421875 0.109375 0.06875 0.1046875
0 0.58359375 0.15859375 0.084375 0.0765625
0 0.55390625 0.06328125 0.0734375 0.065625
0 0.4953125 0.08125 0.0578125 0.065625
0 0.540625 0.26953125 0.053125 0.0640625
0 0.46640625 0.23671875 0.0484375 0.09375
0 0.4421875 0.12890625 0.053125 0.0890625
0 0.40390625 0.0546875 0.0578125 0.06875
0 0.44609375 0.0453125 0.0390625 0.0609375
0 0.4421875 0.3265625 0.0421875 0.059375
0 0.47265625 0.4734375 0.0484375 0.06875
0 0.48203125 0.52265625 0.0546875 0.06875
0 0.47421875 0.64375 0.0375 0.0625
0 0.50546875 0.66953125 0.0421875 0.0828125
0 0.4859375 0.62265625 0.040625 0.0609375
0 0.53671875 0.6171875 0.0421875 0.06875
0 0.421875 0.50390625 0.0578125 0.0625
0 0.41640625 0.5859375 0.05 0.0609375
0 0.34453125 0.4203125 0.0609375 0.059375
0 0.3890625 0.38046875 0.0640625 0.0859375
0 0.4203125 0.37265625 0.034375 0.0515625
0 0.39375 0.31640625 0.0640625 0.065625
0 0.32421875 0.2875 0.0515625 0.0625
0 0.34765625 0.21328125 0.0359375 0.10625
0 0.2390625 0.13125 0.0359375 0.059375
0 0.171875 0.07578125 0.0578125 0.0921875
0 0.21328125 0.04140625 0.05 0.065625
0 0.26171875 0.0296875 0.0515625 0.0453125
0 0.27421875 0.0578125 0.0515625 0.0734375
0 0.146875 0.1296875 0.0421875 0.05625
0 0.6171875 0.746875 0.0625 0.05625
0 0.62578125 0.8265625 0.0609375 0.0671875
0 0.58046875 0.84453125 0.053125 0.0703125
0 0.5796875 0.79609375 0.040625 0.0515625
0 0.65859375 0.86875 0.0328125 0.071875
0 0.7578125 0.83046875 0.0359375 0.0625
0 0.7234375 0.803125 0.0453125 0.0453125
0 0.6890625 0.728125 0.046875 0.1109375
0 0.48203125 0.75234375 0.0375 0.071875
0 0.51796875 0.4140625 0.0484375 0.0703125
0 0.56015625 0.3640625 0.0421875 0.0546875
0 0.58828125 0.24140625 0.05 0.1140625
0 0.57109375 0.2640625 0.0546875 0.065625