0 0.51875 0.15390625 0.0796875 0.1296875
0 0.69453125 0.13515625 0.159375 0.19375
0 0.83671875 0.47578125 0.075 0.1390625
0 0.92734375 0.62890625 0.05625 0.14375
0 0.86015625 0.7484375 0.06875 0.1765625
0 0.7859375 0.696875 0.09375 0.20625
0 0.6984375 0.6671875 0.0796875 0.153125
0 0.6625 0.62109375 0.128125 0.1953125
0 0.590625 0.57109375 0.1359375 0.171875
0 0.50078125 0.49453125 0.190625 0.2109375
0 0.61015625 0.34453125 0.1546875 0.15625
0 0.71796875 0.31875 0.0921875 0.1046875
0 0.7453125 0.45 0.084375 0.2109375
0 0.6859375 0.2375 0.0375 0.0859375
0 0.5671875 0.27734375 0.1359375 0.153125
0 0.47109375 0.1546875 0.08125 0.103125
0 0.59296875 0.1546875 0.0734375 0.1
0 0.18671875 0.2515625 0.096875 0.109375
0 0.27890625 0.1453125 0.046875 0.071875
0 0.28984375 0.2125 0.0515625 0.0515625
0 0.3453125 0.1703125 0.0609375 0.05625
0 0.29375 0.5453125 0.1 0.1203125