0 0.73984375 0.6078125 0.125 0.1296875
0 0.85859375 0.72265625 0.090625 0.1265625
0 0.940625 0.87109375 0.0828125 0.090625
0 0.8359375 0.80546875 0.0625 0.08125
0 0.7546875 0.89921875 0.0765625 0.1
0 0.69921875 0.8140625 0.0765625 0.103125
0 0.52890625 0.89609375 0.128125 0.1234375
0 0.48046875 0.81796875 0.103125 0.11875
0 0.41953125 0.83671875 0.0671875 0.0859375
0 0.3359375 0.79609375 0.1265625 0.0984375
0 0.2359375 0.92734375 0.15625 0.1453125
0 0.15078125 0.9671875 0.1453125 0.065625
0 0.1390625 0.853125 0.175 0.1609375
0 0.084375 0.7046875 0.1234375 0.121875
0 0.18515625 0.61328125 0.14375 0.11875
0 0.175 0.53046875 0.14375 0.109375
0 0.14921875 0.43828125 0.171875 0.115625
0 0.07734375 0.6390625 0.1359375 0.1328125
0 0.0390625 0.403125 0.078125 0.134375
0 0.28515625 0.34453125 0.146875 0.1015625
0 0.340625 0.453125 0.1375 0.109375
0 0.5296875 0.44453125 0.11875 0.13125
0 0.60234375 0.5515625 0.1625 0.1375
0 0.73359375 0.48203125 0.1171875 0.096875
0 0.46015625 0.34609375 0.096875 0.1078125
0 0.51640625 0.18515625 0.1125 0.11875
0 0.51875 0.28671875 0.084375 0.084375
0 0.31796875 0.17421875 0.1328125 0.1125
0 0.11875 0.1140625 0.1375 0.11875
0 0.0484375 0.153125 0.096875 0.159375
0 0.3140625 0.66796875 0.0984375 0.11875
0 0.378125 0.63046875 0.1 0.10625
0 0.4703125 0.59375 0.11875 0.125
0 0.56875 0.71875 0.1390625 0.1125