0 0.70390625 0.88828125 0.175 0.11875
0 0.834375 0.384375 0.0859375 0.13125
0 0.59140625 0.64140625 0.090625 0.115625
0 0.48984375 0.6578125 0.1140625 0.0875
0 0.41875 0.92734375 0.0921875 0.1203125
0 0.16484375 0.57734375 0.18125 0.1421875
0 0.203125 0.43203125 0.31875 0.2125
0 0.375 0.5765625 0.0578125 0.090625
0 0.46328125 0.4578125 0.0625 0.0703125
0 0.4078125 0.478125 0.0546875 0.05625
0 0.38125 0.64296875 0.06875 0.0703125
0 0.38515625 0.78046875 0.04375 0.059375
0 0.45078125 0.84765625 0.0796875 0.0796875
0 0.53828125 0.96796875 0.0828125 0.0640625
0 0.05234375 0.76484375 0.1046875 0.1796875
0 0.1078125 0.8 0.090625 0.0921875
0 0.06015625 0.5640625 0.1203125 0.175
0 0.11796875 0.27578125 0.1734375 0.134375
0 0.29375 0.596875 0.071875 0.075
0 0.19453125 0.77421875 0.065625 0.1
0 0.81796875 0.665625 0.09375 0.0859375
0 0.821875 0.571875 0.059375 0.071875
0 0.76171875 0.853125 0.1015625 0.078125
0 0.86015625 0.88125 0.0546875 0.046875
0 0.8484375 0.82734375 0.0546875 0.05
0 0.434375 0.71953125 0.046875 0.0546875
0 0.2921875 0.72421875 0.059375 0.0609375
0 0.3046875 0.78359375 0.0609375 0.0890625