0 0.69765625 0.875 0.1671875 0.1296875
0 0.58984375 0.634375 0.0921875 0.10625
0 0.5015625 0.65546875 0.078125 0.071875
0 0.37734375 0.58046875 0.046875 0.0765625
0 0.471875 0.4546875 0.0671875 0.05625
0 0.1671875 0.43984375 0.3203125 0.175
0 0.15546875 0.60390625 0.15625 0.1453125
0 0.0609375 0.78203125 0.121875 0.1859375
0 0.12109375 0.815625 0.078125 0.0796875
0 0.4109375 0.9203125 0.084375 0.090625
0 0.53359375 0.96640625 0.0796875 0.0671875
0 0.83671875 0.3625 0.0859375 0.1
0 0.4125 0.48359375 0.0546875 0.0609375
0 0.215625 0.76640625 0.0546875 0.0609375
0 0.09453125 0.2921875 0.1390625 0.10625
0 0.0703125 0.53203125 0.140625 0.1828125
0 0.45 0.84140625 0.0765625 0.084375
0 0.2875 0.609375 0.0671875 0.06875
0 0.8140625 0.65859375 0.0890625 0.084375
0 0.76875 0.84609375 0.084375 0.0828125
0 0.8375 0.91953125 0.1046875 0.071875
0 0.946875 0.65859375 0.071875 0.0671875
0 0.8265625 0.57578125 0.0765625 0.075
0 0.68046875 0.54140625 0.08125 0.078125
0 0.62734375 0.70546875 0.05625 0.078125
0 0.30859375 0.73125 0.05 0.071875
0 0.378125 0.65 0.06875 0.065625