0 0.23203125 0.2359375 0.1953125 0.171875
0 0.1265625 0.08359375 0.165625 0.1671875
0 0.20703125 0.06015625 0.1765625 0.1203125
0 0.38203125 0.1390625 0.1546875 0.190625
0 0.3578125 0.178125 0.1625 0.21875
0 0.3109375 0.22421875 0.15625 0.196875
0 0.23359375 0.26796875 0.2109375 0.2296875
0 0.50859375 0.12578125 0.1734375 0.1640625
0 0.55078125 0.04375 0.1296875 0.0875
0 0.62265625 0.26484375 0.165625 0.20625
0 0.54296875 0.30078125 0.1890625 0.2203125
0 0.4875 0.31328125 0.1515625 0.1421875
0 0.6078125 0.4171875 0.1453125 0.128125
0 0.49140625 0.4703125 0.1421875 0.2015625
0 0.5359375 0.81328125 0.1046875 0.175
0 0.9625 0.17265625 0.075 0.1546875