0 0.35703125 0.18359375 0.2125 0.184375
0 0.1953125 0.77890625 0.175 0.153125
0 0.17578125 0.9546875 0.1234375 0.090625
0 0.64765625 0.278125 0.2046875 0.1796875
0 0.52734375 0.24453125 0.0859375 0.0984375
0 0.609375 0.359375 0.21875 0.1953125
0 0.784375 0.42265625 0.096875 0.1125
0 0.7421875 0.48515625 0.1546875 0.140625
0 0.3578125 0.42109375 0.1875 0.1625
0 0.4625 0.428125 0.1390625 0.109375
0 0.43828125 0.5 0.1421875 0.115625
0 0.359375 0.5328125 0.0875 0.0953125
0 0.46171875 0.5875 0.165625 0.1578125
0 0.55390625 0.6578125 0.178125 0.1203125
0 0.66875 0.740625 0.1296875 0.140625
0 0.63828125 0.6140625 0.1546875 0.13125
0 0.7421875 0.61015625 0.1640625 0.1296875