0 0.56953125 0.35703125 0.0859375 0.15625
0 0.66953125 0.50625 0.0625 0.13125
0 0.7671875 0.790625 0.1015625 0.1234375
0 0.6 0.86328125 0.1375 0.1515625
0 0.59140625 0.634375 0.1 0.1578125
0 0.4859375 0.60234375 0.0609375 0.08125
0 0.43828125 0.7 0.1390625 0.1265625
0 0.31640625 0.553125 0.1078125 0.1125
0 0.28515625 0.3171875 0.053125 0.1109375
0 0.2734375 0.3578125 0.053125 0.084375
0 0.16953125 0.4890625 0.059375 0.059375
0 0.15859375 0.71015625 0.159375 0.125
0 0.06875 0.6375 0.1125 0.1265625
0 0.02734375 0.4125 0.0546875 0.109375
0 0.85703125 0.5859375 0.0546875 0.1
0 0.98359375 0.88203125 0.0328125 0.1203125