0 0.71796875 0.87890625 0.1171875 0.2421875
0 0.80234375 0.91953125 0.1234375 0.1609375
0 0.9234375 0.7859375 0.1265625 0.190625
0 0.85390625 0.44296875 0.1921875 0.165625
0 0.43125 0.32265625 0.140625 0.1515625
0 0.36328125 0.375 0.1015625 0.19375
0 0.3265625 0.68984375 0.071875 0.2046875
0 0.19921875 0.84453125 0.0859375 0.2671875
0 0.3953125 0.87578125 0.096875 0.2109375
0 0.684375 0.17421875 0.1328125 0.1671875
0 0.540625 0.17578125 0.09375 0.1125
0 0.84453125 0.20859375 0.1296875 0.134375
0 0.09375 0.45 0.1140625 0.1765625
0 0.25078125 0.5015625 0.0984375 0.096875
0 0.27578125 0.471875 0.0984375 0.15
0 0.40859375 0.63515625 0.090625 0.1921875
0 0.271875 0.6484375 0.0515625 0.1796875
0 0.16171875 0.3078125 0.125 0.159375
0 0.54765625 0.79453125 0.1375 0.20625
0 0.56875 0.68046875 0.11875 0.15625
0 0.46640625 0.48125 0.1078125 0.215625
0 0.62734375 0.47421875 0.1078125 0.20625
0 0.7625 0.6796875 0.1296875 0.234375
0 0.74296875 0.33046875 0.1171875 0.140625
0 0.03203125 0.8375 0.0640625 0.221875
0 0.20078125 0.2859375 0.1375 0.15625
0 0.16328125 0.10625 0.1421875 0.1796875