0 0.57265625 0.71171875 0.0609375 0.065625
0 0.48125 0.7078125 0.0640625 0.0734375
0 0.37734375 0.56328125 0.04375 0.09375
0 0.4484375 0.5265625 0.0484375 0.075
0 0.3875 0.45625 0.046875 0.0828125
0 0.4171875 0.23359375 0.0484375 0.0609375
0 0.18203125 0.43125 0.0625 0.0796875
0 0.01796875 0.4859375 0.0359375 0.0875
0 0.2703125 0.41171875 0.04375 0.06875
0 0.2109375 0.53359375 0.065625 0.075
0 0.1578125 0.625 0.053125 0.0578125
0 0.05625 0.69453125 0.075 0.0671875
0 0.18046875 0.6921875 0.059375 0.121875
0 0.825 0.48828125 0.0390625 0.0390625
0 0.825 0.55234375 0.046875 0.05625
0 0.93203125 0.56953125 0.0484375 0.05625
0 0.915625 0.6484375 0.0390625 0.0765625
0 0.8796875 0.98125 0.040625 0.0375
0 0.94140625 0.971875 0.0421875 0.05625
0 0.96796875 0.68125 0.040625 0.0609375
0 0.8 0.21328125 0.0375 0.0453125
0 0.81875 0.1890625 0.040625 0.0359375
0 0.58046875 0.296875 0.040625 0.059375
0 0.47578125 0.29296875 0.040625 0.0671875
0 0.49140625 0.22265625 0.0359375 0.0546875
0 0.33515625 0.28203125 0.0421875 0.06875
0 0.09375 0.428125 0.0296875 0.078125
0 0.3015625 0.76796875 0.0546875 0.0765625
0 0.375 0.87421875 0.053125 0.0890625
0 0.64296875 0.4828125 0.0734375 0.084375
0 0.48828125 0.4015625 0.0609375 0.0734375
0 0.425 0.35 0.05 0.06875
0 0.56484375 0.4203125 0.053125 0.06875
0 0.90234375 0.55078125 0.0296875 0.0453125
0 0.9703125 0.60078125 0.040625 0.059375