0 0.46875 0.4984375 0.1828125 0.14375
0 0.39296875 0.69921875 0.1734375 0.1984375
0 0.1796875 0.921875 0.0859375 0.109375
0 0.38828125 0.5234375 0.1328125 0.1484375
0 0.51484375 0.69453125 0.1875 0.140625
0 0.50859375 0.62578125 0.1578125 0.1390625
0 0.6703125 0.6765625 0.1703125 0.1890625
0 0.721875 0.6453125 0.159375 0.146875
0 0.75546875 0.57890625 0.2109375 0.1671875
0 0.54921875 0.87109375 0.1421875 0.1484375
0 0.53828125 0.78828125 0.16875 0.140625
0 0.690625 0.89765625 0.1703125 0.1546875
0 0.86171875 0.8796875 0.1609375 0.125
0 0.8609375 0.78984375 0.1890625 0.1765625
0 0.91875 0.70546875 0.1625 0.1671875