0 0.27890625 0.81015625 0.146875 0.1765625
0 0.48203125 0.896875 0.1546875 0.20625
0 0.55703125 0.79609375 0.128125 0.1828125
0 0.64765625 0.76796875 0.0953125 0.1484375
0 0.19609375 0.51328125 0.146875 0.1953125
0 0.18984375 0.44453125 0.1421875 0.134375
0 0.36484375 0.42421875 0.14375 0.1078125
0 0.39765625 0.57890625 0.1375 0.1734375
0 0.4640625 0.60625 0.1734375 0.153125
0 0.728125 0.8484375 0.10625 0.2015625
0 0.78828125 0.68125 0.128125 0.15
0 0.6328125 0.56640625 0.1140625 0.1828125
0 0.5796875 0.44921875 0.121875 0.146875
0 0.7078125 0.47265625 0.134375 0.1265625
0 0.52734375 0.2984375 0.15625 0.1859375
0 0.84609375 0.453125 0.1625 0.1953125