0 0.4390625 0.66640625 0.3265625 0.3125
0 0.5609375 0.153125 0.26875 0.30625
0 0.815625 0.22734375 0.1421875 0.2234375
0 0.65859375 0.68125 0.1828125 0.1859375
0 0.85078125 0.7984375 0.1 0.11875
0 0.8875 0.73984375 0.1359375 0.103125
0 0.92265625 0.5734375 0.128125 0.1484375
0 0.828125 0.571875 0.0890625 0.128125
0 0.21328125 0.740625 0.1203125 0.16875
0 0.0515625 0.60546875 0.103125 0.16875
0 0.19140625 0.51796875 0.134375 0.2484375
0 0.2828125 0.378125 0.11875 0.1640625
0 0.19375 0.1703125 0.103125 0.1984375
0 0.09375 0.1484375 0.1875 0.221875
0 0.3515625 0.34375 0.1140625 0.184375
0 0.4171875 0.35234375 0.1109375 0.178125
0 0.659375 0.4328125 0.1328125 0.1171875
0 0.76015625 0.39375 0.1265625 0.10625
0 0.92734375 0.4453125 0.121875 0.1234375
0 0.98125 0.85234375 0.0375 0.1171875
0 0.59609375 0.80546875 0.0984375 0.125
0 0.11640625 0.95078125 0.1390625 0.0984375
0 0.0828125 0.840625 0.109375 0.19375
0 0.4640625 0.93984375 0.165625 0.1203125
0 0.44140625 0.83671875 0.1453125 0.125
0 0.2609375 0.10859375 0.0609375 0.1671875
0 0.621875 0.27421875 0.109375 0.140625