0 0.85703125 0.09765625 0.1625 0.1453125
0 0.8578125 0.209375 0.140625 0.2171875
0 0.8375 0.259375 0.109375 0.128125
0 0.784375 0.3234375 0.11875 0.1546875
0 0.76328125 0.27734375 0.1109375 0.0984375
0 0.64375 0.171875 0.1546875 0.153125
0 0.64921875 0.1921875 0.09375 0.209375
0 0.459375 0.1328125 0.1015625 0.109375
0 0.3515625 0.0671875 0.1171875 0.1015625
0 0.4375 0.040625 0.09375 0.08125
0 0.5890625 0.0234375 0.109375 0.046875
0 0.75625 0.021875 0.1125 0.04375
0 0.9109375 0.52890625 0.178125 0.1890625
0 0.9515625 0.61171875 0.096875 0.0828125
0 0.946875 0.72578125 0.10625 0.1390625
0 0.8984375 0.821875 0.14375 0.2640625
0 0.69609375 0.8234375 0.11875 0.1734375
0 0.60546875 0.85 0.146875 0.1734375
0 0.275 0.83125 0.228125 0.1890625
0 0.22734375 0.66640625 0.1875 0.1671875
0 0.07890625 0.865625 0.0984375 0.26875
0 0.1140625 0.81640625 0.1203125 0.16875
0 0.0703125 0.52578125 0.140625 0.1921875
0 0.13828125 0.4625 0.13125 0.1390625
0 0.22890625 0.41328125 0.1859375 0.190625
0 0.31484375 0.35625 0.0828125 0.134375
0 0.3484375 0.29609375 0.090625 0.140625
0 0.3921875 0.21484375 0.1421875 0.1828125
0 0.29453125 0.20546875 0.096875 0.1296875
0 0.2359375 0.1171875 0.153125 0.1609375
0 0.16015625 0.21796875 0.2 0.1953125
0 0.071875 0.196875 0.14375 0.203125
0 0.0828125 0.3328125 0.165625 0.1875
0 0.01796875 0.12265625 0.0359375 0.1078125
0 0.71015625 0.37265625 0.0984375 0.134375
0 0.54140625 0.26171875 0.1 0.15
0 0.484375 0.27109375 0.115625 0.134375
0 0.54609375 0.47890625 0.159375 0.171875
0 0.425 0.596875 0.1734375 0.25625
0 0.51328125 0.59296875 0.0921875 0.1765625
0 0.42578125 0.44296875 0.1296875 0.125
0 0.55 0.38359375 0.1609375 0.14375
0 0.89453125 0.39296875 0.103125 0.1