0 0.534375 0.271875 0.2484375 0.4671875
0 0.6875 0.16484375 0.18125 0.1765625
0 0.78515625 0.07734375 0.1765625 0.1546875
0 0.91640625 0.2046875 0.14375 0.234375
0 0.940625 0.4421875 0.11875 0.15625
0 0.778125 0.46015625 0.190625 0.184375
0 0.90546875 0.72421875 0.1890625 0.1046875
0 0.6421875 0.653125 0.1953125 0.1453125
0 0.56796875 0.709375 0.1203125 0.153125
0 0.35859375 0.54609375 0.1296875 0.1265625
0 0.12578125 0.64765625 0.2515625 0.3828125
0 0.2703125 0.85234375 0.115625 0.190625
0 0.31640625 0.7328125 0.1390625 0.1171875
0 0.44921875 0.9 0.159375 0.1140625
0 0.5765625 0.90546875 0.2125 0.1890625
0 0.0765625 0.16328125 0.1484375 0.246875
0 0.24296875 0.16875 0.109375 0.2828125
0 0.21328125 0.2921875 0.228125 0.2171875
0 0.43359375 0.21640625 0.1359375 0.1265625
0 0.34296875 0.0578125 0.1328125 0.1046875
0 0.3484375 0.13828125 0.1203125 0.128125
0 0.3375 0.25625 0.109375 0.1203125
0 0.6921875 0.33359375 0.1015625 0.125
0 0.83125 0.1859375 0.1125 0.15625
0 0.86953125 0.3390625 0.153125 0.1640625
0 0.825 0.7765625 0.153125 0.21875