0 0.3921875 0.24765625 0.10625 0.1078125
0 0.24140625 0.3265625 0.1109375 0.1078125
0 0.590625 0.19296875 0.10625 0.0921875
0 0.65234375 0.34375 0.125 0.1203125
0 0.91484375 0.55390625 0.140625 0.1765625
0 0.49921875 0.575 0.1546875 0.1078125
0 0.36171875 0.38984375 0.1203125 0.140625
0 0.5625 0.47890625 0.15 0.15625
0 0.51875 0.2640625 0.0546875 0.05625
0 0.1390625 0.4203125 0.11875 0.1
0 0.83828125 0.909375 0.1859375 0.18125
0 0.1578125 0.571875 0.159375 0.134375
0 0.54609375 0.89921875 0.1625 0.128125