0 0.38125 0.93984375 0.1625 0.1203125
0 0.153125 0.81484375 0.115625 0.1625
0 0.21484375 0.81484375 0.128125 0.146875
0 0.2140625 0.72109375 0.11875 0.1390625
0 0.309375 0.7625 0.2234375 0.2015625
0 0.43671875 0.86015625 0.1640625 0.146875
0 0.5515625 0.8234375 0.1484375 0.253125
0 0.21328125 0.121875 0.234375 0.18125
0 0.52890625 0.13828125 0.1671875 0.2765625
0 0.43984375 0.72421875 0.1765625 0.225
0 0.38359375 0.425 0.1265625 0.303125
0 0.24609375 0.5984375 0.1671875 0.190625
0 0.696875 0.1703125 0.171875 0.340625