0 0.93671875 0.42734375 0.1265625 0.1609375
0 0.95390625 0.19140625 0.0921875 0.1703125
0 0.86640625 0.27109375 0.115625 0.1578125
0 0.81953125 0.42578125 0.175 0.171875
0 0.8203125 0.71875 0.140625 0.15625
0 0.89140625 0.84375 0.1234375 0.29375
0 0.4921875 0.82734375 0.315625 0.24375
0 0.15859375 0.871875 0.11875 0.1484375
0 0.21171875 0.58125 0.103125 0.196875
0 0.340625 0.3390625 0.1359375 0.2
0 0.49921875 0.309375 0.1046875 0.1671875
0 0.56484375 0.44140625 0.1296875 0.1171875
0 0.65078125 0.278125 0.1328125 0.1421875
0 0.68984375 0.13515625 0.1296875 0.153125
0 0.71015625 0.2 0.084375 0.225
0 0.7875 0.18515625 0.128125 0.146875
0 0.51640625 0.628125 0.1421875 0.1765625
0 0.61640625 0.62265625 0.1859375 0.1578125
0 0.6765625 0.5734375 0.1515625 0.125
0 0.64609375 0.73203125 0.1421875 0.1921875
0 0.32578125 0.70546875 0.1578125 0.1359375
0 0.12890625 0.67265625 0.1265625 0.128125
0 0.134375 0.16484375 0.090625 0.1265625
0 0.38515625 0.15546875 0.1171875 0.1296875
0 0.50546875 0.08046875 0.1265625 0.1203125
0 0.1390625 0.2765625 0.1359375 0.13125
0 0.29453125 0.5609375 0.1 0.1109375
0 0.3453125 0.46484375 0.0953125 0.15
0 0.25 0.88359375 0.0875 0.159375