0 0.434375 0.37578125 0.0875 0.0609375
0 0.58125 0.2890625 0.0921875 0.084375
0 0.5359375 0.10625 0.0734375 0.109375
0 0.82265625 0.1984375 0.1125 0.0625
0 0.9421875 0.34921875 0.0875 0.0453125
0 0.3421875 0.4703125 0.0703125 0.06875
0 0.51484375 0.55703125 0.0734375 0.04375
0 0.6625 0.43125 0.1171875 0.084375
0 0.4046875 0.12109375 0.0640625 0.0515625
0 0.44921875 0.175 0.0765625 0.05
0 0.31796875 0.28046875 0.0578125 0.059375
0 0.159375 0.06484375 0.071875 0.0796875
0 0.19296875 0.31640625 0.1015625 0.0953125
0 0.22890625 0.4515625 0.1046875 0.05625
0 0.22734375 0.56328125 0.078125 0.0703125