0 0.77421875 0.04609375 0.2421875 0.0921875
0 0.65390625 0.05390625 0.1234375 0.1078125
0 0.53671875 0.14296875 0.0875 0.0796875
0 0.8140625 0.328125 0.3375 0.20625
0 0.596875 0.37109375 0.1171875 0.128125
0 0.49765625 0.4125 0.1875 0.1203125
0 0.4546875 0.68515625 0.209375 0.178125
0 0.34453125 0.5984375 0.06875 0.06875
0 0.465625 0.5375 0.0765625 0.0796875
0 0.603125 0.51796875 0.08125 0.08125
0 0.7375 0.53203125 0.125 0.103125
0 0.65546875 0.4796875 0.065625 0.05
0 0.55234375 0.4703125 0.06875 0.053125
0 0.40625 0.49296875 0.053125 0.046875
0 0.3140625 0.48125 0.0421875 0.078125
0 0.06171875 0.47265625 0.1234375 0.0796875
0 0.0421875 0.51953125 0.0828125 0.065625
0 0.28515625 0.6640625 0.0875 0.078125
0 0.93671875 0.33203125 0.0890625 0.084375