0 0.27578125 0.825 0.2140625 0.215625
0 0.378125 0.93828125 0.090625 0.109375
0 0.43125 0.975 0.0671875 0.0484375
0 0.5046875 0.95 0.0671875 0.0625
0 0.778125 0.9359375 0.0734375 0.065625
0 0.8515625 0.8578125 0.1 0.0921875
0 0.8375 0.97421875 0.053125 0.0515625
0 0.9359375 0.63125 0.10625 0.096875
0 0.89453125 0.54453125 0.0875 0.071875
0 0.8015625 0.39375 0.140625 0.1140625
0 0.35 0.49453125 0.09375 0.0625
0 0.2875 0.43671875 0.1234375 0.121875
0 0.265625 0.5296875 0.0921875 0.0828125
0 0.25 0.63828125 0.1015625 0.08125
0 0.19375 0.59453125 0.0875 0.0703125
0 0.11015625 0.52578125 0.2203125 0.1328125
0 0.17421875 0.41875 0.1015625 0.059375
0 0.2140625 0.4671875 0.0671875 0.04375
0 0.184375 0.72265625 0.08125 0.0953125
0 0.43203125 0.840625 0.0578125 0.0578125
0 0.59296875 0.71171875 0.0625 0.084375