0 0.59375 0.37734375 0.1546875 0.1796875
0 0.59296875 0.578125 0.1859375 0.253125
0 0.60703125 0.76640625 0.171875 0.25
0 0.82578125 0.55546875 0.16875 0.1765625
0 0.8734375 0.3765625 0.178125 0.184375
0 0.96328125 0.4328125 0.0734375 0.146875
0 0.8125 0.19453125 0.0921875 0.121875
0 0.87265625 0.06875 0.1 0.084375
0 0.25 0.53984375 0.1984375 0.3
0 0.246875 0.7375 0.1421875 0.334375
0 0.34140625 0.0828125 0.0421875 0.0546875
0 0.40078125 0.10703125 0.046875 0.0609375
0 0.41171875 0.065625 0.03125 0.0453125
0 0.50703125 0.1015625 0.0484375 0.059375
0 0.4453125 0.15859375 0.0484375 0.0484375
0 0.39296875 0.3515625 0.046875 0.059375
0 0.33671875 0.31953125 0.04375 0.05
0 0.03359375 0.68828125 0.0578125 0.09375
0 0.31875 0.690625 0.059375 0.0765625
0 0.32265625 0.6046875 0.040625 0.06875
0 0.43125 0.53359375 0.05 0.10625
0 0.54453125 0.4953125 0.0453125 0.0734375
0 0.79375 0.88359375 0.171875 0.2328125