0 0.67265625 0.10625 0.2359375 0.2125
0 0.8859375 0.3625 0.209375 0.15
0 0.871875 0.44765625 0.1234375 0.11875
0 0.91171875 0.546875 0.11875 0.1
0 0.928125 0.7375 0.14375 0.309375
0 0.81171875 0.6609375 0.0875 0.1421875
0 0.61328125 0.7703125 0.1203125 0.1859375
0 0.45234375 0.82265625 0.103125 0.1609375
0 0.42890625 0.77578125 0.15 0.171875
0 0.40234375 0.9796875 0.0828125 0.040625
0 0.23984375 0.9453125 0.2109375 0.109375
0 0.2734375 0.77109375 0.203125 0.1796875
0 0.140625 0.70625 0.1015625 0.103125
0 0.0703125 0.62578125 0.1359375 0.1828125
0 0.11640625 0.58046875 0.090625 0.0796875
0 0.20703125 0.57734375 0.128125 0.1203125
0 0.26484375 0.5859375 0.0875 0.1
0 0.2671875 0.47734375 0.096875 0.0859375
0 0.259375 0.30859375 0.096875 0.1234375
0 0.3 0.24296875 0.1265625 0.11875
0 0.06328125 0.39453125 0.1265625 0.1484375
0 0.42578125 0.56171875 0.109375 0.090625
0 0.41953125 0.6953125 0.0484375 0.078125
0 0.7234375 0.421875 0.125 0.1328125
0 0.35 0.53203125 0.0703125 0.1109375
0 0.48515625 0.634375 0.1140625 0.1125
0 0.54140625 0.7234375 0.075 0.09375
0 0.675 0.58515625 0.08125 0.084375
0 0.6390625 0.51171875 0.05 0.0703125