0 0.5203125 0.15703125 0.2 0.1796875
0 0.203125 0.0890625 0.23125 0.178125
0 0.13046875 0.1875 0.0984375 0.1765625
0 0.05078125 0.32734375 0.071875 0.1203125
0 0.04921875 0.43515625 0.0984375 0.1265625
0 0.06796875 0.5796875 0.1296875 0.1375
0 0.08203125 0.7359375 0.1640625 0.165625
0 0.21171875 0.65546875 0.1609375 0.190625
0 0.20703125 0.75625 0.0984375 0.121875
0 0.45390625 0.4828125 0.2046875 0.275
0 0.35859375 0.5109375 0.2046875 0.246875
0 0.57421875 0.36015625 0.2515625 0.2828125
0 0.6203125 0.54765625 0.275 0.31875
0 0.84921875 0.26640625 0.059375 0.059375
0 0.94609375 0.2015625 0.05625 0.059375
0 0.99296875 0.32890625 0.0140625 0.0671875
0 0.94921875 0.29921875 0.0578125 0.053125
0 0.91953125 0.3953125 0.0453125 0.05625
0 0.93984375 0.4484375 0.053125 0.078125
0 0.825 0.6078125 0.05625 0.0640625
0 0.721875 0.47109375 0.0625 0.06875
0 0.771875 0.80234375 0.0578125 0.0734375
0 0.81796875 0.68828125 0.053125 0.0578125
0 0.925 0.71171875 0.05625 0.059375
0 0.846875 0.90625 0.059375 0.1
0 0.78515625 0.9203125 0.05625 0.1015625
0 0.87734375 0.31953125 0.0421875 0.0734375
0 0.7078125 0.10859375 0.0578125 0.0671875
0 0.31328125 0.2171875 0.075 0.1109375
0 0.42265625 0.1296875 0.115625 0.159375
0 0.17109375 0.28125 0.1390625 0.3234375
0 0.1859375 0.17890625 0.0828125 0.11875
0 0.27265625 0.384375 0.0953125 0.1078125
0 0.33203125 0.28203125 0.071875 0.053125