0 0.696875 0.65703125 0.159375 0.165625
0 0.47421875 0.64140625 0.2953125 0.2125
0 0.61953125 0.4375 0.1453125 0.15
0 0.434375 0.340625 0.2828125 0.2359375
0 0.434375 0.87578125 0.278125 0.2484375
0 0.51875 0.8875 0.196875 0.1484375
0 0.30859375 0.65390625 0.1109375 0.084375
0 0.34609375 0.5171875 0.0703125 0.075
0 0.375 0.44140625 0.0953125 0.0828125
0 0.4109375 0.521875 0.0640625 0.0703125
0 0.35859375 0.7515625 0.1015625 0.084375
0 0.2828125 0.54609375 0.06875 0.0640625
0 0.30390625 0.571875 0.0890625 0.0640625
0 0.85 0.47265625 0.065625 0.0625
0 0.92265625 0.34921875 0.11875 0.1
0 0.8578125 0.525 0.0890625 0.0765625
0 0.54921875 0.725 0.0765625 0.0828125
0 0.58125 0.50234375 0.0734375 0.0828125