0 0.40390625 0.5796875 0.2578125 0.4640625
0 0.625 0.80625 0.2 0.3875
0 0.7328125 0.7890625 0.1890625 0.271875
0 0.828125 0.87109375 0.190625 0.2578125
0 0.8359375 0.7140625 0.125 0.1234375
0 0.88515625 0.67109375 0.1125 0.121875
0 0.74375 0.61875 0.1359375 0.13125
0 0.6171875 0.58046875 0.1046875 0.1484375
0 0.640625 0.5 0.178125 0.171875
0 0.59140625 0.3578125 0.1 0.175
0 0.87890625 0.38203125 0.2421875 0.3203125
0 0.815625 0.27734375 0.13125 0.184375
0 0.7375 0.3046875 0.15 0.146875
0 0.95078125 0.59453125 0.0984375 0.1984375
0 0.65546875 0.1203125 0.16875 0.1765625
0 0.6125 0.0640625 0.115625 0.11875
0 0.51015625 0.0734375 0.1359375 0.146875
0 0.46015625 0.04375 0.1015625 0.0875
0 0.3828125 0.0625 0.096875 0.125
0 0.31171875 0.07578125 0.1328125 0.1515625
0 0.18828125 0.1453125 0.1984375 0.1234375
0 0.26796875 0.22578125 0.1109375 0.1359375
0 0.228125 0.45234375 0.1921875 0.2296875
0 0.08203125 0.4265625 0.1640625 0.16875
0 0.09453125 0.55390625 0.1890625 0.1515625
0 0.0390625 0.71640625 0.078125 0.2328125
0 0.09765625 0.74765625 0.1421875 0.196875
0 0.1171875 0.8171875 0.2109375 0.2109375
0 0.221875 0.75546875 0.1828125 0.2125
0 0.02890625 0.8234375 0.0578125 0.1375
0 0.29765625 0.9265625 0.16875 0.1125
0 0.44375 0.94296875 0.1125 0.1140625
0 0.33515625 0.88125 0.1046875 0.1109375
0 0.70234375 0.94453125 0.0796875 0.1109375
0 0.17109375 0.01484375 0.1671875 0.0296875
0 0.51640625 0.22265625 0.1015625 0.1484375
0 0.415625 0.31875 0.2109375 0.1921875
0 0.28046875 0.540625 0.103125 0.140625
0 0.2609375 0.6234375 0.1015625 0.1109375
0 0.41875 0.734375 0.09375 0.090625
0 0.4921875 0.70625 0.1609375 0.1875
0 0.49453125 0.79453125 0.1453125 0.13125
0 0.3921875 0.81171875 0.0734375 0.096875
0 0.11796875 0.240625 0.175 0.1671875