0 0.53125 0.3234375 0.2296875 0.18125
0 0.57109375 0.23203125 0.196875 0.15
0 0.6515625 0.1859375 0.11875 0.1765625
0 0.7046875 0.32265625 0.103125 0.0984375
0 0.90859375 0.28984375 0.109375 0.259375
0 0.93984375 0.521875 0.1203125 0.1875
0 0.84765625 0.3421875 0.1375 0.1171875
0 0.8390625 0.453125 0.10625 0.2171875
0 0.86875 0.64453125 0.10625 0.1078125
0 0.93359375 0.69140625 0.0640625 0.1546875
0 0.8671875 0.746875 0.0828125 0.1375
0 0.8359375 0.921875 0.1625 0.121875
0 0.7296875 0.784375 0.153125 0.2046875
0 0.61640625 0.5921875 0.1890625 0.1890625
0 0.56015625 0.5140625 0.18125 0.1875
0 0.421875 0.51328125 0.240625 0.2625
0 0.81640625 0.075 0.11875 0.1
0 0.80234375 0.25 0.0578125 0.11875
0 0.11796875 0.071875 0.14375 0.1328125
0 0.44921875 0.11796875 0.071875 0.0625
0 0.19609375 0.6359375 0.0578125 0.0609375
0 0.03671875 0.52890625 0.05 0.065625
0 0.18828125 0.42421875 0.0390625 0.05