0 0.328125 0.38671875 0.10625 0.090625
0 0.17578125 0.61484375 0.075 0.1390625
0 0.23671875 0.70546875 0.0734375 0.0640625
0 0.61640625 0.684375 0.065625 0.115625
0 0.76640625 0.71953125 0.0625 0.1
0 0.8375 0.821875 0.1234375 0.084375
0 0.94453125 0.7625 0.0984375 0.11875
0 0.775 0.9546875 0.090625 0.090625
0 0.69453125 0.35390625 0.071875 0.08125
0 0.459375 0.7609375 0.0578125 0.0796875
0 0.64609375 0.77890625 0.0875 0.0640625
0 0.328125 0.31796875 0.0875 0.090625
0 0.2265625 0.5953125 0.059375 0.0875