0 0.7875 0.33984375 0.1125 0.1296875
0 0.95546875 0.34453125 0.05625 0.1015625
0 0.93203125 0.2921875 0.040625 0.0625
0 0.909375 0.61171875 0.040625 0.0921875
0 0.79140625 0.615625 0.04375 0.05
0 0.75390625 0.58359375 0.04375 0.0625
0 0.64296875 0.57265625 0.0328125 0.059375
0 0.6515625 0.66328125 0.0390625 0.090625
0 0.61640625 0.70078125 0.05 0.04375
0 0.14453125 0.46171875 0.1171875 0.1109375
0 0.12421875 0.36640625 0.065625 0.05625
0 0.1453125 0.2671875 0.0859375 0.0703125
0 0.31875 0.275 0.096875 0.0921875
0 0.40703125 0.6046875 0.059375 0.0625
0 0.3421875 0.175 0.0734375 0.08125
0 0.225 0.09765625 0.0484375 0.065625
0 0.58984375 0.16171875 0.071875 0.078125
0 0.3125 0.46015625 0.0703125 0.0640625
0 0.3125 0.61328125 0.0546875 0.084375