0 0.55859375 0.27109375 0.1765625 0.1484375
0 0.57734375 0.36875 0.1734375 0.115625
0 0.640625 0.2078125 0.184375 0.15
0 0.51953125 0.128125 0.165625 0.1140625
0 0.24609375 0.234375 0.1734375 0.1296875
0 0.2859375 0.4203125 0.14375 0.1171875
0 0.325 0.471875 0.134375 0.109375
0 0.421875 0.3171875 0.146875 0.1140625
0 0.39609375 0.42109375 0.1734375 0.1390625
0 0.44921875 0.609375 0.1671875 0.13125
0 0.55625 0.584375 0.1328125 0.1484375
0 0.584375 0.49140625 0.1671875 0.1421875
0 0.684375 0.4140625 0.1390625 0.1234375
0 0.80546875 0.44296875 0.103125 0.0859375
0 0.70234375 0.52109375 0.146875 0.1234375
0 0.66796875 0.57265625 0.1390625 0.134375
0 0.68203125 0.64296875 0.175 0.1203125
0 0.640625 0.72578125 0.1203125 0.1109375