0 0.91171875 0.92421875 0.1359375 0.1
0 0.78359375 0.7671875 0.1359375 0.09375
0 0.6171875 0.809375 0.121875 0.1203125
0 0.59921875 0.94296875 0.1171875 0.103125
0 0.428125 0.903125 0.1171875 0.0828125
0 0.4234375 0.765625 0.10625 0.1078125
0 0.334375 0.796875 0.0859375 0.0859375
0 0.1734375 0.82734375 0.171875 0.1109375
0 0.21328125 0.69140625 0.1234375 0.096875
0 0.32265625 0.70390625 0.128125 0.0890625
0 0.415625 0.71484375 0.084375 0.0828125
0 0.49140625 0.68125 0.103125 0.071875
0 0.6015625 0.68671875 0.0859375 0.05625
0 0.64609375 0.65234375 0.1015625 0.071875
0 0.75703125 0.66484375 0.125 0.0796875
0 0.80078125 0.61875 0.1125 0.06875
0 0.24140625 0.921875 0.084375 0.05
0 0.3171875 0.88828125 0.1140625 0.090625
0 0.26328125 0.6390625 0.0921875 0.0671875
0 0.1359375 0.59296875 0.171875 0.140625
0 0.328125 0.63828125 0.10625 0.08125
0 0.54609375 0.6140625 0.1203125 0.0671875
0 0.5421875 0.49921875 0.0984375 0.0984375
0 0.36875 0.5453125 0.0671875 0.0640625
0 0.18515625 0.42109375 0.14375 0.1171875
0 0.053125 0.453125 0.10625 0.0734375
0 0.1296875 0.47890625 0.0921875 0.053125
0 0.2359375 0.5484375 0.0796875 0.0640625
0 0.38359375 0.34453125 0.1203125 0.0640625
0 0.56328125 0.33671875 0.171875 0.121875
0 0.68828125 0.2203125 0.1203125 0.078125
0 0.2296875 0.3265625 0.1359375 0.0921875
0 0.1140625 0.2953125 0.125 0.0828125
0 0.03828125 0.38125 0.06875 0.0671875
0 0.04140625 0.29375 0.065625 0.075
0 0.0390625 0.23046875 0.0546875 0.06875
0 0.14921875 0.25390625 0.0921875 0.065625
0 0.140625 0.046875 0.11875 0.09375
0 0.18203125 0.04453125 0.1234375 0.0890625
0 0.3421875 0.19453125 0.15 0.1140625
0 0.43828125 0.20625 0.0984375 0.0703125
0 0.53515625 0.128125 0.1046875 0.0703125
0 0.45078125 0.0796875 0.0671875 0.0484375
0 0.79609375 0.16171875 0.1375 0.090625
0 0.9453125 0.23359375 0.109375 0.0796875
0 0.89765625 0.48515625 0.0859375 0.0515625
0 0.81484375 0.43984375 0.0984375 0.0875
0 0.68359375 0.45625 0.1046875 0.08125
0 0.35234375 0.09609375 0.1234375 0.0734375
0 0.49140625 0.240625 0.1 0.0859375
0 0.584375 0.26875 0.09375 0.071875
0 0.69140625 0.3390625 0.0921875 0.0890625
0 0.9609375 0.45546875 0.078125 0.0703125