0 0.10234375 0.665625 0.1984375 0.2609375
0 0.1984375 0.63359375 0.1421875 0.1734375
0 0.18125 0.465625 0.225 0.2875
0 0.27734375 0.42890625 0.19375 0.209375
0 0.21875 0.2875 0.228125 0.253125
0 0.40234375 0.328125 0.20625 0.1875
0 0.4953125 0.2765625 0.2671875 0.3484375
0 0.29375 0.13828125 0.2375 0.2484375
0 0.46484375 0.590625 0.1875 0.3296875
0 0.36796875 0.6265625 0.190625 0.175
0 0.1875 0.77265625 0.1890625 0.2125
0 0.0953125 0.81484375 0.075 0.115625
0 0.53125 0.76171875 0.1734375 0.159375
0 0.52265625 0.87421875 0.128125 0.1984375
0 0.453125 0.92265625 0.13125 0.1546875
0 0.75 0.8609375 0.115625 0.153125
0 0.634375 0.725 0.0671875 0.06875
0 0.6 0.64921875 0.115625 0.165625
0 0.78828125 0.621875 0.2578125 0.325
0 0.925 0.85859375 0.109375 0.159375