0 0.8015625 0.72421875 0.128125 0.153125
0 0.890625 0.45390625 0.153125 0.15
0 0.77421875 0.53125 0.18125 0.14375
0 0.67265625 0.52265625 0.1265625 0.1140625
0 0.67734375 0.72890625 0.1171875 0.1140625
0 0.46953125 0.665625 0.1515625 0.1546875
0 0.36328125 0.66171875 0.140625 0.1390625
0 0.16484375 0.91484375 0.1484375 0.140625
0 0.159375 0.78984375 0.159375 0.13125
0 0.71328125 0.25859375 0.1546875 0.159375
0 0.7546875 0.37421875 0.15625 0.128125
0 0.89921875 0.3328125 0.1734375 0.1265625
0 0.8921875 0.25078125 0.1453125 0.09375
0 0.60859375 0.2734375 0.175 0.1484375
0 0.57109375 0.41171875 0.15 0.125
0 0.29375 0.25 0.178125 0.159375
0 0.096875 0.1765625 0.1640625 0.115625
0 0.653125 0.040625 0.15 0.08125
0 0.82734375 0.1875 0.19375 0.1484375