0 0.92265625 0.53359375 0.0734375 0.1265625
0 0.8640625 0.5453125 0.0875 0.0734375
0 0.78046875 0.50859375 0.0921875 0.103125
0 0.66171875 0.34375 0.1015625 0.1328125
0 0.40859375 0.39375 0.109375 0.1140625
0 0.40703125 0.32734375 0.0734375 0.0875
0 0.22734375 0.3625 0.1171875 0.1171875
0 0.4109375 0.4609375 0.090625 0.1328125
0 0.35625 0.49140625 0.05 0.0984375
0 0.39296875 0.56171875 0.140625 0.1578125
0 0.23828125 0.6359375 0.0859375 0.103125
0 0.209375 0.58828125 0.059375 0.075
0 0.21171875 0.8296875 0.109375 0.125
0 0.01796875 0.86953125 0.0359375 0.0640625
0 0.40546875 0.690625 0.115625 0.1296875
0 0.38359375 0.646875 0.071875 0.084375
0 0.6046875 0.80625 0.115625 0.11875
0 0.61484375 0.5875 0.08125 0.0890625
0 0.6578125 0.58984375 0.096875 0.1390625
0 0.815625 0.603125 0.075 0.09375
0 0.859375 0.82265625 0.084375 0.0921875
0 0.878125 0.92265625 0.075 0.1375
0 0.51484375 0.52109375 0.0765625 0.103125
0 0.721875 0.39453125 0.059375 0.05625