0 0.621875 0.33515625 0.0828125 0.0984375
0 0.728125 0.81640625 0.1078125 0.1421875
0 0.58125 0.84140625 0.0984375 0.115625
0 0.5625 0.6640625 0.0796875 0.13125
0 0.42578125 0.7046875 0.1015625 0.1046875
0 0.31953125 0.521875 0.0015625 0.0015625
0 0.278125 0.484375 0.103125 0.1625
0 0.2078125 0.396875 0.0578125 0.078125
0 0.27109375 0.3140625 0.078125 0.08125
0 0.32421875 0.24609375 0.0546875 0.096875
0 0.040625 0.3484375 0.0671875 0.0703125
0 0.0359375 0.29375 0.0515625 0.0875
0 0.0609375 0.54140625 0.0875 0.1109375
0 0.0921875 0.6109375 0.0671875 0.1015625
0 0.14921875 0.6421875 0.11875 0.15
0 0.35859375 0.57734375 0.0390625 0.0671875
0 0.653125 0.49140625 0.0453125 0.0984375
0 0.91796875 0.971875 0.0515625 0.05625