0 0.390625 0.37265625 0.06875 0.090625
0 0.43515625 0.46484375 0.0453125 0.06875
0 0.603125 0.53125 0.05625 0.0953125
0 0.84296875 0.5390625 0.0875 0.1171875
0 0.67734375 0.79609375 0.071875 0.0921875
0 0.5984375 0.77890625 0.05 0.115625
0 0.71484375 0.775 0.0453125 0.06875
0 0.575 0.59296875 0.046875 0.0703125
0 0.40859375 0.534375 0.0953125 0.1296875
0 0.47109375 0.61640625 0.0921875 0.084375
0 0.421875 0.6453125 0.0609375 0.1046875
0 0.315625 0.54140625 0.0734375 0.0953125
0 0.1984375 0.325 0.1 0.1078125
0 0.225 0.36953125 0.05625 0.06875
0 0.16171875 0.45390625 0.05 0.05625
0 0.04375 0.44453125 0.0875 0.0703125
0 0.10546875 0.525 0.059375 0.08125
0 0.1703125 0.659375 0.0546875 0.0703125
0 0.24453125 0.72578125 0.0328125 0.084375
0 0.046875 0.71328125 0.0828125 0.1046875
0 0.0171875 0.575 0.03125 0.0640625