0 0.415625 0.4515625 0.2984375 0.2234375
0 0.290625 0.34921875 0.184375 0.134375
0 0.1640625 0.46015625 0.140625 0.10625
0 0.1578125 0.1984375 0.1671875 0.1578125
0 0.28984375 0.040625 0.1046875 0.08125
0 0.43671875 0.12265625 0.1203125 0.125
0 0.46953125 0.17734375 0.175 0.1453125
0 0.590625 0.09296875 0.1375 0.1328125
0 0.67265625 0.28359375 0.2765625 0.215625
0 0.8625 0.303125 0.24375 0.1859375
0 0.8921875 0.146875 0.215625 0.16875
0 0.87578125 0.0984375 0.2484375 0.18125
0 0.790625 0.446875 0.140625 0.090625
0 0.71640625 0.5046875 0.1875 0.125
0 0.8421875 0.715625 0.309375 0.2453125
0 0.51171875 0.8046875 0.2140625 0.1375
0 0.3328125 0.67734375 0.134375 0.1140625
0 0.34140625 0.834375 0.159375 0.115625
0 0.18828125 0.634375 0.0828125 0.1125
0 0.22578125 0.52734375 0.0875 0.140625
0 0.0546875 0.61484375 0.109375 0.1578125
0 0.0453125 0.8484375 0.090625 0.125
0 0.9171875 0.87109375 0.1453125 0.1234375