0 0.85625 0.67890625 0.1078125 0.11875
0 0.88984375 0.96171875 0.0671875 0.0765625
0 0.81328125 0.96953125 0.1109375 0.0609375
0 0.65625 0.79453125 0.128125 0.1203125
0 0.66015625 0.6703125 0.1109375 0.1078125
0 0.68359375 0.584375 0.121875 0.14375
0 0.76171875 0.5921875 0.09375 0.1375
0 0.7171875 0.4078125 0.0828125 0.1328125
0 0.65390625 0.3734375 0.0921875 0.1375
0 0.7234375 0.2984375 0.0828125 0.1078125
0 0.65 0.26015625 0.0984375 0.109375
0 0.5828125 0.2125 0.075 0.1015625
0 0.540625 0.37265625 0.084375 0.1
0 0.5578125 0.45078125 0.078125 0.1
0 0.6 0.4265625 0.065625 0.10625
0 0.47265625 0.39609375 0.065625 0.109375
0 0.52421875 0.31640625 0.0625 0.103125
0 0.4515625 0.3046875 0.084375 0.0890625
0 0.3625 0.2875 0.084375 0.0953125
0 0.21328125 0.3671875 0.1078125 0.090625
0 0.30703125 0.4078125 0.1046875 0.11875
0 0.1875 0.50546875 0.0890625 0.1171875
0 0.16875 0.60234375 0.0875 0.11875
0 0.49140625 0.5671875 0.0921875 0.0921875
0 0.42265625 0.4859375 0.071875 0.1078125
0 0.3921875 0.43984375 0.0734375 0.1203125
0 0.56015625 0.94609375 0.1484375 0.1078125
0 0.56328125 0.84921875 0.140625 0.15625
0 0.5078125 0.765625 0.115625 0.121875
0 0.49375 0.684375 0.10625 0.1328125