0 0.275 0.6359375 0.1125 0.11875
0 0.17109375 0.7640625 0.078125 0.11875
0 0.1078125 0.921875 0.075 0.0828125
0 0.20390625 0.84453125 0.0546875 0.0765625
0 0.29609375 0.92734375 0.065625 0.09375
0 0.340625 0.8359375 0.065625 0.096875
0 0.51953125 0.896875 0.1171875 0.1109375
0 0.5578125 0.81328125 0.0921875 0.109375
0 0.6203125 0.825 0.059375 0.0796875
0 0.6984375 0.77421875 0.11875 0.0859375
0 0.8140625 0.89765625 0.1421875 0.1421875
0 0.9078125 0.946875 0.13125 0.10625
0 0.9015625 0.80625 0.1609375 0.14375
0 0.9375 0.653125 0.1125 0.1109375
0 0.82578125 0.5734375 0.134375 0.1046875
0 0.8265625 0.490625 0.1359375 0.0953125
0 0.840625 0.39609375 0.1640625 0.0984375
0 0.93671875 0.58671875 0.125 0.121875
0 0.95625 0.3453125 0.0875 0.125
0 0.69453125 0.31953125 0.1390625 0.0859375
0 0.65234375 0.43359375 0.128125 0.096875
0 0.46328125 0.44921875 0.10625 0.121875
0 0.4046875 0.5640625 0.1515625 0.121875
0 0.265625 0.5109375 0.109375 0.0859375
0 0.5203125 0.3421875 0.0859375 0.1
0 0.4453125 0.1890625 0.1015625 0.109375
0 0.45546875 0.290625 0.0765625 0.0765625
0 0.640625 0.15390625 0.1234375 0.1
0 0.83125 0.0703125 0.128125 0.1046875
0 0.93125 0.096875 0.1375 0.14375
0 0.70546875 0.64453125 0.0875 0.109375
0 0.63671875 0.61484375 0.090625 0.096875
0 0.540625 0.58984375 0.1078125 0.1140625
0 0.45859375 0.72578125 0.1296875 0.0984375