0 0.91015625 0.48671875 0.1796875 0.3390625
0 0.7703125 0.58984375 0.1703125 0.3421875
0 0.67578125 0.6578125 0.2265625 0.265625
0 0.6703125 0.84765625 0.209375 0.2546875
0 0.55625 0.78125 0.1703125 0.221875
0 0.50703125 0.91484375 0.1578125 0.1703125
0 0.3859375 0.74921875 0.253125 0.3140625
0 0.61953125 0.24921875 0.1875 0.1640625
0 0.59609375 0.359375 0.165625 0.171875
0 0.671875 0.08203125 0.11875 0.1375
0 0.584375 0.071875 0.0921875 0.1375
0 0.41953125 0.06328125 0.0984375 0.1265625
0 0.26640625 0.0328125 0.1796875 0.065625
0 0.31796875 0.2421875 0.1765625 0.1265625
0 0.9015625 0.34375 0.184375 0.1984375
0 0.84609375 0.47734375 0.1390625 0.1421875
0 0.4875 0.30859375 0.115625 0.171875