0 0.09375 0.39296875 0.0640625 0.128125
0 0.0578125 0.45234375 0.053125 0.065625
0 0.1828125 0.45859375 0.0390625 0.059375
0 0.18203125 0.75859375 0.0734375 0.078125
0 0.4 0.69453125 0.0734375 0.1078125
0 0.65625 0.65 0.0734375 0.0609375
0 0.4609375 0.5296875 0.0734375 0.0609375
0 0.5078125 0.46171875 0.0765625 0.05625
0 0.4703125 0.375 0.06875 0.0453125
0 0.35703125 0.33359375 0.04375 0.071875
0 0.26796875 0.74921875 0.0640625 0.103125
0 0.23671875 0.609375 0.0453125 0.09375
0 0.5265625 0.346875 0.0609375 0.05
0 0.615625 0.521875 0.0515625 0.065625
0 0.6203125 0.89609375 0.0359375 0.071875