0 0.43046875 0.7921875 0.1890625 0.175
0 0.49921875 0.953125 0.1515625 0.09375
0 0.61875 0.946875 0.1140625 0.0953125
0 0.803125 0.88828125 0.1078125 0.0875
0 0.90546875 0.5671875 0.171875 0.1421875
0 0.37421875 0.54375 0.115625 0.128125
0 0.271875 0.70859375 0.1890625 0.1375
0 0.1640625 0.84921875 0.1890625 0.125
0 0.28515625 0.87421875 0.065625 0.0734375
0 0.328125 0.97109375 0.05625 0.0578125
0 0.23984375 0.9234375 0.0828125 0.090625
0 0.39921875 0.921875 0.053125 0.0875
0 0.159375 0.653125 0.1484375 0.1078125
0 0.22578125 0.50234375 0.0578125 0.0703125
0 0.15390625 0.43515625 0.06875 0.06875
0 0.1734375 0.578125 0.0453125 0.0703125
0 0.5015625 0.6171875 0.059375 0.06875
0 0.703125 0.76015625 0.0859375 0.065625
0 0.6140625 0.84453125 0.0796875 0.06875
0 0.73984375 0.84609375 0.075 0.08125
0 0.95859375 0.8328125 0.075 0.0703125
0 0.54921875 0.53515625 0.075 0.06875
0 0.490625 0.50078125 0.0640625 0.08125
0 0.44140625 0.48359375 0.06875 0.071875
0 0.52578125 0.4296875 0.0765625 0.0625
0 0.7171875 0.4125 0.0640625 0.06875
0 0.74609375 0.49765625 0.0828125 0.071875
0 0.78046875 0.5375 0.06875 0.053125
0 0.7046875 0.3140625 0.0859375 0.06875
0 0.56953125 0.7359375 0.065625 0.1171875
0 0.534375 0.75390625 0.0578125 0.0765625
0 0.7796875 0.6625 0.0765625 0.06875
0 0.80859375 0.6140625 0.103125 0.1046875