0 0.49140625 0.57421875 0.196875 0.209375
0 0.6453125 0.86171875 0.2875 0.2765625
0 0.71015625 0.82734375 0.215625 0.2234375
0 0.8359375 0.85234375 0.20625 0.19375
0 0.8 0.5578125 0.2109375 0.2609375
0 0.51953125 0.73359375 0.16875 0.1390625
0 0.175 0.403125 0.3171875 0.3171875
0 0.3765625 0.18984375 0.378125 0.3328125
0 0.82265625 0.2125 0.3546875 0.30625
0 0.640625 0.23046875 0.1578125 0.171875
0 0.89921875 0.59765625 0.2015625 0.1984375
0 0.3359375 0.84140625 0.2640625 0.246875
0 0.09453125 0.66328125 0.1890625 0.3046875
0 0.53671875 0.37265625 0.1734375 0.121875