0 0.4671875 0.39453125 0.071875 0.0609375
0 0.53984375 0.3671875 0.0609375 0.0625
0 0.53359375 0.40546875 0.059375 0.0546875
0 0.69296875 0.26328125 0.0625 0.078125
0 0.75 0.27265625 0.0828125 0.096875
0 0.7765625 0.27578125 0.071875 0.1125
0 0.80078125 0.3125 0.0671875 0.134375
0 0.8328125 0.31328125 0.0640625 0.1109375
0 0.84921875 0.33671875 0.0609375 0.090625
0 0.8875 0.3515625 0.071875 0.0734375
0 0.93984375 0.2078125 0.0578125 0.0765625
0 0.92421875 0.25625 0.084375 0.078125
0 0.9421875 0.29921875 0.075 0.084375
0 0.9453125 0.353125 0.0546875 0.0828125
0 0.65859375 0.36875 0.0421875 0.0796875
0 0.703125 0.35 0.03125 0.0515625
0 0.71953125 0.38359375 0.05 0.0625
0 0.740625 0.41484375 0.053125 0.0515625
0 0.825 0.41875 0.0359375 0.0390625
0 0.60625 0.528125 0.0375 0.065625
0 0.41640625 0.50625 0.0484375 0.0765625
0 0.3125 0.50859375 0.040625 0.0546875
0 0.2671875 0.46875 0.040625 0.0625
0 0.2421875 0.52890625 0.03125 0.059375
0 0.271875 0.56953125 0.0390625 0.046875
0 0.3234375 0.5578125 0.0296875 0.04375
0 0.35703125 0.56875 0.034375 0.0421875
0 0.3796875 0.578125 0.0265625 0.046875
0 0.403125 0.5796875 0.0390625 0.05625
0 0.42890625 0.553125 0.0359375 0.0640625