0 0.42578125 0.68125 0.1015625 0.1203125
0 0.3765625 0.553125 0.1109375 0.11875
0 0.20546875 0.6140625 0.1421875 0.1546875
0 0.23984375 0.83515625 0.1171875 0.1296875
0 0.8375 0.24921875 0.1171875 0.240625
0 0.9234375 0.88984375 0.1140625 0.196875
0 0.59140625 0.64921875 0.11875 0.2390625
0 0.421875 0.46015625 0.071875 0.084375
0 0.21796875 0.30546875 0.159375 0.1578125
0 0.06875 0.28671875 0.1125 0.09375
0 0.4890625 0.07734375 0.146875 0.1421875
0 0.5453125 0.11015625 0.146875 0.2203125
0 0.58828125 0.15390625 0.125 0.140625
0 0.52734375 0.41484375 0.103125 0.1
0 0.115625 0.8359375 0.103125 0.0828125
0 0.53046875 0.25859375 0.0875 0.1421875
0 0.85546875 0.75390625 0.0796875 0.1171875
0 0.671875 0.62578125 0.09375 0.1796875
0 0.503125 0.82265625 0.078125 0.1140625
0 0.19375 0.49453125 0.1015625 0.0890625