0 0.3765625 0.03828125 0.134375 0.0703125
0 0.09609375 0.3203125 0.15625 0.1796875
0 0.37578125 0.225 0.19375 0.2125
0 0.50859375 0.14140625 0.1765625 0.2
0 0.67578125 0.07734375 0.1953125 0.1546875
0 0.79296875 0.0328125 0.1671875 0.065625
0 0.86171875 0.07734375 0.1421875 0.1546875
0 0.80546875 0.21328125 0.1875 0.1828125
0 0.71640625 0.165625 0.225 0.21875
0 0.528125 0.26796875 0.1265625 0.115625
0 0.57578125 0.3359375 0.1859375 0.240625
0 0.6359375 0.346875 0.16875 0.1984375
0 0.68984375 0.3625 0.2140625 0.203125
0 0.46875 0.5609375 0.1921875 0.1390625
0 0.39140625 0.6 0.1515625 0.159375
0 0.30703125 0.425 0.175 0.221875
0 0.41171875 0.30703125 0.2109375 0.215625
0 0.45078125 0.37109375 0.203125 0.184375
0 0.44453125 0.46796875 0.16875 0.1515625
0 0.51796875 0.05 0.2109375 0.1
0 0.53359375 0.81484375 0.09375 0.1484375