0 0.74453125 0.34609375 0.3984375 0.421875
0 0.91875 0.39296875 0.1625 0.2015625
0 0.92578125 0.61875 0.1484375 0.228125
0 0.97734375 0.76875 0.0453125 0.19375
0 0.85703125 0.7921875 0.2859375 0.25625
0 0.72421875 0.88984375 0.1515625 0.1609375
0 0.56328125 0.90390625 0.2046875 0.1921875
0 0.6546875 0.85234375 0.128125 0.175
0 0.6015625 0.6984375 0.271875 0.290625
0 0.7859375 0.65546875 0.1953125 0.2328125
0 0.41171875 0.85078125 0.21875 0.2140625
0 0.50390625 0.8671875 0.109375 0.10625
0 0.3859375 0.75859375 0.103125 0.103125
0 0.38984375 0.6375 0.2453125 0.2265625
0 0.52421875 0.5609375 0.1921875 0.234375
0 0.33984375 0.46015625 0.2375 0.2375
0 0.13125 0.26640625 0.2625 0.4234375
0 0.090625 0.6203125 0.178125 0.1859375
0 0.19453125 0.66015625 0.153125 0.190625
0 0.2484375 0.7171875 0.153125 0.1734375
0 0.2109375 0.81953125 0.1234375 0.1546875
0 0.60390625 0.196875 0.3640625 0.39375
0 0.40390625 0.1671875 0.203125 0.3328125
0 0.53046875 0.078125 0.1921875 0.15625
0 0.31484375 0.14296875 0.1921875 0.228125