0 0.759375 0.7125 0.2171875 0.1609375
0 0.4265625 0.840625 0.1296875 0.1375
0 0.2390625 0.63046875 0.1015625 0.0875
0 0.384375 0.58984375 0.10625 0.071875
0 0.3515625 0.38046875 0.0890625 0.0734375
0 0.03828125 0.834375 0.0765625 0.125
0 0.9296875 0.56875 0.1390625 0.109375
0 0.4078125 0.921875 0.090625 0.078125
0 0.17265625 0.3984375 0.0828125 0.0828125
0 0.63125 0.08203125 0.13125 0.084375
0 0.78984375 0.52734375 0.096875 0.0625
0 0.92265625 0.61640625 0.115625 0.0609375
0 0.2328125 0.94921875 0.075 0.0671875
0 0.08984375 0.52109375 0.05625 0.059375
0 0.51640625 0.3921875 0.1 0.0546875
0 0.16015625 0.59296875 0.078125 0.0609375
0 0.6 0.74375 0.10625 0.0875
0 0.559375 0.80546875 0.090625 0.0671875
0 0.43359375 0.6984375 0.078125 0.075
0 0.66015625 0.5 0.1140625 0.0625