0 0.6265625 0.86015625 0.2078125 0.165625
0 0.50546875 0.8140625 0.1921875 0.1828125
0 0.634375 0.6 0.1578125 0.1453125
0 0.8046875 0.6078125 0.1375 0.14375
0 0.75859375 0.5265625 0.1578125 0.1015625
0 0.63828125 0.5234375 0.1625 0.1453125
0 0.603125 0.43671875 0.1765625 0.153125
0 0.6078125 0.3375 0.1734375 0.1203125
0 0.48359375 0.471875 0.1515625 0.15
0 0.55234375 0.53359375 0.153125 0.1390625
0 0.52265625 0.68125 0.16875 0.1234375
0 0.34921875 0.7890625 0.16875 0.121875
0 0.3375 0.67734375 0.184375 0.1515625
0 0.24453125 0.6328125 0.1703125 0.1484375
0 0.18359375 0.7421875 0.175 0.121875
0 0.19453125 0.89609375 0.103125 0.0953125
0 0.44296875 0.95234375 0.1640625 0.0953125
0 0.3734375 0.471875 0.1609375 0.14375