0 0.71640625 0.4265625 0.20625 0.2921875
0 0.59296875 0.2109375 0.19375 0.321875
0 0.38828125 0.259375 0.2234375 0.2578125
0 0.1578125 0.29296875 0.1890625 0.4
0 0.27265625 0.53359375 0.1765625 0.2421875
0 0.53515625 0.51875 0.1921875 0.4421875
0 0.89765625 0.24609375 0.2046875 0.4015625
0 0.9 0.60078125 0.2 0.2484375
0 0.8921875 0.9171875 0.125 0.165625
0 0.83828125 0.8546875 0.1515625 0.290625
0 0.8140625 0.78671875 0.2078125 0.2921875
0 0.58515625 0.82734375 0.1953125 0.3453125
0 0.5046875 0.840625 0.1765625 0.25
0 0.328125 0.69453125 0.1734375 0.259375
0 0.0703125 0.6203125 0.140625 0.39375
0 0.196875 0.7078125 0.1359375 0.2203125
0 0.146875 0.8703125 0.146875 0.184375
0 0.89140625 0.24609375 0.2171875 0.4078125
0 0.73828125 0.684375 0.184375 0.346875
0 0.1671875 0.46640625 0.1484375 0.3609375