0 0.49765625 0.653125 0.2875 0.19375
0 0.2609375 0.7078125 0.1375 0.11875
0 0.01953125 0.6984375 0.0390625 0.090625
0 0.07734375 0.6546875 0.084375 0.075
0 0.50078125 0.86640625 0.14375 0.1171875
0 0.5640625 0.834375 0.2375 0.159375
0 0.58828125 0.9703125 0.0828125 0.059375
0 0.57421875 0.34453125 0.2875 0.1953125
0 0.353125 0.471875 0.09375 0.090625
0 0.28515625 0.46171875 0.078125 0.0890625
0 0.1625 0.55625 0.0703125 0.06875
0 0.40546875 0.49765625 0.0796875 0.071875
0 0.5 0.54609375 0.046875 0.059375
0 0.609375 0.43203125 0.0953125 0.0734375
0 0.65703125 0.5046875 0.0640625 0.059375
0 0.69765625 0.63671875 0.1046875 0.06875
0 0.6984375 0.546875 0.053125 0.0484375
0 0.734375 0.51796875 0.053125 0.0578125
0 0.76875 0.47421875 0.05 0.065625