0 0.59453125 0.47109375 0.06875 0.13125
0 0.590625 0.41171875 0.1109375 0.1078125
0 0.6015625 0.33046875 0.0625 0.078125
0 0.76953125 0.38046875 0.103125 0.1328125
0 0.77890625 0.59921875 0.071875 0.0859375
0 0.75546875 0.65859375 0.071875 0.096875
0 0.76953125 0.8546875 0.0796875 0.1140625
0 0.35078125 0.34765625 0.08125 0.1265625
0 0.49453125 0.51328125 0.0609375 0.1
0 0.3859375 0.56875 0.0828125 0.090625
0 0.3375 0.56015625 0.0703125 0.1375
0 0.2171875 0.47265625 0.0609375 0.0765625
0 0.15078125 0.50078125 0.06875 0.059375
0 0.1828125 0.5765625 0.040625 0.053125
0 0.06875 0.4859375 0.0578125 0.1015625
0 0.11796875 0.7953125 0.071875 0.096875
0 0.371875 0.7984375 0.1 0.1109375
0 0.575 0.7015625 0.103125 0.121875
0 0.59921875 0.66171875 0.065625 0.0640625
0 0.67578125 0.58203125 0.0578125 0.0671875
0 0.609375 0.56171875 0.1265625 0.1609375
0 0.94375 0.903125 0.0625 0.075
0 0.86015625 0.92734375 0.046875 0.0578125
0 0.0890625 0.89453125 0.0796875 0.159375