0 0.6359375 0.684375 0.096875 0.1140625
0 0.7375 0.58828125 0.146875 0.146875
0 0.89453125 0.8140625 0.0875 0.09375
0 0.90234375 0.61171875 0.084375 0.09375
0 0.484375 0.89140625 0.071875 0.065625
0 0.47109375 0.85625 0.071875 0.0640625
0 0.59453125 0.8515625 0.053125 0.0828125
0 0.5453125 0.84453125 0.0625 0.053125
0 0.54609375 0.88203125 0.0609375 0.05625
0 0.54296875 0.92734375 0.0578125 0.06875
0 0.42734375 0.9375 0.0765625 0.053125
0 0.4359375 0.79921875 0.0578125 0.053125
0 0.4171875 0.72109375 0.05 0.040625
0 0.4859375 0.6328125 0.090625 0.059375
0 0.49140625 0.696875 0.078125 0.0546875
0 0.49765625 0.74140625 0.0625 0.0453125
0 0.5078125 0.78203125 0.0609375 0.046875
0 0.55078125 0.4484375 0.0765625 0.0671875
0 0.234375 0.915625 0.0859375 0.109375
0 0.19921875 0.896875 0.10625 0.0890625
0 0.30234375 0.92890625 0.0609375 0.065625
0 0.36953125 0.92890625 0.078125 0.06875
0 0.1828125 0.7 0.1171875 0.08125
0 0.21484375 0.56796875 0.109375 0.0734375
0 0.30390625 0.53359375 0.078125 0.065625
0 0.378125 0.4921875 0.0640625 0.071875
0 0.265625 0.4609375 0.0796875 0.0578125
0 0.221875 0.42734375 0.0453125 0.046875
0 0.15546875 0.30859375 0.0984375 0.0625
0 0.36640625 0.6921875 0.0734375 0.1015625
0 0.434375 0.56875 0.0546875 0.05625