0 0.55078125 0.71875 0.10625 0.096875
0 0.61328125 0.5546875 0.14375 0.1125
0 0.78203125 0.81640625 0.15 0.109375
0 0.95 0.67421875 0.0703125 0.0671875
0 0.4921875 0.9125 0.1140625 0.1109375
0 0.41484375 0.97890625 0.0734375 0.0359375
0 0.41953125 0.953125 0.0671875 0.05625
0 0.36328125 0.8734375 0.096875 0.071875
0 0.40234375 0.83203125 0.0859375 0.0484375
0 0.43984375 0.8765625 0.0609375 0.0734375
0 0.40078125 0.6265625 0.1078125 0.0875
0 0.3203125 0.5 0.06875 0.0734375
0 0.365625 0.525 0.09375 0.0609375
0 0.28984375 0.71796875 0.1 0.1171875
0 0.18203125 0.6625 0.0859375 0.1171875
0 0.20078125 0.5453125 0.0578125 0.0734375
0 0.24375 0.534375 0.0828125 0.0484375
0 0.246875 0.4859375 0.0546875 0.0484375
0 0.20859375 0.4046875 0.0734375 0.05625
0 0.1328125 0.253125 0.1140625 0.065625
0 0.0828125 0.225 0.090625 0.078125
0 0.1046875 0.921875 0.0796875 0.0734375
0 0.5 0.43984375 0.0984375 0.0859375
0 0.33359375 0.934375 0.103125 0.075
0 0.24453125 0.9375 0.084375 0.078125