0 0.7625 0.64375 0.1421875 0.225
0 0.871875 0.5359375 0.0796875 0.1203125
0 0.86328125 0.70625 0.0859375 0.2578125
0 0.925 0.76484375 0.075 0.1765625
0 0.9328125 0.2609375 0.134375 0.16875
0 0.08125 0.1359375 0.153125 0.2
0 0.134375 0.3640625 0.1765625 0.2
0 0.26171875 0.18125 0.2140625 0.2640625
0 0.3921875 0.278125 0.2265625 0.3078125
0 0.409375 0.31015625 0.1578125 0.1765625
0 0.54296875 0.365625 0.11875 0.1328125
0 0.5078125 0.5234375 0.2640625 0.221875
0 0.61796875 0.92734375 0.0671875 0.1453125
0 0.615625 0.80859375 0.071875 0.1359375
0 0.5234375 0.8578125 0.078125 0.2
0 0.46484375 0.834375 0.146875 0.3
0 0.31953125 0.83671875 0.16875 0.3171875
0 0.20390625 0.73359375 0.2359375 0.35625
0 0.20390625 0.5234375 0.2109375 0.26875
0 0.67890625 0.28203125 0.1078125 0.1375
0 0.7609375 0.40390625 0.0890625 0.225
0 0.8328125 0.19453125 0.0953125 0.14375
0 0.86875 0.0875 0.1109375 0.0984375
0 0.20390625 0.0265625 0.1640625 0.053125
0 0.340625 0.03984375 0.09375 0.0796875
0 0.4296875 0.040625 0.109375 0.08125
0 0.56484375 0.0296875 0.1296875 0.059375
0 0.54140625 0.0796875 0.0765625 0.125