0 0.35390625 0.70546875 0.1359375 0.1421875
0 0.5640625 0.62890625 0.2703125 0.1625
0 0.36796875 0.47265625 0.121875 0.1296875
0 0.51875 0.32890625 0.2515625 0.190625
0 0.66796875 0.84765625 0.2421875 0.2140625
0 0.5890625 0.87734375 0.1796875 0.115625
0 0.72578125 0.5953125 0.1 0.065625
0 0.653125 0.47421875 0.0578125 0.065625
0 0.60390625 0.409375 0.084375 0.06875
0 0.59140625 0.496875 0.053125 0.0609375
0 0.70546875 0.703125 0.090625 0.0671875
0 0.72109375 0.484375 0.059375 0.053125
0 0.70859375 0.515625 0.08125 0.0484375
0 0.15625 0.56953125 0.0578125 0.0515625
0 0.05234375 0.47109375 0.1046875 0.0796875
0 0.1625 0.62265625 0.0796875 0.0625
0 0.03125 0.775 0.0453125 0.0484375
0 0.51484375 0.73046875 0.0640625 0.071875
0 0.42265625 0.52421875 0.0609375 0.0734375