0 0.85234375 0.1703125 0.2515625 0.16875
0 0.72109375 0.1234375 0.15 0.125
0 0.5640625 0.1359375 0.225 0.184375
0 0.30546875 0.09453125 0.2796875 0.1890625
0 0.121875 0.18828125 0.19375 0.1375
0 0.39609375 0.23359375 0.2546875 0.16875
0 0.6515625 0.271875 0.290625 0.1703125
0 0.9125 0.365625 0.175 0.13125
0 0.91015625 0.459375 0.1796875 0.134375
0 0.91875 0.5765625 0.1625 0.14375
0 0.80078125 0.6171875 0.2140625 0.1796875
0 0.60546875 0.70703125 0.2234375 0.1640625
0 0.4484375 0.5578125 0.221875 0.1375
0 0.475 0.4171875 0.28125 0.15
0 0.67734375 0.41875 0.2484375 0.1625
0 0.7296875 0.8375 0.296875 0.2109375
0 0.54140625 0.85234375 0.11875 0.1234375
0 0.4640625 0.7609375 0.175 0.1578125
0 0.2453125 0.8265625 0.2609375 0.19375
0 0.08515625 0.7265625 0.1703125 0.215625
0 0.33359375 0.6375 0.3359375 0.25
0 0.203125 0.55859375 0.275 0.2078125
0 0.25625 0.2765625 0.2875 0.2328125
0 0.09609375 0.4609375 0.1921875 0.184375
0 0.51171875 0.0796875 0.2125 0.1203125
0 0.20859375 0.040625 0.1515625 0.08125