0 0.48671875 0.16875 0.2390625 0.1796875
0 0.559375 0.13046875 0.15 0.1171875
0 0.56484375 0.3375 0.2921875 0.1859375
0 0.8421875 0.27109375 0.1578125 0.1578125
0 0.68359375 0.55390625 0.11875 0.1046875
0 0.8265625 0.46953125 0.0765625 0.05625
0 0.978125 0.3203125 0.04375 0.084375
0 0.16328125 0.08828125 0.2078125 0.1765625
0 0.46953125 0.03203125 0.1015625 0.0640625
0 0.4125 0.58671875 0.1328125 0.1328125
0 0.40078125 0.64921875 0.2734375 0.2203125
0 0.296875 0.340625 0.1109375 0.08125
0 0.29921875 0.22265625 0.090625 0.075
0 0.50703125 0.45390625 0.0484375 0.0609375
0 0.6171875 0.51953125 0.096875 0.08125
0 0.25625 0.46171875 0.078125 0.075
0 0.3328125 0.4828125 0.0609375 0.0609375
0 0.39140625 0.471875 0.065625 0.0546875