0 0.52734375 0.23984375 0.3125 0.3
0 0.721875 0.071875 0.321875 0.14375
0 0.78203125 0.23203125 0.2703125 0.240625
0 0.81640625 0.36875 0.2296875 0.1890625
0 0.8125 0.54609375 0.375 0.4859375
0 0.78359375 0.73125 0.4328125 0.48125
0 0.6046875 0.878125 0.1875 0.24375
0 0.48515625 0.82578125 0.225 0.2890625
0 0.19375 0.815625 0.321875 0.36875
0 0.32109375 0.9296875 0.1421875 0.140625
0 0.3 0.7859375 0.1375 0.1796875
0 0.06171875 0.56015625 0.1234375 0.2515625
0 0.11640625 0.515625 0.1953125 0.2578125
0 0.15703125 0.4515625 0.1640625 0.2078125
0 0.20703125 0.6 0.1328125 0.18125
0 0.06015625 0.34140625 0.1203125 0.2078125
0 0.19375 0.34765625 0.1203125 0.128125
0 0.26484375 0.21171875 0.234375 0.203125
0 0.321875 0.3875 0.2984375 0.3109375
0 0.36328125 0.09453125 0.1875 0.1796875
0 0.4625 0.07890625 0.125 0.15
0 0.5484375 0.59453125 0.1890625 0.23125
0 0.4875 0.4484375 0.203125 0.2359375
0 0.3859375 0.6125 0.2984375 0.2953125
0 0.525 0.03984375 0.13125 0.0796875