0 0.34609375 0.21328125 0.1890625 0.15625
0 0.484375 0.09921875 0.1765625 0.134375
0 0.41953125 0.26015625 0.2328125 0.2
0 0.43515625 0.3609375 0.184375 0.1203125
0 0.28125 0.4390625 0.178125 0.18125
0 0.19765625 0.4703125 0.13125 0.0796875
0 0.35625 0.59296875 0.1796875 0.140625
0 0.3484375 0.67421875 0.1734375 0.1125
0 0.315625 0.52578125 0.165625 0.1390625
0 0.3796875 0.73203125 0.11875 0.1390625
0 0.4265625 0.49921875 0.1453125 0.15625
0 0.4671875 0.571875 0.1546875 0.1609375
0 0.57890625 0.59296875 0.1890625 0.175
0 0.70078125 0.4359375 0.1578125 0.125
0 0.61953125 0.3828125 0.1921875 0.1609375
0 0.59140625 0.2890625 0.1609375 0.1421875
0 0.74296875 0.3609375 0.1640625 0.134375
0 0.7625 0.18203125 0.1625 0.1390625