0 0.09609375 0.35703125 0.1828125 0.178125
0 0.0828125 0.43984375 0.165625 0.2171875
0 0.1265625 0.5625 0.175 0.1828125
0 0.1953125 0.40859375 0.15 0.146875
0 0.26171875 0.55078125 0.109375 0.25625
0 0.3734375 0.66875 0.1984375 0.278125
0 0.42109375 0.86328125 0.2015625 0.2546875
0 0.428125 0.8828125 0.240625 0.2078125
0 0.58125 0.88828125 0.1515625 0.2234375
0 0.72421875 0.79765625 0.2109375 0.346875
0 0.73984375 0.44765625 0.175 0.2625
0 0.4796875 0.3125 0.1484375 0.2375
0 0.328125 0.17109375 0.1546875 0.1453125
0 0.321875 0.29375 0.1875 0.16875
0 0.37890625 0.396875 0.1734375 0.3359375
0 0.5 0.20234375 0.171875 0.15625