0 0.134375 0.39453125 0.0453125 0.0703125
0 0.0640625 0.525 0.0359375 0.0984375
0 0.175 0.421875 0.0546875 0.0625
0 0.22109375 0.4359375 0.0390625 0.046875
0 0.2515625 0.51953125 0.0625 0.0671875
0 0.33671875 0.3734375 0.0390625 0.0546875
0 0.3140625 0.33984375 0.046875 0.0453125
0 0.39921875 0.26640625 0.059375 0.115625
0 0.40703125 0.33046875 0.04375 0.0890625
0 0.44140625 0.36953125 0.0515625 0.0515625
0 0.51796875 0.26796875 0.0453125 0.0546875
0 0.61640625 0.175 0.0421875 0.075
0 0.5546875 0.4546875 0.0578125 0.0890625
0 0.4515625 0.565625 0.0578125 0.084375
0 0.53828125 0.7453125 0.0484375 0.075
0 0.8140625 0.38125 0.0578125 0.0546875
0 0.80390625 0.4875 0.0390625 0.0546875
0 0.821875 0.57890625 0.0359375 0.0765625
0 0.7359375 0.57109375 0.03125 0.059375
0 0.0171875 0.51015625 0.034375 0.0484375
0 0.00859375 0.63046875 0.0171875 0.0484375
0 0.89765625 0.7421875 0.0515625 0.06875
0 0.0203125 0.82265625 0.040625 0.1140625
0 0.0796875 0.90546875 0.06875 0.06875