0 0.259375 0.2796875 0.1234375 0.1109375
0 0.86640625 0.60703125 0.084375 0.13125
0 0.61484375 0.546875 0.084375 0.1109375
0 0.64765625 0.8375 0.05625 0.1359375
0 0.71484375 0.84140625 0.0734375 0.090625
0 0.5671875 0.753125 0.071875 0.0625
0 0.56875 0.64453125 0.0578125 0.1
0 0.48046875 0.61796875 0.0875 0.1015625
0 0.43671875 0.646875 0.1015625 0.115625
0 0.4203125 0.50234375 0.09375 0.121875
0 0.45390625 0.42265625 0.0734375 0.0890625
0 0.4 0.40625 0.0484375 0.0796875
0 0.35703125 0.37265625 0.0609375 0.0671875
0 0.26484375 0.43203125 0.0765625 0.0734375
0 0.31328125 0.5203125 0.05 0.0984375
0 0.265625 0.48984375 0.0578125 0.084375
0 0.2046875 0.44140625 0.065625 0.0640625
0 0.184375 0.3953125 0.05 0.0359375
0 0.08046875 0.40234375 0.0625 0.071875
0 0.1671875 0.48671875 0.0515625 0.065625
0 0.1796875 0.63125 0.04375 0.0828125
0 0.03828125 0.66796875 0.0765625 0.1359375
0 0.0265625 0.50546875 0.053125 0.1078125
0 0.2625 0.715625 0.096875 0.1296875
0 0.42109375 0.803125 0.0890625 0.1234375
0 0.74609375 0.64921875 0.0578125 0.0578125