0 0.9421875 0.12265625 0.115625 0.1515625
0 0.93671875 0.2625 0.125 0.134375
0 0.77265625 0.1328125 0.1921875 0.209375
0 0.64140625 0.1875 0.1484375 0.1515625
0 0.475 0.1671875 0.225 0.2296875
0 0.5484375 0.05546875 0.09375 0.1109375
0 0.12734375 0.06015625 0.1890625 0.1203125
0 0.15234375 0.13046875 0.125 0.1625
0 0.29765625 0.16484375 0.225 0.2265625
0 0.31796875 0.38046875 0.1421875 0.1734375
0 0.20859375 0.28359375 0.1015625 0.1859375
0 0.11640625 0.2875 0.2125 0.1875
0 0.1109375 0.41640625 0.221875 0.3265625
0 0.15078125 0.640625 0.3015625 0.25625
0 0.33828125 0.73046875 0.134375 0.1578125
0 0.4640625 0.6921875 0.16875 0.1875
0 0.4953125 0.77109375 0.221875 0.2328125
0 0.75078125 0.75078125 0.21875 0.18125
0 0.79453125 0.59375 0.1328125 0.1671875
0 0.92421875 0.6296875 0.1515625 0.2359375
0 0.9109375 0.8109375 0.134375 0.11875
0 0.88515625 0.9203125 0.1703125 0.159375
0 0.7671875 0.41796875 0.3078125 0.253125
0 0.69453125 0.29140625 0.16875 0.1671875
0 0.58515625 0.31640625 0.1375 0.1421875
0 0.44921875 0.4 0.24375 0.1921875
0 0.5875 0.534375 0.384375 0.3453125