0 0.10390625 0.90234375 0.1515625 0.1953125
0 0.2359375 0.95859375 0.090625 0.0828125
0 0.121875 0.63203125 0.0953125 0.284375
0 0.3203125 0.70234375 0.065625 0.278125
0 0.6984375 0.68828125 0.0984375 0.153125
0 0.6984375 0.8 0.1 0.1296875
0 0.64765625 0.95546875 0.059375 0.0765625
0 0.59296875 0.9421875 0.0640625 0.1109375
0 0.540625 0.93359375 0.06875 0.1328125
0 0.790625 0.93359375 0.0609375 0.0671875
0 0.91171875 0.8515625 0.071875 0.0859375
0 0.828125 0.73203125 0.109375 0.1453125
0 0.8328125 0.83046875 0.0984375 0.090625
0 0.94453125 0.4765625 0.1109375 0.35625
0 0.83125 0.47109375 0.0921875 0.1015625
0 0.84453125 0.33984375 0.1234375 0.1046875
0 0.8234375 0.26171875 0.0875 0.09375
0 0.87109375 0.20859375 0.0734375 0.1625
0 0.71875 0.2640625 0.1328125 0.2265625
0 0.7671875 0.2203125 0.1046875 0.1796875
0 0.6578125 0.315625 0.0796875 0.13125
0 0.54609375 0.29453125 0.1203125 0.2125
0 0.525 0.425 0.071875 0.0984375
0 0.57265625 0.47578125 0.06875 0.075
0 0.64140625 0.62109375 0.065625 0.13125
0 0.50625 0.75 0.0796875 0.090625
0 0.459375 0.61953125 0.0484375 0.1
0 0.47109375 0.4015625 0.0484375 0.0890625
0 0.43984375 0.16171875 0.0859375 0.1359375
0 0.52578125 0.14921875 0.109375 0.1796875
0 0.278125 0.2609375 0.109375 0.2078125
0 0.13671875 0.38203125 0.0625 0.1640625
0 0.1078125 0.36484375 0.059375 0.1640625
0 0.09296875 0.06328125 0.0375 0.0875
0 0.20234375 0.10390625 0.0765625 0.1203125
0 0.20859375 0.15703125 0.1046875 0.140625
0 0.05390625 0.15 0.05625 0.0625
0 0.18359375 0.3078125 0.071875 0.0921875
0 0.23046875 0.3609375 0.040625 0.09375
0 0.7 0.490625 0.0859375 0.08125