0 0.34765625 0.16796875 0.196875 0.3109375
0 0.6109375 0.06328125 0.21875 0.1265625
0 0.51171875 0.14609375 0.1234375 0.221875
0 0.58203125 0.38125 0.1171875 0.290625
0 0.9375 0.37109375 0.115625 0.146875
0 0.76640625 0.6546875 0.20625 0.2203125
0 0.7015625 0.79609375 0.1796875 0.184375
0 0.78828125 0.86328125 0.171875 0.171875
0 0.6453125 0.65078125 0.1828125 0.2046875
0 0.56328125 0.80390625 0.1671875 0.28125
0 0.19453125 0.24609375 0.1921875 0.3921875
0 0.37265625 0.48828125 0.0578125 0.08125
0 0.35 0.3921875 0.0640625 0.1171875
0 0.3921875 0.41640625 0.053125 0.0703125
0 0.45390625 0.45703125 0.05625 0.0765625
0 0.4515625 0.9171875 0.096875 0.125
0 0.76328125 0.47109375 0.18125 0.1921875
0 0.946875 0.64296875 0.10625 0.1578125
0 0.83984375 0.58828125 0.1296875 0.1453125
0 0.88359375 0.6609375 0.1296875 0.1234375