0 0.4421875 0.71484375 0.121875 0.1296875
0 0.48359375 0.92578125 0.084375 0.134375
0 0.19296875 0.77109375 0.121875 0.0765625
0 0.140625 0.928125 0.065625 0.059375
0 0.48203125 0.8 0.059375 0.084375
0 0.4625 0.85546875 0.046875 0.0703125
0 0.51953125 0.4421875 0.0953125 0.08125
0 0.48046875 0.34765625 0.075 0.0671875
0 0.59609375 0.6234375 0.08125 0.059375
0 0.62890625 0.5546875 0.0796875 0.0625
0 0.68203125 0.52734375 0.053125 0.040625
0 0.66953125 0.48828125 0.0765625 0.0625
0 0.8265625 0.44140625 0.0796875 0.046875
0 0.78984375 0.68515625 0.05 0.0875
0 0.70078125 0.746875 0.084375 0.103125
0 0.57421875 0.85703125 0.06875 0.059375
0 0.58203125 0.91875 0.059375 0.040625
0 0.64375 0.96875 0.084375 0.0625
0 0.72890625 0.971875 0.075 0.05625
0 0.85625 0.7359375 0.103125 0.071875
0 0.93359375 0.51328125 0.1328125 0.1125
0 0.90546875 0.29296875 0.128125 0.103125
0 0.5859375 0.43828125 0.046875 0.0625
0 0.57265625 0.7734375 0.0625 0.04375
0 0.41328125 0.54453125 0.15 0.11875