0 0.36640625 0.38359375 0.0703125 0.0921875
0 0.38359375 0.278125 0.0765625 0.0765625
0 0.17265625 0.540625 0.1078125 0.1234375
0 0.0484375 0.52421875 0.0734375 0.1359375
0 0.12421875 0.30703125 0.0625 0.1
0 0.22578125 0.30625 0.078125 0.0671875
0 0.59453125 0.415625 0.0703125 0.0625
0 0.6625 0.765625 0.0953125 0.0796875
0 0.578125 0.8203125 0.0953125 0.109375
0 0.90625 0.68671875 0.134375 0.109375
0 0.70625 0.9140625 0.0984375 0.10625
0 0.828125 0.82265625 0.075 0.08125
0 0.54609375 0.60546875 0.0484375 0.0625
0 0.74765625 0.609375 0.071875 0.06875