0 0.76875 0.52578125 0.378125 0.2390625
0 0.653125 0.2515625 0.2578125 0.1890625
0 0.46640625 0.09609375 0.3640625 0.1921875
0 0.4078125 0.3546875 0.3171875 0.215625
0 0.24296875 0.5609375 0.2046875 0.2125
0 0.73515625 0.8265625 0.2515625 0.1734375
0 0.49296875 0.7265625 0.2546875 0.2640625
0 0.13125 0.73515625 0.2046875 0.153125
0 0.8734375 0.67421875 0.253125 0.1890625
0 0.2734375 0.82265625 0.23125 0.19375
0 0.43125 0.56875 0.1890625 0.2046875
0 0.8703125 0.2671875 0.2125 0.2015625
0 0.35859375 0.17890625 0.3359375 0.2625
0 0.11015625 0.32578125 0.215625 0.2
0 0.446875 0.921875 0.23125 0.15625
0 0.1546875 0.578125 0.1859375 0.225
0 0.8078125 0.4484375 0.3203125 0.228125