0 0.571875 0.45625 0.325 0.309375
0 0.2390625 0.19140625 0.35 0.3421875
0 0.1609375 0.4359375 0.321875 0.25625
0 0.13046875 0.65546875 0.25625 0.271875
0 0.11875 0.78515625 0.1734375 0.2171875
0 0.18828125 0.9109375 0.1828125 0.1453125
0 0.33828125 0.85703125 0.2515625 0.2265625
0 0.34453125 0.515625 0.2078125 0.1859375
0 0.32421875 0.68828125 0.121875 0.128125
0 0.40390625 0.74609375 0.18125 0.175
0 0.521875 0.83984375 0.2140625 0.2140625
0 0.64375 0.82734375 0.1484375 0.1703125
0 0.56953125 0.70625 0.128125 0.125
0 0.475 0.54453125 0.24375 0.2375
0 0.49609375 0.2890625 0.1765625 0.1625
0 0.4578125 0.365625 0.1328125 0.1625
0 0.3640625 0.07578125 0.209375 0.1515625
0 0.4921875 0.14765625 0.19375 0.165625
0 0.60390625 0.0375 0.2234375 0.075
0 0.7375 0.30234375 0.1640625 0.1890625
0 0.83359375 0.115625 0.1390625 0.1828125
0 0.87578125 0.31328125 0.1890625 0.2203125
0 0.79296875 0.51015625 0.259375 0.2703125
0 0.69609375 0.58359375 0.2 0.2515625
0 0.77734375 0.83046875 0.1703125 0.196875
0 0.946875 0.86171875 0.10625 0.1234375
0 0.83046875 0.665625 0.0921875 0.15625
0 0.9390625 0.5609375 0.121875 0.18125
0 0.9015625 0.415625 0.196875 0.16875
0 0.62109375 0.20234375 0.121875 0.1140625
0 0.4421875 0.63984375 0.1078125 0.128125
0 0.90859375 0.7296875 0.1015625 0.1265625