0 0.53125 0.3578125 0.0625 0.075
0 0.58671875 0.3578125 0.0578125 0.065625
0 0.53046875 0.44296875 0.059375 0.078125
0 0.41796875 0.571875 0.0625 0.06875
0 0.41328125 0.50078125 0.0359375 0.065625
0 0.35390625 0.83359375 0.0828125 0.1109375
0 0.4015625 0.7046875 0.0421875 0.1015625
0 0.178125 0.4859375 0.0765625 0.1140625
0 0.5765625 0.553125 0.0734375 0.1
0 0.61953125 0.57109375 0.04375 0.08125
0 0.58203125 0.66953125 0.0875 0.10625
0 0.675 0.76953125 0.1140625 0.1015625
0 0.73046875 0.521875 0.096875 0.121875
0 0.6921875 0.40234375 0.0546875 0.1109375
0 0.7765625 0.296875 0.0453125 0.0578125
0 0.86328125 0.31484375 0.109375 0.10625
0 0.86015625 0.49453125 0.0453125 0.0515625
0 0.85859375 0.45078125 0.0546875 0.065625
0 0.81484375 0.47109375 0.0359375 0.075
0 0.94921875 0.51796875 0.0703125 0.1203125
0 0.91484375 0.71875 0.0578125 0.0828125
0 0.84296875 0.71953125 0.0421875 0.078125
0 0.35390625 0.525 0.053125 0.0859375