0 0.50625 0.8671875 0.2296875 0.2171875
0 0.71484375 0.9171875 0.1703125 0.1203125
0 0.9203125 0.74765625 0.14375 0.15
0 0.8703125 0.596875 0.19375 0.1609375
0 0.77265625 0.51875 0.1859375 0.1703125
0 0.70546875 0.596875 0.2109375 0.190625
0 0.7265625 0.72109375 0.19375 0.134375
0 0.60234375 0.775 0.2296875 0.2375
0 0.53984375 0.6921875 0.1828125 0.1296875
0 0.5921875 0.4125 0.1953125 0.1828125
0 0.5875 0.47734375 0.115625 0.1265625
0 0.49140625 0.47265625 0.165625 0.16875
0 0.4640625 0.5625 0.1546875 0.15
0 0.37734375 0.48203125 0.2125 0.1796875
0 0.334375 0.3859375 0.203125 0.1515625
0 0.428125 0.18515625 0.075 0.1296875
0 0.4015625 0.64375 0.1734375 0.15625
0 0.2546875 0.73984375 0.153125 0.1859375
0 0.25703125 0.621875 0.175 0.159375