0 0.1125 0.35078125 0.225 0.3609375
0 0.23046875 0.48359375 0.153125 0.303125
0 0.290625 0.58671875 0.28125 0.31875
0 0.21875 0.7703125 0.2234375 0.26875
0 0.35234375 0.73515625 0.146875 0.175
0 0.33515625 0.87734375 0.184375 0.2171875
0 0.51015625 0.78828125 0.2671875 0.3046875
0 0.7453125 0.31796875 0.175 0.15625
0 0.73984375 0.11171875 0.10625 0.1265625
0 0.890625 0.12109375 0.1703125 0.1109375
0 0.56015625 0.090625 0.1234375 0.18125
0 0.4921875 0.0609375 0.125 0.121875
0 0.49609375 0.23984375 0.2140625 0.171875
0 0.47734375 0.33046875 0.1828125 0.20625
0 0.8609375 0.55234375 0.05 0.0703125
0 0.9609375 0.53046875 0.0765625 0.084375
0 0.7046875 0.5796875 0.0515625 0.071875
0 0.56796875 0.5515625 0.046875 0.059375
0 0.1890625 0.2140625 0.1703125 0.15
0 0.18984375 0.36328125 0.1484375 0.15