0 0.625 0.85234375 0.1234375 0.084375
0 0.82265625 0.89765625 0.1328125 0.090625
0 0.8609375 0.7484375 0.1046875 0.0578125
0 0.93984375 0.5671875 0.11875 0.0859375
0 0.75625 0.59140625 0.09375 0.0546875
0 0.5484375 0.66015625 0.096875 0.121875
0 0.6109375 0.6640625 0.0671875 0.0703125
0 0.2359375 0.86640625 0.0640625 0.0546875
0 0.240625 0.7765625 0.1375 0.078125
0 0.08046875 0.87890625 0.1125 0.1078125
0 0.05 0.77734375 0.1 0.1046875
0 0.13125 0.58046875 0.096875 0.10625
0 0.228125 0.50625 0.16875 0.0953125
0 0.09921875 0.30546875 0.128125 0.0875
0 0.34375 0.6921875 0.0734375 0.065625
0 0.3734375 0.95390625 0.0828125 0.065625
0 0.33828125 0.94921875 0.0375 0.0390625
0 0.340625 0.9171875 0.0375 0.040625
0 0.37109375 0.84765625 0.040625 0.03125
0 0.421875 0.71796875 0.0453125 0.0703125
0 0.44609375 0.6703125 0.04375 0.0359375
0 0.4546875 0.58125 0.03125 0.0390625
0 0.45078125 0.50390625 0.0375 0.0359375
0 0.49375 0.46171875 0.05 0.0671875
0 0.5296875 0.48671875 0.040625 0.06875
0 0.75 0.8359375 0.0734375 0.05
0 0.75078125 0.7953125 0.0703125 0.0671875