0 0.62578125 0.784375 0.1109375 0.084375
0 0.46328125 0.90859375 0.1140625 0.1234375
0 0.51328125 0.7046875 0.125 0.1125
0 0.31640625 0.88984375 0.096875 0.065625
0 0.91171875 0.8 0.1390625 0.0984375
0 0.8234375 0.71328125 0.08125 0.0625
0 0.6640625 0.65 0.08125 0.090625
0 0.6359375 0.50390625 0.1078125 0.0875
0 0.17265625 0.5484375 0.084375 0.0546875
0 0.1984375 0.69765625 0.078125 0.0484375
0 0.29921875 0.61328125 0.0859375 0.04375
0 0.8203125 0.86484375 0.0609375 0.05
0 0.759375 0.9734375 0.05 0.053125
0 0.04375 0.50546875 0.0875 0.0609375
0 0.91796875 0.60234375 0.103125 0.0765625