0 0.54453125 0.92578125 0.2078125 0.1484375
0 0.6578125 0.8609375 0.20625 0.2421875
0 0.7953125 0.803125 0.171875 0.159375
0 0.93203125 0.84609375 0.1359375 0.1390625
0 0.9375 0.7203125 0.125 0.1625
0 0.85078125 0.6046875 0.1765625 0.1625
0 0.78046875 0.69609375 0.203125 0.19375
0 0.5953125 0.7546875 0.178125 0.178125
0 0.45859375 0.703125 0.1859375 0.159375
0 0.21640625 0.75859375 0.1734375 0.2125
0 0.06640625 0.62890625 0.11875 0.121875
0 0.30859375 0.6171875 0.1390625 0.1421875
0 0.48984375 0.596875 0.16875 0.1578125
0 0.58828125 0.53984375 0.178125 0.20625
0 0.65859375 0.553125 0.1484375 0.1734375
0 0.671875 0.50234375 0.2140625 0.1828125
0 0.4109375 0.43359375 0.18125 0.140625