0 0.28125 0.10859375 0.125 0.1390625
0 0.43046875 0.07734375 0.1453125 0.1546875
0 0.6109375 0.1109375 0.1890625 0.1953125
0 0.54609375 0.0296875 0.1484375 0.059375
0 0.4546875 0.228125 0.1484375 0.1703125
0 0.3375 0.23125 0.11875 0.1015625
0 0.3515625 0.17109375 0.1046875 0.103125
0 0.23515625 0.384375 0.14375 0.1671875
0 0.0625 0.5453125 0.125 0.171875
0 0.06875 0.63828125 0.121875 0.1421875
0 0.18203125 0.71015625 0.1140625 0.128125
0 0.2890625 0.7015625 0.090625 0.103125
0 0.2359375 0.7765625 0.090625 0.11875
0 0.35 0.51171875 0.1578125 0.1453125
0 0.26796875 0.49921875 0.14375 0.1453125
0 0.3296875 0.39453125 0.128125 0.1375
0 0.5015625 0.3234375 0.1765625 0.1640625
0 0.80234375 0.31484375 0.1125 0.1015625
0 0.89296875 0.20703125 0.1125 0.1203125
0 0.9265625 0.2921875 0.090625 0.1046875
0 0.853125 0.434375 0.11875 0.0984375
0 0.7265625 0.34921875 0.125 0.1
0 0.62890625 0.27265625 0.09375 0.0796875
0 0.65625 0.4703125 0.171875 0.1203125
0 0.57890625 0.66171875 0.1859375 0.14375
0 0.48515625 0.62890625 0.1078125 0.11875
0 0.4890625 0.75 0.125 0.1140625
0 0.88203125 0.7703125 0.2046875 0.18125
0 0.81875 0.68046875 0.1265625 0.115625
0 0.70625 0.72890625 0.1109375 0.1140625
0 0.93203125 0.54765625 0.1359375 0.1359375
0 0.9484375 0.646875 0.103125 0.209375
0 0.4796875 0.5265625 0.1328125 0.1265625