0 0.58125 0.440625 0.1671875 0.1125
0 0.51796875 0.24375 0.1171875 0.09375
0 0.27421875 0.27890625 0.0859375 0.05625
0 0.7671875 0.1875 0.121875 0.0890625
0 0.95234375 0.5140625 0.0953125 0.0625
0 0.73828125 0.5171875 0.071875 0.0515625
0 0.60703125 0.56640625 0.084375 0.0640625
0 0.3953125 0.65 0.0859375 0.05625
0 0.690625 0.04140625 0.109375 0.0828125
0 0.66953125 0.375 0.084375 0.0546875
0 0.74609375 0.30546875 0.0921875 0.065625
0 0.77109375 0.4421875 0.0984375 0.078125
0 0.65859375 0.21484375 0.0671875 0.0375
0 0.71484375 0.4078125 0.071875 0.0796875