0 0.65859375 0.5828125 0.1359375 0.1109375
0 0.8015625 0.8328125 0.115625 0.1046875
0 0.80078125 0.95625 0.1046875 0.075
0 0.50625 0.884375 0.0890625 0.1203125
0 0.56953125 0.71015625 0.1015625 0.1265625
0 0.4265625 0.62265625 0.096875 0.0796875
0 0.41171875 0.70625 0.0609375 0.0578125
0 0.44375 0.75234375 0.06875 0.0625
0 0.42890625 0.81875 0.0875 0.071875
0 0.459375 0.86875 0.0703125 0.06875
0 0.3765625 0.86171875 0.0921875 0.06875
0 0.371875 0.90390625 0.103125 0.0875
0 0.25390625 0.92109375 0.0828125 0.06875
0 0.1765625 0.9265625 0.0703125 0.0640625
0 0.12109375 0.89921875 0.1078125 0.10625
0 0.0671875 0.88671875 0.1171875 0.115625
0 0.1671875 0.64296875 0.1140625 0.0953125
0 0.06484375 0.62421875 0.1296875 0.1609375
0 0.2203125 0.52578125 0.103125 0.06875
0 0.33671875 0.5140625 0.0921875 0.084375
0 0.37421875 0.48125 0.0796875 0.0625
0 0.51875 0.45078125 0.10625 0.1015625
0 0.43203125 0.56875 0.071875 0.0671875
0 0.434375 0.41640625 0.0703125 0.08125
0 0.14765625 0.2625 0.1265625 0.084375
0 0.2375 0.409375 0.0921875 0.075
0 0.21328125 0.73984375 0.06875 0.0734375
0 0.3 0.69375 0.071875 0.084375
0 0.92890625 0.6859375 0.103125 0.08125