0 0.49375 0.63203125 0.090625 0.0890625
0 0.27578125 0.64140625 0.0859375 0.0625
0 0.10390625 0.6671875 0.090625 0.0703125
0 0.534375 0.4484375 0.0984375 0.0796875
0 0.4703125 0.50546875 0.0609375 0.065625
0 0.55 0.32890625 0.0578125 0.0609375
0 0.70859375 0.62890625 0.0625 0.059375
0 0.71484375 0.596875 0.0703125 0.071875
0 0.69375 0.865625 0.090625 0.078125
0 0.33046875 0.8203125 0.0953125 0.125
0 0.43359375 0.759375 0.059375 0.1171875
0 0.8015625 0.35234375 0.05 0.0609375
0 0.29609375 0.778125 0.0796875 0.0703125
0 0.50703125 0.38203125 0.071875 0.0734375