0 0.62265625 0.23203125 0.1890625 0.1484375
0 0.578125 0.325 0.2015625 0.1734375
0 0.5109375 0.21484375 0.08125 0.1
0 0.809375 0.4140625 0.1 0.1203125
0 0.57734375 0.45078125 0.2140625 0.21875
0 0.3046875 0.3640625 0.1828125 0.13125
0 0.73671875 0.5953125 0.1640625 0.1234375
0 0.6203125 0.6109375 0.16875 0.1546875
0 0.68359375 0.728125 0.109375 0.0984375
0 0.428125 0.4859375 0.1734375 0.1328125
0 0.43203125 0.40234375 0.1578125 0.134375
0 0.4203125 0.56484375 0.1515625 0.1375
0 0.13359375 0.7234375 0.178125 0.1390625
0 0.42734375 0.21875 0.171875 0.19375