0 0.34765625 0.2765625 0.19375 0.1734375
0 0.45625 0.2390625 0.09375 0.103125
0 0.62578125 0.18203125 0.1859375 0.19375
0 0.828125 0.7515625 0.1796875 0.18125
0 0.82734375 0.92734375 0.1234375 0.1453125
0 0.3875 0.3515625 0.21875 0.1796875
0 0.26484375 0.475 0.159375 0.1578125
0 0.446875 0.4828125 0.1671875 0.1875
0 0.53671875 0.42578125 0.1515625 0.121875
0 0.65234375 0.39296875 0.1671875 0.1421875
0 0.5640625 0.4953125 0.1578125 0.103125
0 0.64609375 0.5390625 0.075 0.0859375
0 0.553125 0.58671875 0.1640625 0.1296875
0 0.46171875 0.6609375 0.1734375 0.146875
0 0.3734375 0.61953125 0.171875 0.125
0 0.278125 0.5984375 0.1953125 0.196875
0 0.33671875 0.74609375 0.1296875 0.1203125