0 0.44921875 0.28046875 0.1265625 0.109375
0 0.446875 0.459375 0.1640625 0.1203125
0 0.55234375 0.56953125 0.1015625 0.0828125
0 0.4734375 0.6515625 0.084375 0.084375
0 0.478125 0.175 0.078125 0.0796875
0 0.19921875 0.265625 0.10625 0.090625
0 0.58984375 0.07734375 0.0796875 0.0671875
0 0.58359375 0.15234375 0.0796875 0.0671875
0 0.5734375 0.2203125 0.065625 0.0484375
0 0.5984375 0.25546875 0.0671875 0.0578125
0 0.60703125 0.37109375 0.0828125 0.078125
0 0.60390625 0.43359375 0.0828125 0.0625
0 0.69296875 0.22734375 0.090625 0.09375
0 0.81640625 0.1125 0.0796875 0.15625
0 0.7953125 0.24140625 0.128125 0.0875
0 0.75859375 0.328125 0.071875 0.10625
0 0.76484375 0.41796875 0.08125 0.06875
0 0.696875 0.45234375 0.0546875 0.0484375
0 0.6796875 0.5015625 0.078125 0.0578125
0 0.85625 0.53046875 0.084375 0.065625
0 0.94140625 0.67109375 0.1171875 0.0890625
0 0.46796875 0.06484375 0.1203125 0.1296875
0 0.45234375 0.12265625 0.0609375 0.0765625