0 0.2046875 0.4328125 0.24375 0.1296875
0 0.3640625 0.1921875 0.15625 0.1609375
0 0.46953125 0.08828125 0.084375 0.084375
0 0.58046875 0.07890625 0.0546875 0.053125
0 0.43984375 0.1671875 0.0578125 0.0640625
0 0.63828125 0.284375 0.0734375 0.0703125
0 0.925 0.1734375 0.0828125 0.0859375
0 0.95703125 0.390625 0.08125 0.103125
0 0.8796875 0.5 0.08125 0.0515625
0 0.721875 0.6328125 0.1078125 0.0796875
0 0.321875 0.565625 0.1109375 0.0890625
0 0.33046875 0.4953125 0.0953125 0.0515625
0 0.1109375 0.53125 0.0984375 0.053125
0 0.2046875 0.55859375 0.0890625 0.0484375
0 0.225 0.271875 0.05 0.1046875
0 0.1265625 0.21484375 0.1140625 0.084375
0 0.1390625 0.046875 0.1296875 0.0734375
0 0.2765625 0.06328125 0.05625 0.0421875
0 0.35546875 0.07265625 0.046875 0.084375
0 0.46875 0.45234375 0.0625 0.084375
0 0.83984375 0.1046875 0.05625 0.0625
0 0.25859375 0.3421875 0.0765625 0.0671875