0 0.18125 0.81484375 0.1453125 0.196875
0 0.1015625 0.878125 0.1609375 0.146875
0 0.2078125 0.959375 0.134375 0.08125
0 0.09453125 0.7 0.134375 0.1328125
0 0.2140625 0.6328125 0.0921875 0.16875
0 0.1625 0.6828125 0.046875 0.1015625
0 0.12109375 0.48671875 0.1140625 0.1640625
0 0.06953125 0.553125 0.0859375 0.10625
0 0.04765625 0.5171875 0.0953125 0.096875
0 0.0640625 0.3890625 0.128125 0.159375
0 0.0515625 0.2421875 0.103125 0.1625
0 0.13203125 0.309375 0.1171875 0.140625
0 0.18984375 0.17890625 0.1484375 0.3171875
0 0.2875 0.2375 0.103125 0.2015625
0 0.3140625 0.075 0.1046875 0.1328125
0 0.40703125 0.12734375 0.1421875 0.1578125
0 0.390625 0.3234375 0.1234375 0.1234375
0 0.42578125 0.47578125 0.171875 0.2125
0 0.4359375 0.54375 0.1453125 0.125
0 0.34375 0.546875 0.103125 0.1375
0 0.3796875 0.79296875 0.0890625 0.25
0 0.321875 0.77421875 0.1140625 0.1875
0 0.34921875 0.88984375 0.075 0.090625
0 0.3765625 0.9828125 0.1 0.034375
0 0.25859375 0.75625 0.0484375 0.134375
0 0.52109375 0.9828125 0.0609375 0.034375
0 0.6171875 0.94765625 0.1203125 0.0984375
0 0.52109375 0.85390625 0.08125 0.0953125
0 0.63515625 0.8828125 0.059375 0.0671875
0 0.7359375 0.9171875 0.15 0.14375
0 0.79375 0.9546875 0.0796875 0.05625
0 0.68515625 0.828125 0.0953125 0.13125
0 0.80546875 0.8203125 0.2015625 0.16875
0 0.9109375 0.8765625 0.178125 0.165625
0 0.96875 0.91796875 0.0625 0.1015625
0 0.9046875 0.7140625 0.1546875 0.1328125
0 0.94296875 0.63359375 0.1140625 0.1078125
0 0.7765625 0.59609375 0.221875 0.196875
0 0.66953125 0.67265625 0.103125 0.1359375
0 0.60546875 0.72578125 0.0859375 0.121875
0 0.56796875 0.775 0.1078125 0.15625
0 0.44453125 0.75078125 0.0703125 0.140625
0 0.51171875 0.70859375 0.1078125 0.1359375
0 0.8921875 0.45859375 0.1546875 0.175
0 0.95390625 0.49296875 0.0921875 0.2046875
0 0.76953125 0.4453125 0.1015625 0.146875
0 0.7421875 0.3484375 0.1640625 0.1359375
0 0.5796875 0.396875 0.1609375 0.2234375
0 0.5875 0.24453125 0.121875 0.1375
0 0.5390625 0.21796875 0.0890625 0.121875
0 0.4671875 0.2765625 0.0890625 0.1265625
0 0.625 0.096875 0.0921875 0.134375
0 0.82265625 0.04453125 0.0828125 0.0890625
0 0.91640625 0.12109375 0.128125 0.1875
0 0.8546875 0.19609375 0.0953125 0.121875
0 0.72265625 0.16015625 0.1875 0.2171875
0 0.72578125 0.26484375 0.1515625 0.18125
0 0.2078125 0.446875 0.0765625 0.1140625