0 0.30546875 0.86953125 0.2015625 0.2609375
0 0.096875 0.290625 0.178125 0.221875
0 0.04375 0.278125 0.0875 0.16875
0 0.078125 0.14453125 0.134375 0.1296875
0 0.46796875 0.04765625 0.1265625 0.0953125
0 0.60078125 0.04296875 0.1765625 0.0859375
0 0.69140625 0.09609375 0.2078125 0.1921875
0 0.77890625 0.05234375 0.1953125 0.1046875
0 0.846875 0.06015625 0.134375 0.1203125
0 0.815625 0.16640625 0.1796875 0.1921875
0 0.86484375 0.21328125 0.1640625 0.1375
0 0.73125 0.2984375 0.2421875 0.2390625
0 0.603125 0.265625 0.1171875 0.128125
0 0.5359375 0.23203125 0.0828125 0.1046875
0 0.48046875 0.2265625 0.1265625 0.15
0 0.41015625 0.1484375 0.0875 0.096875
0 0.2921875 0.24453125 0.115625 0.2265625
0 0.23671875 0.29765625 0.153125 0.2296875
0 0.240625 0.47421875 0.125 0.225
0 0.18671875 0.45625 0.1046875 0.18125
0 0.0703125 0.4453125 0.140625 0.165625
0 0.146875 0.6328125 0.1453125 0.1734375
0 0.08515625 0.5703125 0.103125 0.121875
0 0.10625 0.73828125 0.15625 0.1875
0 0.12734375 0.87890625 0.1171875 0.1328125
0 0.38359375 0.82734375 0.1765625 0.2375
0 0.521875 0.88984375 0.15625 0.1890625
0 0.45234375 0.94375 0.1484375 0.1125
0 0.4390625 0.5515625 0.209375 0.221875
0 0.340625 0.5140625 0.09375 0.15
0 0.5984375 0.56484375 0.1953125 0.2265625
0 0.78046875 0.57578125 0.1890625 0.146875
0 0.93984375 0.3578125 0.1203125 0.2
0 0.88515625 0.43359375 0.178125 0.2125
0 0.9671875 0.721875 0.065625 0.2
0 0.9484375 0.67265625 0.0953125 0.128125
0 0.82421875 0.759375 0.2359375 0.271875
0 0.65234375 0.71171875 0.121875 0.1640625
0 0.5453125 0.72734375 0.10625 0.146875
0 0.4109375 0.67734375 0.096875 0.1375
0 0.2546875 0.646875 0.0921875 0.1390625
0 0.74296875 0.85859375 0.134375 0.14375