0 0.49140625 0.06015625 0.125 0.115625
0 0.63359375 0.08125 0.0984375 0.0890625
0 0.44609375 0.26171875 0.14375 0.1234375
0 0.30078125 0.32578125 0.125 0.096875
0 0.14609375 0.39921875 0.165625 0.0796875
0 0.3953125 0.484375 0.0640625 0.084375
0 0.78046875 0.31484375 0.0625 0.0578125
0 0.7453125 0.409375 0.0796875 0.05
0 0.94609375 0.51953125 0.1015625 0.0671875
0 0.93828125 0.3625 0.1234375 0.10625
0 0.10078125 0.1921875 0.1484375 0.0875
0 0.384375 0.04765625 0.078125 0.0953125
0 0.1421875 0.64453125 0.1140625 0.0921875