0 0.6 0.38203125 0.2765625 0.2
0 0.41640625 0.26875 0.15625 0.153125
0 0.371875 0.48359375 0.1140625 0.1109375
0 0.4859375 0.66640625 0.2859375 0.2515625
0 0.5734375 0.27734375 0.075 0.0859375
0 0.7625 0.19296875 0.2890625 0.25625
0 0.68046875 0.1453125 0.1921875 0.171875
0 0.19375 0.31484375 0.09375 0.084375
0 0.06171875 0.42890625 0.1046875 0.0859375
0 0.1765625 0.5421875 0.084375 0.0625
0 0.18359375 0.58671875 0.0640625 0.046875
0 0.9328125 0.37734375 0.0625 0.071875
0 0.74609375 0.3453125 0.0765625 0.06875
0 0.76484375 0.4 0.0546875 0.0546875
0 0.72890625 0.45625 0.09375 0.078125
0 0.42734375 0.4640625 0.0796875 0.0640625
0 0.32578125 0.40234375 0.0578125 0.0921875
0 0.1046875 0.128125 0.059375 0.071875
0 0.63671875 0.5546875 0.06875 0.071875
0 0.7109375 0.565625 0.071875 0.0546875
0 0.5921875 0.5203125 0.0609375 0.0625
0 0.759375 0.546875 0.0515625 0.053125
0 0.7140625 0.53203125 0.0625 0.0515625
0 0.7375 0.621875 0.0578125 0.0609375
0 0.81640625 0.3578125 0.05 0.0625
0 0.9796875 0.19140625 0.040625 0.1046875
0 0.67734375 0.07578125 0.1 0.10625