0 0.85546875 0.28671875 0.1671875 0.1390625
0 0.709375 0.50234375 0.165625 0.1484375
0 0.5453125 0.6140625 0.2046875 0.1921875
0 0.446875 0.559375 0.1609375 0.18125
0 0.29765625 0.603125 0.1890625 0.134375
0 0.51640625 0.253125 0.228125 0.2046875
0 0.45859375 0.1671875 0.2 0.1578125
0 0.62578125 0.11875 0.1734375 0.1296875
0 0.6578125 0.31640625 0.18125 0.15
0 0.64765625 0.4359375 0.1875 0.1578125
0 0.78125 0.459375 0.159375 0.14375
0 0.45078125 0.453125 0.125 0.1109375
0 0.31328125 0.4859375 0.1859375 0.165625
0 0.30703125 0.36484375 0.1640625 0.2015625
0 0.2421875 0.36796875 0.153125 0.1125