0 0.46796875 0.37265625 0.2515625 0.2515625
0 0.58125 0.25859375 0.2234375 0.30625
0 0.6796875 0.12265625 0.25625 0.175
0 0.8421875 0.33671875 0.2296875 0.215625
0 0.884375 0.50546875 0.21875 0.2015625
0 0.94140625 0.5703125 0.1171875 0.1625
0 0.859375 0.66953125 0.225 0.2078125
0 0.65390625 0.7234375 0.16875 0.178125
0 0.6171875 0.8484375 0.1390625 0.1609375
0 0.4859375 0.8578125 0.140625 0.175
0 0.48359375 0.94765625 0.1046875 0.1046875
0 0.171875 0.6921875 0.20625 0.1765625
0 0.203125 0.53671875 0.23125 0.2046875
0 0.346875 0.55859375 0.2015625 0.209375
0 0.34765625 0.76796875 0.0984375 0.1421875
0 0.3671875 0.85390625 0.0859375 0.1328125
0 0.515625 0.5 0.2203125 0.1546875
0 0.65625 0.46484375 0.1921875 0.2296875
0 0.1859375 0.36328125 0.140625 0.1484375
0 0.1734375 0.94296875 0.19375 0.1140625
0 0.04296875 0.38671875 0.0859375 0.1359375
0 0.2375 0.1453125 0.1671875 0.1546875
0 0.2765625 0.94375 0.0734375 0.109375
0 0.83671875 0.09140625 0.2140625 0.1828125
0 0.97109375 0.73359375 0.0578125 0.1265625
0 0.88046875 0.809375 0.1328125 0.1390625
0 0.04921875 0.49140625 0.0984375 0.1421875