0 0.634375 0.603125 0.2125 0.228125
0 0.45859375 0.56796875 0.165625 0.221875
0 0.375 0.45546875 0.1921875 0.265625
0 0.2765625 0.3390625 0.1859375 0.1546875
0 0.11875 0.26796875 0.16875 0.1359375
0 0.103125 0.46953125 0.1546875 0.146875
0 0.10703125 0.6453125 0.11875 0.2015625
0 0.04453125 0.7984375 0.0578125 0.1390625
0 0.18828125 0.9296875 0.0890625 0.140625
0 0.30703125 0.88828125 0.1 0.1546875
0 0.23359375 0.753125 0.046875 0.0859375
0 0.4609375 0.9453125 0.16875 0.109375
0 0.66328125 0.83671875 0.0640625 0.084375
0 0.6875 0.45234375 0.23125 0.20625
0 0.85546875 0.26328125 0.0609375 0.0734375
0 0.8421875 0.41640625 0.0375 0.046875
0 0.8125 0.6171875 0.0484375 0.0625
0 0.91328125 0.6078125 0.0546875 0.0859375
0 0.775 0.92734375 0.0546875 0.05625
0 0.81328125 0.9375 0.03125 0.0703125
0 0.26484375 0.23671875 0.0984375 0.1125
0 0.17890625 0.63515625 0.1328125 0.1671875
0 0.78984375 0.81484375 0.053125 0.0421875
0 0.8046875 0.85625 0.0390625 0.0453125
0 0.93359375 0.85390625 0.0390625 0.0765625
0 0.98828125 0.90234375 0.0234375 0.0609375
0 0.78984375 0.696875 0.0390625 0.0640625
0 0.8671875 0.78046875 0.0453125 0.0578125