0 0.725 0.2625 0.103125 0.103125
0 0.6390625 0.36328125 0.0484375 0.0734375
0 0.5328125 0.4109375 0.0953125 0.1375
0 0.1203125 0.65078125 0.1 0.1296875
0 0.378125 0.55859375 0.053125 0.078125
0 0.4296875 0.6578125 0.0546875 0.090625
0 0.5140625 0.6421875 0.09375 0.125
0 0.5671875 0.67109375 0.1015625 0.13125
0 0.4578125 0.81796875 0.0390625 0.05625
0 0.37734375 0.86015625 0.0578125 0.11875
0 0.2921875 0.853125 0.065625 0.078125
0 0.42109375 0.75625 0.0765625 0.090625
0 0.73046875 0.70234375 0.121875 0.109375
0 0.82578125 0.609375 0.0515625 0.0625
0 0.9703125 0.6609375 0.059375 0.115625
0 0.91015625 0.64453125 0.0515625 0.0625
0 0.91015625 0.38359375 0.0703125 0.115625
0 0.78046875 0.42421875 0.0609375 0.071875
0 0.72734375 0.434375 0.0859375 0.08125
0 0.80390625 0.4609375 0.08125 0.0984375
0 0.8109375 0.37734375 0.0578125 0.075
0 0.59453125 0.4984375 0.06875 0.121875
0 0.54453125 0.49921875 0.0546875 0.0625
0 0.5375 0.55234375 0.0328125 0.05625
0 0.30859375 0.6421875 0.0546875 0.05625
0 0.23984375 0.70234375 0.0421875 0.0671875
0 0.98984375 0.50078125 0.0203125 0.0609375
0 0.96640625 0.5078125 0.0421875 0.0421875
0 0.859375 0.6953125 0.0515625 0.0609375