0 0.7453125 0.23671875 0.175 0.1609375
0 0.646875 0.1546875 0.0671875 0.134375
0 0.58828125 0.13359375 0.0953125 0.065625
0 0.565625 0.21875 0.090625 0.13125
0 0.59140625 0.240625 0.0578125 0.0640625
0 0.69765625 0.1296875 0.05625 0.103125
0 0.75078125 0.0734375 0.1015625 0.090625
0 0.76953125 0.1203125 0.0640625 0.1109375
0 0.83671875 0.15078125 0.059375 0.09375
0 0.81953125 0.25234375 0.0578125 0.0703125
0 0.92734375 0.30625 0.1453125 0.121875
0 0.9609375 0.3625 0.078125 0.096875
0 0.85234375 0.42421875 0.1890625 0.1234375
0 0.859375 0.4828125 0.146875 0.0953125
0 0.76015625 0.4734375 0.0671875 0.0546875
0 0.815625 0.5515625 0.309375 0.2078125
0 0.55 0.48984375 0.0921875 0.090625
0 0.58125 0.5390625 0.0890625 0.071875
0 0.5109375 0.45546875 0.071875 0.06875
0 0.47890625 0.54375 0.0609375 0.0734375
0 0.29453125 0.49765625 0.0875 0.0828125
0 0.2046875 0.6046875 0.0953125 0.0875
0 0.20703125 0.315625 0.1328125 0.1015625
0 0.10390625 0.1453125 0.1171875 0.096875
0 0.25390625 0.025 0.0859375 0.05
0 0.44609375 0.0359375 0.1203125 0.071875
0 0.365625 0.02890625 0.096875 0.0578125
0 0.46640625 0.10390625 0.078125 0.0703125
0 0.33359375 0.2421875 0.096875 0.1
0 0.44140625 0.1859375 0.084375 0.0609375
0 0.64921875 0.03671875 0.078125 0.0484375
0 0.53359375 0.63046875 0.0734375 0.075
0 0.7671875 0.7140625 0.0875 0.09375
0 0.79921875 0.66953125 0.059375 0.071875
0 0.75390625 0.615625 0.0671875 0.0578125
0 0.0609375 0.7546875 0.121875 0.0921875
0 0.08203125 0.425 0.06875 0.0734375