0 0.478125 0.9390625 0.13125 0.121875
0 0.3375 0.90859375 0.103125 0.0953125
0 0.53671875 0.74140625 0.15 0.13125
0 0.68671875 0.6875 0.1296875 0.1046875
0 0.84609375 0.625 0.16875 0.090625
0 0.603125 0.52265625 0.06875 0.0875
0 0.2078125 0.66484375 0.065625 0.0609375
0 0.24921875 0.5734375 0.08125 0.0546875
0 0.05703125 0.44921875 0.1046875 0.0734375
0 0.05859375 0.6046875 0.1171875 0.115625
0 0.8765625 0.834375 0.153125 0.096875
0 0.58203125 0.95390625 0.0859375 0.0921875
0 0.8671875 0.38046875 0.11875 0.0984375