0 0.48984375 0.2625 0.0609375 0.0984375
0 0.59765625 0.2453125 0.1515625 0.1171875
0 0.70078125 0.19453125 0.1390625 0.115625
0 0.78046875 0.3328125 0.1953125 0.146875
0 0.7453125 0.43671875 0.15625 0.1390625
0 0.8703125 0.43125 0.13125 0.1125
0 0.946875 0.48359375 0.10625 0.1078125
0 0.96015625 0.7484375 0.0796875 0.15
0 0.984375 0.81640625 0.03125 0.0859375
0 0.81953125 0.7234375 0.1984375 0.221875
0 0.87578125 0.81875 0.1015625 0.1515625
0 0.590625 0.79453125 0.06875 0.0796875
0 0.515625 0.721875 0.1171875 0.1015625
0 0.68359375 0.87265625 0.0546875 0.0890625
0 0.4015625 0.978125 0.071875 0.04375
0 0.27421875 0.9671875 0.0765625 0.065625
0 0.278125 0.89375 0.075 0.0828125
0 0.190625 0.8375 0.0921875 0.09375
0 0.33359375 0.93203125 0.096875 0.103125
0 0.38671875 0.859375 0.0453125 0.065625
0 0.39296875 0.784375 0.0609375 0.0765625
0 0.35859375 0.79609375 0.0421875 0.059375
0 0.21328125 0.3390625 0.1734375 0.165625
0 0.1171875 0.5125 0.1203125 0.0984375
0 0.15234375 0.5796875 0.0578125 0.078125
0 0.70703125 0.52265625 0.046875 0.034375
0 0.378125 0.56953125 0.08125 0.0921875
0 0.12421875 0.29921875 0.075 0.090625
0 0.009375 0.34140625 0.01875 0.0734375
0 0.034375 0.46953125 0.0546875 0.0671875
0 0.55234375 0.9296875 0.0515625 0.05625
0 0.5375 0.8796875 0.046875 0.0578125
0 0.475 0.5125 0.05625 0.0703125
0 0.5703125 0.675 0.0546875 0.0484375
0 0.62734375 0.715625 0.059375 0.065625
0 0.6609375 0.55 0.04375 0.059375
0 0.23046875 0.23671875 0.0703125 0.084375