0 0.86640625 0.065625 0.1328125 0.13125
0 0.7046875 0.14296875 0.0828125 0.1046875
0 0.92734375 0.22890625 0.0734375 0.09375
0 0.66796875 0.01484375 0.0859375 0.0296875
0 0.41484375 0.05390625 0.1265625 0.1078125
0 0.5703125 0.08515625 0.0671875 0.1
0 0.62578125 0.11875 0.0515625 0.0828125
0 0.53515625 0.20703125 0.05625 0.0828125
0 0.47734375 0.20078125 0.0421875 0.0609375
0 0.51484375 0.25546875 0.0453125 0.0625
0 0.4859375 0.334375 0.05 0.05625
0 0.47578125 0.37265625 0.0515625 0.0703125
0 0.49375 0.43984375 0.071875 0.0828125
0 0.459375 0.45625 0.065625 0.05625
0 0.4109375 0.4265625 0.0421875 0.04375
0 0.4109375 0.284375 0.0515625 0.071875
0 0.428125 0.590625 0.0515625 0.06875
0 0.54375 0.5578125 0.065625 0.06875
0 0.60390625 0.53515625 0.040625 0.0703125
0 0.59140625 0.61953125 0.05625 0.0640625
0 0.75234375 0.6609375 0.08125 0.08125
0 0.67890625 0.85078125 0.0953125 0.0890625
0 0.621875 0.78984375 0.0796875 0.075
0 0.62890625 0.9046875 0.0875 0.0921875
0 0.5125 0.6515625 0.053125 0.08125
0 0.39453125 0.603125 0.0640625 0.0734375
0 0.39375 0.725 0.0484375 0.0546875
0 0.35 0.8546875 0.065625 0.1
0 0.34140625 0.975 0.0796875 0.05
0 0.415625 0.93203125 0.053125 0.084375
0 0.440625 0.77890625 0.053125 0.071875
0 0.4125 0.81484375 0.040625 0.0515625
0 0.446875 0.865625 0.0515625 0.059375
0 0.48203125 0.88203125 0.0453125 0.0671875
0 0.51953125 0.8828125 0.0359375 0.046875
0 0.5078125 0.95546875 0.059375 0.065625
0 0.55 0.94921875 0.05 0.0515625
0 0.50859375 0.75546875 0.05 0.11875
0 0.53203125 0.73359375 0.0625 0.096875
0 0.596875 0.69453125 0.05625 0.0609375
0 0.396875 0.3640625 0.04375 0.071875
0 0.25546875 0.965625 0.0421875 0.0609375
0 0.87578125 0.38359375 0.0890625 0.09375