0 0.64765625 0.85859375 0.146875 0.1203125
0 0.8671875 0.965625 0.125 0.06875
0 0.89921875 0.8375 0.11875 0.10625
0 0.5625 0.64453125 0.115625 0.121875
0 0.82421875 0.2890625 0.115625 0.1703125
0 0.7328125 0.3546875 0.1328125 0.14375
0 0.69140625 0.43203125 0.078125 0.0765625
0 0.71484375 0.540625 0.090625 0.0953125
0 0.790625 0.63125 0.109375 0.090625
0 0.86953125 0.5734375 0.0578125 0.0609375
0 0.95625 0.6453125 0.0640625 0.078125
0 0.384375 0.90546875 0.0890625 0.0796875
0 0.50703125 0.95703125 0.0890625 0.078125
0 0.165625 0.8171875 0.078125 0.078125
0 0.2484375 0.9171875 0.065625 0.0671875
0 0.13046875 0.74375 0.13125 0.15
0 0.02109375 0.84375 0.0421875 0.11875
0 0.0828125 0.62265625 0.165625 0.1703125
0 0.11015625 0.51015625 0.2203125 0.1796875
0 0.1 0.41796875 0.2 0.1390625
0 0.09296875 0.25703125 0.13125 0.10625
0 0.2421875 0.403125 0.0625 0.0625
0 0.23203125 0.4890625 0.0859375 0.0859375
0 0.240625 0.62109375 0.084375 0.065625
0 0.35390625 0.6609375 0.0578125 0.0671875
0 0.378125 0.58203125 0.0578125 0.0875
0 0.4828125 0.46328125 0.08125 0.0765625