0 0.521875 0.403125 0.16875 0.165625
0 0.5484375 0.32734375 0.1453125 0.1046875
0 0.57109375 0.2234375 0.134375 0.1734375
0 0.64453125 0.275 0.0609375 0.10625
0 0.65078125 0.17421875 0.140625 0.1296875
0 0.665625 0.05078125 0.0875 0.09375
0 0.8328125 0.04453125 0.075 0.0703125
0 0.9 0.17734375 0.1578125 0.1640625
0 0.8546875 0.290625 0.1078125 0.1
0 0.940625 0.37890625 0.071875 0.2171875
0 0.87109375 0.52265625 0.14375 0.2265625
0 0.87109375 0.91875 0.1015625 0.1625
0 0.725 0.79765625 0.1578125 0.1203125
0 0.5328125 0.88203125 0.1359375 0.2
0 0.575 0.91953125 0.115625 0.1609375
0 0.6421875 0.9328125 0.040625 0.134375
0 0.9015625 0.82578125 0.1375 0.1515625
0 0.2140625 0.9328125 0.196875 0.121875
0 0.17734375 0.77890625 0.23125 0.2484375
0 0.125 0.6390625 0.184375 0.128125
0 0.13203125 0.5375 0.159375 0.109375
0 0.22265625 0.5984375 0.065625 0.1421875
0 0.21171875 0.290625 0.1921875 0.1984375
0 0.2796875 0.3671875 0.1375 0.18125
0 0.34609375 0.2703125 0.1015625 0.1234375
0 0.35234375 0.19375 0.0984375 0.090625
0 0.40390625 0.13359375 0.1546875 0.1671875
0 0.39609375 0.04375 0.1078125 0.0875
0 0.48125 0.053125 0.09375 0.10625
0 0.52265625 0.09453125 0.075 0.1203125
0 0.31015625 0.0609375 0.1015625 0.121875
0 0.1890625 0.1140625 0.1796875 0.1859375
0 0.090625 0.10546875 0.134375 0.2109375
0 0.096875 0.21484375 0.1390625 0.1359375
0 0.09609375 0.3 0.115625 0.103125
0 0.0359375 0.40078125 0.071875 0.1734375
0 0.03203125 0.7078125 0.0640625 0.159375
0 0.42265625 0.55 0.1234375 0.221875
0 0.459375 0.6 0.1 0.1875
0 0.5921875 0.5875 0.0671875 0.128125
0 0.375 0.79453125 0.0703125 0.2515625
0 0.38828125 0.7328125 0.121875 0.1296875
0 0.55234375 0.60859375 0.05 0.159375
0 0.67265625 0.7046875 0.0578125 0.1765625
0 0.421875 0.8453125 0.0546875 0.11875
0 0.490625 0.79140625 0.0671875 0.09375
0 0.76484375 0.70390625 0.075 0.0859375
0 0.9203125 0.66953125 0.0765625 0.065625