0 0.55390625 0.3546875 0.2609375 0.1625
0 0.3421875 0.31171875 0.1390625 0.134375
0 0.37421875 0.528125 0.1015625 0.096875
0 0.54375 0.6609375 0.2609375 0.215625
0 0.49296875 0.265625 0.0640625 0.078125
0 0.64140625 0.12109375 0.2625 0.2203125
0 0.5484375 0.10546875 0.1734375 0.146875
0 0.14921875 0.43125 0.084375 0.071875
0 0.0640625 0.5828125 0.0953125 0.071875
0 0.21015625 0.65 0.0796875 0.0515625
0 0.2328125 0.68984375 0.059375 0.0390625
0 0.8640625 0.23671875 0.053125 0.065625
0 0.678125 0.2703125 0.06875 0.059375
0 0.7140625 0.315625 0.0484375 0.0484375
0 0.70078125 0.38046875 0.0859375 0.065625
0 0.41953125 0.49140625 0.0734375 0.053125
0 0.30234375 0.46796875 0.0453125 0.0875
0 0.0125 0.28515625 0.025 0.0671875
0 0.646875 0.5046875 0.0609375 0.0625
0 0.7203125 0.4890625 0.0671875 0.04375
0 0.59375 0.48671875 0.0546875 0.0546875
0 0.759375 0.45546875 0.0453125 0.046875
0 0.71171875 0.45703125 0.0578125 0.0421875
0 0.76484375 0.53359375 0.05 0.0546875
0 0.7484375 0.2578125 0.040625 0.0578125
0 0.85546875 0.04609375 0.0453125 0.0921875
0 0.52109375 0.04375 0.0859375 0.0875