0 0.04765625 0.4640625 0.0953125 0.096875
0 0.0578125 0.790625 0.115625 0.115625
0 0.071875 0.6515625 0.14375 0.134375
0 0.25859375 0.79140625 0.1421875 0.121875
0 0.40078125 0.621875 0.125 0.146875
0 0.5234375 0.4765625 0.090625 0.08125
0 0.30625 0.1296875 0.1234375 0.215625
0 0.3625 0.38125 0.0828125 0.071875
0 0.94296875 0.4328125 0.1140625 0.125
0 0.790625 0.59375 0.1265625 0.115625
0 0.71484375 0.8515625 0.1375 0.1296875
0 0.66328125 0.9109375 0.09375 0.0640625
0 0.82109375 0.9640625 0.1265625 0.071875
0 0.87890625 0.790625 0.1484375 0.1484375
0 0.83515625 0.69375 0.11875 0.1234375
0 0.94453125 0.5953125 0.1109375 0.128125
0 0.5890625 0.63125 0.06875 0.0875
0 0.4859375 0.95 0.0875 0.071875
0 0.559375 0.95859375 0.0625 0.065625
0 0.703125 0.72109375 0.0828125 0.0765625
0 0.69609375 0.621875 0.06875 0.059375
0 0.55703125 0.5171875 0.053125 0.0609375
0 0.76875 0.5078125 0.053125 0.0515625
0 0.275 0.43671875 0.06875 0.065625
0 0.2015625 0.5140625 0.096875 0.078125
0 0.17578125 0.7140625 0.0984375 0.08125