0 0.49140625 0.37421875 0.0640625 0.103125
0 0.46484375 0.45546875 0.075 0.0921875
0 0.32890625 0.471875 0.103125 0.0859375
0 0.3234375 0.321875 0.08125 0.109375
0 0.36796875 0.38984375 0.0546875 0.0609375
0 0.07421875 0.68359375 0.1078125 0.1515625
0 0.12734375 0.7015625 0.05 0.0609375
0 0.0875 0.45625 0.0421875 0.0796875
0 0.08359375 0.5453125 0.05625 0.0515625
0 0.51796875 0.8078125 0.1078125 0.121875
0 0.61015625 0.7328125 0.0609375 0.115625
0 0.63125 0.60078125 0.0375 0.0859375
0 0.94921875 0.721875 0.0703125 0.0953125
0 0.5875 0.87421875 0.0890625 0.1125
0 0.63671875 0.83984375 0.0703125 0.096875
0 0.79765625 0.90234375 0.0703125 0.084375
0 0.39375 0.57890625 0.0765625 0.0796875
0 0.33203125 0.5609375 0.0765625 0.096875
0 0.49140625 0.5234375 0.08125 0.0859375
0 0.45078125 0.58203125 0.04375 0.0609375
0 0.5046875 0.72578125 0.0515625 0.0859375
0 0.821875 0.77890625 0.0609375 0.0703125
0 0.21171875 0.45078125 0.046875 0.071875
0 0.25859375 0.49609375 0.046875 0.0734375
0 0.1765625 0.61484375 0.059375 0.103125
0 0.171875 0.05390625 0.0421875 0.0484375