0 0.5 0.6625 0.175 0.1625
0 0.27734375 0.74296875 0.25625 0.25
0 0.14921875 0.6625 0.2828125 0.35625
0 0.20078125 0.928125 0.1890625 0.14375
0 0.1109375 0.90625 0.0953125 0.1453125
0 0.31953125 0.9046875 0.2234375 0.190625
0 0.46953125 0.81328125 0.165625 0.1671875
0 0.528125 0.9328125 0.15 0.134375
0 0.6703125 0.92890625 0.1546875 0.1171875
0 0.815625 0.84140625 0.175 0.18125
0 0.69296875 0.87578125 0.134375 0.1234375
0 0.6796875 0.784375 0.2 0.1875
0 0.62421875 0.71171875 0.134375 0.15
0 0.68984375 0.65625 0.0890625 0.0953125
0 0.7734375 0.6828125 0.16875 0.165625
0 0.83671875 0.5203125 0.25625 0.3140625
0 0.71796875 0.57890625 0.203125 0.19375
0 0.69140625 0.440625 0.1125 0.178125
0 0.9765625 0.74453125 0.046875 0.1609375
0 0.9421875 0.76640625 0.109375 0.1109375
0 0.9359375 0.5359375 0.128125 0.240625
0 0.94375 0.3578125 0.1109375 0.2
0 0.85625 0.2671875 0.2359375 0.2
0 0.834375 0.121875 0.21875 0.203125
0 0.85234375 0.028125 0.1203125 0.05625
0 0.6421875 0.071875 0.234375 0.14375
0 0.53359375 0.1015625 0.2609375 0.203125
0 0.33359375 0.13828125 0.1703125 0.1640625
0 0.253125 0.2875 0.2109375 0.1953125
0 0.2703125 0.37265625 0.15 0.1375
0 0.325 0.54765625 0.146875 0.1375
0 0.35234375 0.48125 0.128125 0.1265625
0 0.1671875 0.43203125 0.2109375 0.1859375
0 0.05234375 0.44765625 0.1046875 0.1734375
0 0.0296875 0.2703125 0.059375 0.15
0 0.078125 0.13046875 0.15625 0.1296875
0 0.5796875 0.46640625 0.2140625 0.240625
0 0.5125 0.33515625 0.2484375 0.2828125
0 0.634375 0.334375 0.1734375 0.1703125
0 0.62578125 0.58984375 0.1109375 0.1375
0 0.4640625 0.54921875 0.1671875 0.1921875
0 0.21171875 0.56484375 0.11875 0.13125