0 0.0921875 0.3921875 0.184375 0.33125
0 0.21640625 0.5265625 0.153125 0.3375
0 0.29296875 0.6140625 0.215625 0.25625
0 0.25546875 0.8 0.1984375 0.246875
0 0.38203125 0.76171875 0.1609375 0.215625
0 0.3984375 0.909375 0.15 0.178125
0 0.5546875 0.76796875 0.2390625 0.3046875
0 0.43984375 0.22890625 0.18125 0.15625
0 0.4375 0.34140625 0.1578125 0.165625
0 0.42578125 0.06015625 0.1140625 0.1203125
0 0.51328125 0.06484375 0.0859375 0.1296875
0 0.678125 0.0828125 0.0921875 0.14375
0 0.83828125 0.07421875 0.1765625 0.10625
0 0.7359375 0.28984375 0.171875 0.11875
0 0.14375 0.25703125 0.1765625 0.190625
0 0.1671875 0.4 0.1328125 0.1359375
0 0.55546875 0.31640625 0.1078125 0.16875