0 0.771875 0.640625 0.2046875 0.1734375
0 0.63046875 0.11953125 0.1453125 0.15625
0 0.52265625 0.30390625 0.1609375 0.1515625
0 0.65390625 0.409375 0.13125 0.18125
0 0.51171875 0.16640625 0.15 0.1703125
0 0.31875 0.4484375 0.16875 0.1671875
0 0.22578125 0.634375 0.1921875 0.140625
0 0.553125 0.74453125 0.1578125 0.1875
0 0.4203125 0.621875 0.1609375 0.184375
0 0.12578125 0.25 0.153125 0.1828125
0 0.92421875 0.78359375 0.1515625 0.2609375
0 0.84296875 0.7984375 0.253125 0.2453125
0 0.65703125 0.87578125 0.15 0.215625
0 0.35546875 0.76484375 0.15 0.19375
0 0.27890625 0.84609375 0.1328125 0.240625
0 0.046875 0.43828125 0.09375 0.1390625
0 0.3921875 0.2 0.15 0.2328125