0 0.23828125 0.76171875 0.2171875 0.1765625
0 0.096875 0.8296875 0.1265625 0.1515625
0 0.15546875 0.71015625 0.1578125 0.1640625
0 0.2078125 0.55625 0.16875 0.1515625
0 0.396875 0.4671875 0.14375 0.240625
0 0.428125 0.71953125 0.1890625 0.203125
0 0.5359375 0.93203125 0.128125 0.1359375
0 0.56875 0.82109375 0.071875 0.078125
0 0.28984375 0.978125 0.1390625 0.04375
0 0.6125 0.18671875 0.165625 0.3734375
0 0.74296875 0.25390625 0.2171875 0.38125
0 0.375 0.18984375 0.1703125 0.2296875
0 0.17109375 0.13359375 0.2234375 0.2078125
0 0.03984375 0.59765625 0.071875 0.0859375
0 0.52734375 0.47578125 0.0578125 0.08125
0 0.53359375 0.5515625 0.0515625 0.0734375
0 0.61171875 0.49765625 0.0484375 0.0515625
0 0.634375 0.39296875 0.0421875 0.0625
0 0.61953125 0.65078125 0.05 0.0484375
0 0.68125 0.4828125 0.05 0.075
0 0.734375 0.79765625 0.0484375 0.075
0 0.70546875 0.85390625 0.0578125 0.05
0 0.62578125 0.88828125 0.04375 0.0609375
0 0.678125 0.90703125 0.046875 0.071875
0 0.9359375 0.83984375 0.0484375 0.0671875