0 0.321875 0.77734375 0.184375 0.184375
0 0.146875 0.81796875 0.115625 0.159375
0 0.21875 0.82578125 0.1296875 0.146875
0 0.2140625 0.71953125 0.1375 0.13125
0 0.25625 0.590625 0.175 0.1578125
0 0.37890625 0.93515625 0.1578125 0.1296875
0 0.43515625 0.85234375 0.18125 0.1671875
0 0.5671875 0.81640625 0.15625 0.2546875
0 0.52734375 0.14609375 0.2015625 0.2921875
0 0.2109375 0.12734375 0.2421875 0.1875
0 0.35 0.18984375 0.1 0.2015625
0 0.3828125 0.453125 0.115625 0.2953125
0 0.69453125 0.1625 0.1796875 0.325