0 0.34453125 0.32109375 0.075 0.0921875
0 0.34609375 0.47578125 0.04375 0.0796875
0 0.46875 0.40390625 0.0796875 0.0828125
0 0.27421875 0.67109375 0.0625 0.090625
0 0.1984375 0.7171875 0.090625 0.140625
0 0.04765625 0.846875 0.09375 0.1609375
0 0.06171875 0.94375 0.0859375 0.0703125
0 0.20390625 0.89609375 0.0578125 0.0921875
0 0.3390625 0.7859375 0.0625 0.103125
0 0.40390625 0.6078125 0.0671875 0.1109375
0 0.4609375 0.6265625 0.0578125 0.078125
0 0.51640625 0.75390625 0.0875 0.1421875
0 0.71796875 0.6046875 0.084375 0.078125
0 0.80703125 0.72578125 0.084375 0.09375
0 0.7703125 0.69296875 0.0453125 0.09375
0 0.91484375 0.6 0.0546875 0.103125
0 0.953125 0.690625 0.078125 0.08125
0 0.94609375 0.4046875 0.103125 0.1359375
0 0.89609375 0.37734375 0.06875 0.078125
0 0.78515625 0.42421875 0.05625 0.1265625
0 0.72578125 0.41953125 0.059375 0.11875
0 0.7015625 0.33671875 0.0609375 0.090625
0 0.01015625 0.54609375 0.0203125 0.0578125