0 0.82578125 0.5546875 0.0828125 0.1125
0 0.87421875 0.6484375 0.0734375 0.0796875
0 0.796875 0.57578125 0.05625 0.059375
0 0.68828125 0.5453125 0.0765625 0.0859375
0 0.803125 0.30625 0.115625 0.13125
0 0.59921875 0.33203125 0.0671875 0.078125
0 0.5265625 0.17421875 0.06875 0.0890625
0 0.51328125 0.1078125 0.0625 0.096875
0 0.4546875 0.16640625 0.05625 0.0671875
0 0.49375 0.20703125 0.0609375 0.0828125
0 0.49453125 0.3140625 0.06875 0.0859375
0 0.328125 0.29453125 0.075 0.0640625
0 0.3296875 0.24375 0.075 0.084375
0 0.17578125 0.08515625 0.05 0.0609375