0 0.5046875 0.27734375 0.234375 0.290625
0 0.771875 0.3 0.20625 0.2
0 0.740625 0.4078125 0.2328125 0.2671875
0 0.8140625 0.465625 0.1984375 0.2828125
0 0.79140625 0.63828125 0.1109375 0.15
0 0.89296875 0.67265625 0.2 0.2359375
0 0.8125 0.775 0.15625 0.1328125
0 0.19453125 0.63125 0.225 0.2609375
0 0.46015625 0.75703125 0.1359375 0.1234375
0 0.48046875 0.86875 0.14375 0.2
0 0.53828125 0.58203125 0.1421875 0.2359375
0 0.621875 0.61796875 0.16875 0.1390625
0 0.546875 0.921875 0.11875 0.15625
0 0.70859375 0.140625 0.2375 0.2328125
0 0.61328125 0.328125 0.1875 0.1640625
0 0.3921875 0.64296875 0.096875 0.153125
0 0.234375 0.8546875 0.0828125 0.0984375
0 0.05546875 0.8359375 0.084375 0.14375