0 0.625 0.7828125 0.15 0.178125
0 0.71015625 0.540625 0.203125 0.1484375
0 0.6296875 0.41484375 0.10625 0.103125
0 0.7671875 0.42265625 0.08125 0.0734375
0 0.86171875 0.515625 0.146875 0.1125
0 0.86640625 0.75234375 0.1375 0.121875
0 0.85546875 0.91015625 0.1140625 0.103125
0 0.734375 0.890625 0.071875 0.0703125
0 0.5390625 0.9015625 0.0703125 0.084375
0 0.509375 0.9734375 0.059375 0.053125
0 0.36875 0.73828125 0.0984375 0.096875
0 0.303125 0.38046875 0.1 0.08125
0 0.1375 0.553125 0.065625 0.071875
0 0.078125 0.871875 0.071875 0.096875
0 0.17421875 0.915625 0.0484375 0.0671875
0 0.0578125 0.67734375 0.0828125 0.06875
0 0.55 0.55546875 0.065625 0.0734375
0 0.61640625 0.93984375 0.0453125 0.0671875