0 0.55703125 0.67265625 0.09375 0.0859375
0 0.7734375 0.6703125 0.0953125 0.084375
0 0.53125 0.60234375 0.078125 0.08125
0 0.5515625 0.5765625 0.10625 0.0890625
0 0.55625 0.4734375 0.128125 0.14375
0 0.75390625 0.4234375 0.0671875 0.05625
0 0.74609375 0.38203125 0.0703125 0.0671875
0 0.7734375 0.1734375 0.084375 0.0921875
0 0.5421875 0.34296875 0.109375 0.1203125
0 0.3203125 0.3453125 0.0984375 0.1140625
0 0.25234375 0.62734375 0.0703125 0.0953125
0 0.18203125 0.4890625 0.05625 0.0640625
0 0.17578125 0.390625 0.059375 0.0578125
0 0.125 0.08359375 0.090625 0.1390625
0 0.13203125 0.14296875 0.0640625 0.0828125
0 0.36640625 0.20546875 0.10625 0.09375
0 0.0578125 0.3390625 0.071875 0.0578125
0 0.0734375 0.453125 0.06875 0.0890625
0 0.33046875 0.67734375 0.0515625 0.0640625
0 0.2328125 0.34296875 0.1078125 0.096875