0 0.32890625 0.6859375 0.1421875 0.1625
0 0.271875 0.38828125 0.1203125 0.0953125
0 0.253125 0.91953125 0.1375 0.1171875
0 0.4765625 0.878125 0.2296875 0.2140625
0 0.4796875 0.77421875 0.1328125 0.1171875
0 0.70546875 0.5984375 0.125 0.1125
0 0.646875 0.6421875 0.0828125 0.0671875
0 0.51328125 0.4765625 0.1203125 0.153125
0 0.4953125 0.6265625 0.084375 0.1375
0 0.4328125 0.6578125 0.1640625 0.1359375
0 0.72421875 0.22421875 0.0625 0.053125
0 0.82578125 0.28515625 0.115625 0.0859375
0 0.86484375 0.1984375 0.0515625 0.0703125
0 0.803125 0.19296875 0.0859375 0.071875
0 0.7171875 0.784375 0.11875 0.1140625
0 0.61875 0.78203125 0.040625 0.071875
0 0.79453125 0.87265625 0.065625 0.0875
0 0.5875 0.865625 0.0703125 0.0625
0 0.56171875 0.7703125 0.0671875 0.0578125
0 0.5875 0.63984375 0.059375 0.121875
0 0.60859375 0.51171875 0.0859375 0.0984375
0 0.8734375 0.6953125 0.0984375 0.09375
0 0.8671875 0.87265625 0.0703125 0.0953125
0 0.82109375 0.78984375 0.059375 0.0453125
0 0.7140625 0.86953125 0.0375 0.0453125
0 0.834375 0.540625 0.1640625 0.1484375
0 0.959375 0.35546875 0.075 0.065625
0 0.8859375 0.775 0.0703125 0.06875