0 0.63125 0.31875 0.0671875 0.071875
0 0.54296875 0.29609375 0.0703125 0.0796875
0 0.4015625 0.40390625 0.0546875 0.096875
0 0.45859375 0.459375 0.05625 0.078125
0 0.3796875 0.50859375 0.05625 0.0859375
0 0.34296875 0.73046875 0.0546875 0.065625
0 0.17578125 0.47265625 0.0703125 0.084375
0 0.03359375 0.371875 0.05 0.0890625
0 0.2546875 0.5171875 0.0515625 0.0734375
0 0.23359375 0.38359375 0.071875 0.0796875
0 0.209375 0.28046875 0.0578125 0.0625
0 0.1328125 0.18359375 0.08125 0.075
0 0.25078125 0.22265625 0.0734375 0.1265625
0 0.80703125 0.60625 0.0421875 0.0421875
0 0.82578125 0.54453125 0.053125 0.059375
0 0.93359375 0.56015625 0.0546875 0.0609375
0 0.94140625 0.4796875 0.046875 0.0796875
0 0.9921875 0.13359375 0.015625 0.0765625
0 0.98828125 0.46328125 0.0234375 0.0640625
0 0.703125 0.86171875 0.0421875 0.0484375
0 0.7140625 0.890625 0.04375 0.0390625
0 0.51796875 0.71796875 0.046875 0.0625
0 0.41640625 0.690625 0.0484375 0.0703125
0 0.4109375 0.76328125 0.0421875 0.0578125
0 0.278125 0.66015625 0.0484375 0.071875
0 0.090625 0.45 0.0390625 0.0796875
0 0.3890625 0.1859375 0.0625 0.08125
0 0.48984375 0.10546875 0.0625 0.09375
0 0.63125 0.55859375 0.08125 0.090625
0 0.46015625 0.590625 0.0671875 0.078125
0 0.384375 0.621875 0.05625 0.071875
0 0.5390625 0.5953125 0.059375 0.071875
0 0.9 0.56875 0.034375 0.0484375
0 0.97734375 0.540625 0.0453125 0.0625