0 0.88125 0.2421875 0.1640625 0.1671875
0 0.8171875 0.05 0.178125 0.1
0 0.73515625 0.1375 0.121875 0.1609375
0 0.7578125 0.29765625 0.18125 0.1765625
0 0.8828125 0.56328125 0.1453125 0.159375
0 0.965625 0.6453125 0.06875 0.29375
0 0.63125 0.8 0.321875 0.25625
0 0.34765625 0.95234375 0.1234375 0.0953125
0 0.2734375 0.6953125 0.1125 0.1984375
0 0.28828125 0.421875 0.14375 0.203125
0 0.41953125 0.32734375 0.1125 0.16875
0 0.53359375 0.41953125 0.1328125 0.121875
0 0.54296875 0.23515625 0.1375 0.146875
0 0.5171875 0.0890625 0.1359375 0.1578125
0 0.5640625 0.13984375 0.0953125 0.225
0 0.62734375 0.09296875 0.1328125 0.15
0 0.56875 0.609375 0.1484375 0.1796875
0 0.65703125 0.5625 0.190625 0.1640625
0 0.69140625 0.49140625 0.15625 0.13125
0 0.73046875 0.6484375 0.15 0.1953125
0 0.42890625 0.76015625 0.1625 0.1421875
0 0.23671875 0.81328125 0.1296875 0.13125
0 0.0375 0.35078125 0.075 0.1296875
0 0.25078125 0.2359375 0.121875 0.1328125
0 0.32734375 0.11796875 0.13125 0.125
0 0.078125 0.45 0.1390625 0.1359375
0 0.33984375 0.6421875 0.103125 0.1140625
0 0.3453125 0.53359375 0.1015625 0.1515625
0 0.4359375 0.9359375 0.09375 0.128125