0 0.3828125 0.709375 0.0921875 0.1125
0 0.634375 0.94921875 0.096875 0.1015625
0 0.76171875 0.828125 0.1 0.1
0 0.9015625 0.7203125 0.1265625 0.109375
0 0.7078125 0.59921875 0.08125 0.1375
0 0.6109375 0.52265625 0.0765625 0.109375
0 0.47421875 0.52890625 0.0859375 0.0953125
0 0.26640625 0.3921875 0.08125 0.0765625
0 0.30390625 0.15 0.09375 0.103125
0 0.12109375 0.25546875 0.065625 0.0546875
0 0.6140625 0.38203125 0.0625 0.0796875
0 0.64296875 0.76875 0.08125 0.1578125
0 0.58515625 0.83125 0.0546875 0.078125
0 0.7421875 0.9640625 0.065625 0.071875
0 0.80546875 0.94296875 0.0578125 0.1140625