0 0.315625 0.303125 0.0546875 0.115625
0 0.66796875 0.3328125 0.084375 0.1046875
0 0.5328125 0.41328125 0.0765625 0.084375
0 0.5796875 0.6125 0.0765625 0.1015625
0 0.6609375 0.48671875 0.046875 0.0890625
0 0.77109375 0.76953125 0.103125 0.1578125
0 0.92421875 0.9421875 0.0859375 0.115625
0 0.8875 0.98515625 0.053125 0.0296875
0 0.75703125 0.95390625 0.0578125 0.0921875
0 0.6140625 0.8125 0.0640625 0.096875
0 0.70390625 0.70078125 0.08125 0.1078125
0 0.5125 0.6015625 0.075 0.0890625
0 0.446875 0.74453125 0.1015625 0.1171875
0 0.196875 0.66328125 0.059375 0.0984375
0 0.296875 0.57109375 0.06875 0.1046875
0 0.1578125 0.690625 0.0859375 0.09375
0 0.07421875 0.55 0.0671875 0.09375
0 0.015625 0.62734375 0.03125 0.0640625
0 0.06328125 0.3375 0.103125 0.153125
0 0.0984375 0.32734375 0.0671875 0.075
0 0.234375 0.3796875 0.0453125 0.1359375
0 0.27421875 0.41484375 0.059375 0.128125