0 0.66171875 0.10234375 0.171875 0.1484375
0 0.88515625 0.2734375 0.1625 0.1484375
0 0.80703125 0.43046875 0.190625 0.159375
0 0.73828125 0.503125 0.184375 0.1609375
0 0.571875 0.59140625 0.20625 0.165625
0 0.66015625 0.4234375 0.2109375 0.1921875
0 0.684375 0.30390625 0.1984375 0.1640625
0 0.5609375 0.246875 0.2328125 0.2140625
0 0.4765625 0.16328125 0.23125 0.1921875
0 0.50859375 0.33359375 0.1984375 0.140625
0 0.375 0.37265625 0.153125 0.1171875
0 0.34609375 0.44765625 0.228125 0.175
0 0.33515625 0.5421875 0.2 0.165625
0 0.31953125 0.6140625 0.19375 0.1234375
0 0.4625 0.5359375 0.1796875 0.1734375
0 0.45234375 0.4546875 0.1359375 0.153125
0 0.28359375 0.31640625 0.1703125 0.178125
0 0.21953125 0.38671875 0.1609375 0.121875