0 0.42109375 0.66953125 0.0625 0.1
0 0.4 0.6484375 0.0625 0.090625
0 0.7984375 0.428125 0.078125 0.1265625
0 0.85234375 0.38828125 0.0671875 0.13125
0 0.9484375 0.325 0.05625 0.10625
0 0.96875 0.58671875 0.05 0.1203125
0 0.61875 0.7671875 0.059375 0.0796875
0 0.56171875 0.70625 0.04375 0.084375
0 0.73125 0.559375 0.0640625 0.0921875
0 0.62578125 0.46171875 0.059375 0.1140625
0 0.74609375 0.27265625 0.0578125 0.0921875
0 0.25703125 0.72421875 0.0609375 0.128125
0 0.12734375 0.7484375 0.065625 0.0828125
0 0.1734375 0.76953125 0.0453125 0.0640625
0 0.53046875 0.51015625 0.0609375 0.0953125
0 0.87578125 0.25 0.065625 0.0859375
0 0.31953125 0.63984375 0.0375 0.05625
0 0.63828125 0.32421875 0.0453125 0.071875
0 0.646875 0.14140625 0.034375 0.071875
0 0.30703125 0.6015625 0.059375 0.059375
0 0.465625 0.4640625 0.05 0.078125