0 0.6578125 0.60390625 0.1453125 0.1171875
0 0.5828125 0.71640625 0.10625 0.078125
0 0.47109375 0.93125 0.128125 0.121875
0 0.28125 0.7984375 0.1015625 0.1359375
0 0.203125 0.8796875 0.109375 0.0890625
0 0.75625 0.78515625 0.1125 0.1359375
0 0.79140625 0.53671875 0.115625 0.103125
0 0.803125 0.32421875 0.1765625 0.14375
0 0.7 0.09375 0.19375 0.1203125
0 0.28125 0.26953125 0.1296875 0.084375
0 0.484375 0.5390625 0.1015625 0.103125
0 0.37890625 0.59375 0.0796875 0.08125
0 0.10234375 0.1125 0.1609375 0.1375
0 0.5203125 0.3015625 0.096875 0.0921875
0 0.33984375 0.1734375 0.1109375 0.0796875