0 0.103125 0.8625 0.1515625 0.13125
0 0.1140625 0.7515625 0.1203125 0.20625
0 0.1390625 0.70390625 0.0984375 0.1203125
0 0.1984375 0.64609375 0.1046875 0.1453125
0 0.21484375 0.69375 0.103125 0.0890625
0 0.32265625 0.8109375 0.140625 0.140625
0 0.31953125 0.790625 0.071875 0.2046875
0 0.50234375 0.86953125 0.0921875 0.1015625
0 0.60234375 0.94609375 0.109375 0.090625
0 0.5125 0.96328125 0.0875 0.0734375
0 0.359375 0.97265625 0.103125 0.0546875
0 0.19296875 0.965625 0.1046875 0.06875
0 0.08828125 0.42734375 0.171875 0.1734375
0 0.053125 0.3390625 0.10625 0.071875
0 0.0625 0.225 0.125 0.125
0 0.1375 0.13828125 0.11875 0.2546875
0 0.3390625 0.1578125 0.103125 0.165625
0 0.43203125 0.14140625 0.13125 0.1609375
0 0.75859375 0.19375 0.2125 0.1703125
0 0.78828125 0.36328125 0.1734375 0.1515625
0 0.95703125 0.17578125 0.0703125 0.2734375
0 0.9171875 0.22578125 0.1046875 0.1609375
0 0.93359375 0.51875 0.1328125 0.18125
0 0.85625 0.575 0.1203125 0.128125
0 0.76015625 0.6140625 0.1703125 0.175
0 0.66875 0.6625 0.0703125 0.128125
0 0.6296875 0.71796875 0.078125 0.134375
0 0.57734375 0.7953125 0.125 0.171875
0 0.6734375 0.8140625 0.0859375 0.121875
0 0.72265625 0.9078125 0.140625 0.146875
0 0.80859375 0.815625 0.184375 0.178125
0 0.915625 0.84765625 0.16875 0.1890625
0 0.9046875 0.71015625 0.165625 0.1734375
0 0.96328125 0.92734375 0.0734375 0.1015625
0 0.278125 0.6046875 0.0859375 0.1265625
0 0.43359375 0.7328125 0.0875 0.1421875
0 0.49140625 0.7296875 0.1046875 0.125
0 0.45234375 0.51640625 0.1453125 0.1578125
0 0.584375 0.41171875 0.15 0.24375
0 0.496875 0.40625 0.075 0.1703125
0 0.56796875 0.56484375 0.11875 0.1140625
0 0.43828125 0.6109375 0.15 0.1296875
0 0.096875 0.56484375 0.0953125 0.090625