0 0.61484375 0.22265625 0.1703125 0.1546875
0 0.5734375 0.04453125 0.140625 0.0890625
0 0.45234375 0.040625 0.1046875 0.08125
0 0.26171875 0.06953125 0.1 0.075
0 0.11015625 0.3703125 0.159375 0.121875
0 0.63125 0.4765625 0.1015625 0.1171875
0 0.7578125 0.3296875 0.1796875 0.1125
0 0.8859375 0.20703125 0.1796875 0.1
0 0.77109375 0.1640625 0.05625 0.0671875
0 0.74453125 0.05 0.046875 0.078125
0 0.82265625 0.12265625 0.071875 0.0828125
0 0.665625 0.09921875 0.040625 0.084375
0 0.8609375 0.4015625 0.1390625 0.0890625
0 0.77109375 0.540625 0.05 0.065625
0 0.83203125 0.61875 0.0609375 0.0609375
0 0.83515625 0.47421875 0.0359375 0.0671875
0 0.51640625 0.384375 0.0515625 0.0625
0 0.33984375 0.2109375 0.0796875 0.0546875
0 0.44140625 0.1421875 0.0734375 0.059375
0 0.3171875 0.12109375 0.0671875 0.0734375
0 0.0984375 0.1 0.0671875 0.0625
0 0.01484375 0.259375 0.0296875 0.084375
0 0.45703125 0.4578125 0.0671875 0.0609375
0 0.509375 0.50078125 0.053125 0.075
0 0.55546875 0.52578125 0.0609375 0.0640625
0 0.46328125 0.56484375 0.071875 0.0546875
0 0.271875 0.55234375 0.05625 0.0625
0 0.25703125 0.4640625 0.075 0.0625
0 0.22890625 0.41875 0.0640625 0.0453125
0 0.26875 0.6515625 0.0796875 0.0578125
0 0.46875 0.25625 0.05 0.1125
0 0.50546875 0.24375 0.0484375 0.071875
0 0.24921875 0.29609375 0.06875 0.059375
0 0.21328125 0.3390625 0.0921875 0.09375