0 0.0828125 0.528125 0.165625 0.103125
0 0.159375 0.37734375 0.14375 0.159375
0 0.38515625 0.43125 0.171875 0.1640625
0 0.44453125 0.44296875 0.16875 0.153125
0 0.4265625 0.63359375 0.165625 0.10625
0 0.5453125 0.48359375 0.1546875 0.175
0 0.653125 0.49296875 0.1984375 0.1765625
0 0.678125 0.27265625 0.1921875 0.1796875
0 0.6625 0.15 0.1609375 0.1234375
0 0.51484375 0.14375 0.196875 0.2015625
0 0.484375 0.27109375 0.175 0.15
0 0.3796875 0.35234375 0.159375 0.1359375
0 0.27265625 0.46328125 0.1609375 0.115625
0 0.85078125 0.1859375 0.1796875 0.1375
0 0.61875 0.4578125 0.1515625 0.1515625
0 0.7734375 0.315625 0.18125 0.1703125
0 0.3828125 0.10078125 0.19375 0.1703125