0 0.24453125 0.08671875 0.3234375 0.1734375
0 0.35390625 0.0734375 0.1984375 0.146875
0 0.55234375 0.38828125 0.1703125 0.1390625
0 0.28515625 0.3640625 0.328125 0.20625
0 0.515625 0.6796875 0.2390625 0.1578125
0 0.65234375 0.56640625 0.0859375 0.0921875
0 0.56875 0.5453125 0.084375 0.0734375
0 0.3109375 0.5546875 0.1015625 0.0890625
0 0.38125 0.51796875 0.0640625 0.065625
0 0.30234375 0.47421875 0.0828125 0.0546875
0 0.496875 0.28984375 0.05625 0.05625
0 0.4609375 0.409375 0.0796875 0.09375
0 0.90625 0.4546875 0.0953125 0.0671875