0 0.73125 0.77578125 0.16875 0.153125
0 0.62890625 0.85234375 0.0609375 0.1328125
0 0.56875 0.8703125 0.09375 0.0609375
0 0.55078125 0.784375 0.084375 0.128125
0 0.578125 0.76328125 0.05625 0.0609375
0 0.678125 0.88046875 0.0515625 0.1015625
0 0.728125 0.93984375 0.0984375 0.0875
0 0.74921875 0.89296875 0.059375 0.109375
0 0.81796875 0.86640625 0.0546875 0.0921875
0 0.80546875 0.7640625 0.05625 0.06875
0 0.9234375 0.71640625 0.153125 0.1140625
0 0.9578125 0.66015625 0.084375 0.0921875
0 0.84765625 0.59375 0.184375 0.1140625
0 0.8578125 0.5359375 0.14375 0.0875
0 0.75859375 0.540625 0.0640625 0.0515625
0 0.81796875 0.46484375 0.303125 0.1953125
0 0.54921875 0.5125 0.0890625 0.0859375
0 0.58359375 0.465625 0.0875 0.06875
0 0.50859375 0.5453125 0.0703125 0.065625
0 0.48125 0.4546875 0.0578125 0.0703125
0 0.29453125 0.49140625 0.084375 0.0796875
0 0.2109375 0.38046875 0.0921875 0.084375
0 0.19765625 0.66875 0.1296875 0.0953125
0 0.0859375 0.83359375 0.1140625 0.090625
0 0.22890625 0.96875 0.0828125 0.0625
0 0.421875 0.96328125 0.11875 0.0734375
0 0.340625 0.96796875 0.09375 0.0640625
0 0.4453125 0.89375 0.075 0.0671875
0 0.3203125 0.74921875 0.0921875 0.0953125
0 0.425 0.81015625 0.0828125 0.0578125
0 0.625 0.97109375 0.0765625 0.0453125
0 0.540625 0.371875 0.0703125 0.071875
0 0.778125 0.3 0.084375 0.090625
0 0.8078125 0.346875 0.05625 0.06875
0 0.759375 0.3984375 0.065625 0.0546875
0 0.075 0.22265625 0.11875 0.0859375
0 0.07890625 0.553125 0.065625 0.071875