0 0.73125 0.87578125 0.109375 0.2484375
0 0.81796875 0.91484375 0.1171875 0.1703125
0 0.9328125 0.77109375 0.121875 0.1859375
0 0.8515625 0.43125 0.1859375 0.159375
0 0.425 0.32578125 0.1359375 0.146875
0 0.35859375 0.38046875 0.0953125 0.190625
0 0.3328125 0.69609375 0.0640625 0.203125
0 0.21171875 0.8546875 0.0765625 0.265625
0 0.40859375 0.87890625 0.0890625 0.209375
0 0.67265625 0.16796875 0.128125 0.1640625
0 0.5296875 0.17421875 0.0890625 0.109375
0 0.834375 0.196875 0.125 0.13125
0 0.0921875 0.4640625 0.109375 0.1734375
0 0.25078125 0.51015625 0.0953125 0.09375
0 0.275 0.4796875 0.09375 0.146875
0 0.41328125 0.63828125 0.084375 0.190625
0 0.27734375 0.65625 0.0453125 0.178125
0 0.15546875 0.31953125 0.1203125 0.15625
0 0.5578125 0.79296875 0.13125 0.203125
0 0.575 0.67734375 0.1140625 0.1515625
0 0.465625 0.48203125 0.1 0.2125
0 0.62578125 0.4703125 0.1015625 0.2046875
0 0.76875 0.6703125 0.1234375 0.2296875
0 0.73671875 0.321875 0.1125 0.1375
0 0.04375 0.8546875 0.0578125 0.2203125
0 0.19375 0.29609375 0.1328125 0.1515625
0 0.15 0.11796875 0.1359375 0.175