0 0.46484375 0.13671875 0.109375 0.1078125
0 0.659375 0.1890625 0.1203125 0.121875
0 0.81015625 0.25078125 0.15 0.1546875
0 0.9265625 0.33828125 0.1171875 0.13125
0 0.3984375 0.2453125 0.1296875 0.134375
0 0.13984375 0.16171875 0.128125 0.178125
0 0.33828125 0.32109375 0.115625 0.125
0 0.0671875 0.57109375 0.134375 0.1890625
0 0.1296875 0.80546875 0.146875 0.125
0 0.209375 0.825 0.203125 0.1921875
0 0.275 0.90703125 0.16875 0.1859375
0 0.42578125 0.9390625 0.1328125 0.121875
0 0.47421875 0.81328125 0.153125 0.1515625
0 0.49296875 0.715625 0.1234375 0.1234375
0 0.5625 0.509375 0.121875 0.134375
0 0.46875 0.42421875 0.20625 0.190625
0 0.6953125 0.33203125 0.1359375 0.134375
0 0.90859375 0.49296875 0.1359375 0.1390625
0 0.978125 0.79296875 0.04375 0.1265625
0 0.89375 0.84375 0.171875 0.165625
0 0.73515625 0.8890625 0.2 0.1671875
0 0.68671875 0.71484375 0.153125 0.1375
0 0.66875 0.6671875 0.1328125 0.1171875
0 0.72890625 0.43984375 0.15 0.153125
0 0.8328125 0.6 0.1359375 0.11875
0 0.9265625 0.60625 0.146875 0.178125
0 0.26171875 0.721875 0.140625 0.0984375
0 0.1546875 0.50390625 0.128125 0.175
0 0.09296875 0.40390625 0.15 0.18125
0 0.54140625 0.2203125 0.08125 0.0921875