0 0.43984375 0.49765625 0.190625 0.2046875
0 0.56015625 0.51171875 0.1734375 0.1453125
0 0.5265625 0.3265625 0.1984375 0.1375
0 0.55 0.24609375 0.165625 0.1265625
0 0.68203125 0.3109375 0.071875 0.084375
0 0.63125 0.6015625 0.1359375 0.171875
0 0.7515625 0.76015625 0.1125 0.175
0 0.865625 0.8921875 0.14375 0.103125
0 0.871875 0.25859375 0.1171875 0.2375
0 0.90859375 0.48515625 0.0875 0.140625
0 0.8140625 0.44140625 0.059375 0.1890625
0 0.8109375 0.31953125 0.0953125 0.090625
0 0.87578125 0.73671875 0.0609375 0.13125