0 0.0609375 0.7984375 0.121875 0.178125
0 0.08046875 0.61796875 0.1609375 0.1671875
0 0.14140625 0.74765625 0.225 0.1765625
0 0.18828125 0.85859375 0.15625 0.14375
0 0.2203125 0.5015625 0.221875 0.2375
0 0.13828125 0.34296875 0.203125 0.1828125
0 0.07890625 0.40234375 0.1578125 0.2671875
0 0.82578125 0.221875 0.2109375 0.328125
0 0.53203125 0.78828125 0.1296875 0.265625
0 0.49765625 0.7203125 0.1171875 0.203125
0 0.4203125 0.69375 0.1546875 0.2078125
0 0.3078125 0.6375 0.13125 0.15625
0 0.25234375 0.621875 0.1015625 0.1515625
0 0.45078125 0.3640625 0.1484375 0.1875
0 0.32265625 0.2875 0.16875 0.1390625
0 0.7296875 0.86875 0.1734375 0.209375
0 0.85234375 0.89296875 0.153125 0.1515625
0 0.72421875 0.96328125 0.1328125 0.0734375
0 0.8859375 0.74453125 0.1359375 0.109375
0 0.64296875 0.7515625 0.15625 0.209375
0 0.903125 0.35703125 0.1515625 0.165625
0 0.60703125 0.4171875 0.190625 0.2125
0 0.5453125 0.5671875 0.134375 0.1140625
0 0.36171875 0.1171875 0.2109375 0.234375
0 0.67265625 0.1359375 0.1578125 0.1734375
0 0.65703125 0.5546875 0.11875 0.13125
0 0.76484375 0.65390625 0.11875 0.1875
0 0.89375 0.5546875 0.1421875 0.1515625
0 0.6171875 0.32265625 0.1078125 0.128125
0 0.78203125 0.10546875 0.1234375 0.1203125
0 0.30390625 0.896875 0.1390625 0.125
0 0.41796875 0.83359375 0.078125 0.0921875