0 0.71171875 0.26328125 0.1734375 0.121875
0 0.45625 0.15625 0.109375 0.1109375
0 0.33984375 0.2421875 0.1953125 0.1453125
0 0.40625 0.30703125 0.1859375 0.190625
0 0.34296875 0.43125 0.1453125 0.1359375
0 0.4046875 0.48046875 0.1578125 0.134375
0 0.5640625 0.3265625 0.1625 0.159375
0 0.56640625 0.43671875 0.196875 0.14375
0 0.62421875 0.5015625 0.171875 0.15625
0 0.70546875 0.42890625 0.103125 0.1109375
0 0.51640625 0.60390625 0.171875 0.1109375
0 0.4234375 0.59765625 0.171875 0.121875
0 0.3375 0.56796875 0.1 0.090625
0 0.30703125 0.64765625 0.1625 0.134375
0 0.37734375 0.74140625 0.11875 0.09375
0 0.5765625 0.75390625 0.078125 0.134375
0 0.1890625 0.4671875 0.0984375 0.11875
0 0.259375 0.47734375 0.11875 0.1515625