0 0.89296875 0.5234375 0.18125 0.1484375
0 0.85390625 0.67109375 0.115625 0.134375
0 0.81015625 0.7828125 0.071875 0.128125
0 0.73203125 0.9203125 0.1265625 0.1421875
0 0.55625 0.8265625 0.115625 0.1015625
0 0.5453125 0.7625 0.0953125 0.0984375
0 0.559375 0.6515625 0.065625 0.075
0 0.64609375 0.36640625 0.065625 0.159375
0 0.5984375 0.35390625 0.1 0.2234375
0 0.7234375 0.35546875 0.0875 0.078125
0 0.32890625 0.24140625 0.1828125 0.1796875
0 0.26328125 0.284375 0.125 0.21875
0 0.209375 0.3140625 0.1 0.1296875
0 0.09765625 0.1421875 0.1765625 0.1984375
0 0.14921875 0.45703125 0.1625 0.15
0 0.37578125 0.80625 0.046875 0.05625
0 0.27109375 0.9234375 0.1390625 0.1421875
0 0.3375 0.9 0.090625 0.109375
0 0.50390625 0.934375 0.0390625 0.0859375
0 0.6484375 0.95390625 0.059375 0.0734375
0 0.85234375 0.8921875 0.084375 0.071875
0 0.0859375 0.71953125 0.0859375 0.0921875
0 0.3234375 0.7140625 0.084375 0.071875
0 0.5890625 0.49375 0.103125 0.0796875
0 0.5046875 0.515625 0.0546875 0.0921875
0 0.27421875 0.61015625 0.06875 0.090625
0 0.078125 0.58671875 0.11875 0.109375
0 0.1140625 0.3015625 0.0765625 0.0984375