0 0.54140625 0.621875 0.0875 0.078125
0 0.653125 0.67109375 0.059375 0.1109375
0 0.94921875 0.534375 0.1015625 0.125
0 0.78828125 0.5328125 0.096875 0.1203125
0 0.75546875 0.45859375 0.075 0.0984375
0 0.7671875 0.34921875 0.121875 0.1140625
0 0.7203125 0.26171875 0.109375 0.1171875
0 0.8703125 0.25859375 0.1203125 0.125
0 0.94765625 0.371875 0.0921875 0.1046875
0 0.91484375 0.11875 0.0984375 0.0875
0 0.9171875 0.15703125 0.0640625 0.0609375
0 0.59375 0.428125 0.075 0.0921875
0 0.56640625 0.34453125 0.0765625 0.0890625
0 0.45390625 0.521875 0.053125 0.084375
0 0.3296875 0.53984375 0.0921875 0.1203125
0 0.29453125 0.64921875 0.1078125 0.1015625
0 0.16015625 0.54375 0.09375 0.0875
0 0.2109375 0.47890625 0.06875 0.0859375
0 0.21796875 0.32421875 0.103125 0.1234375
0 0.09765625 0.296875 0.0953125 0.121875
0 0.1171875 0.21640625 0.0765625 0.0640625
0 0.07265625 0.50390625 0.0875 0.1375
0 0.828125 0.12265625 0.0671875 0.078125
0 0.3484375 0.2234375 0.08125 0.1015625
0 0.65390625 0.54140625 0.0515625 0.0875