0 0.27890625 0.52890625 0.1296875 0.0921875
0 0.34921875 0.66171875 0.090625 0.0875
0 0.50625 0.63515625 0.0953125 0.0546875
0 0.69921875 0.95546875 0.1109375 0.0890625
0 0.47421875 0.8703125 0.0734375 0.06875
0 0.43203125 0.8078125 0.071875 0.0546875
0 0.63046875 0.51484375 0.06875 0.0640625
0 0.8875 0.38203125 0.1046875 0.0796875
0 0.4703125 0.4359375 0.0765625 0.0609375
0 0.678125 0.5609375 0.0828125 0.0734375
0 0.771875 0.753125 0.10625 0.0796875
0 0.61484375 0.74453125 0.078125 0.0859375
0 0.34609375 0.84140625 0.0671875 0.1
0 0.08125 0.72109375 0.1 0.0796875
0 0.7578125 0.6125 0.115625 0.071875