0 0.19453125 0.36171875 0.240625 0.196875
0 0.4828125 0.1515625 0.1515625 0.1578125
0 0.71796875 0.30625 0.1140625 0.103125
0 0.58828125 0.38359375 0.1171875 0.090625
0 0.67421875 0.5765625 0.1 0.0875
0 0.8609375 0.06171875 0.103125 0.1234375
0 0.07265625 0.54453125 0.1453125 0.1328125
0 0.4796875 0.06875 0.1015625 0.09375
0 0.8421875 0.51328125 0.096875 0.096875
0 0.48203125 0.93828125 0.1421875 0.1078125
0 0.21328125 0.5484375 0.1046875 0.0796875
0 0.06171875 0.496875 0.1234375 0.08125
0 0.64140625 0.01796875 0.0859375 0.0359375
0 0.890625 0.3734375 0.065625 0.0671875
0 0.5125 0.60859375 0.1078125 0.071875
0 0.8046875 0.321875 0.0875 0.0734375
0 0.340625 0.290625 0.11875 0.1046875
0 0.36328125 0.2203125 0.1015625 0.0828125
0 0.5125 0.290625 0.090625 0.0875
0 0.3453125 0.54140625 0.1234375 0.0828125