0 0.41953125 0.6625 0.0875 0.0765625
0 0.20625 0.63046875 0.0875 0.075
0 0.4546875 0.596875 0.0703125 0.075
0 0.43828125 0.56875 0.0984375 0.078125
0 0.44765625 0.465625 0.1140625 0.134375
0 0.259375 0.38828125 0.0625 0.05
0 0.27265625 0.34921875 0.0640625 0.059375
0 0.275 0.1390625 0.0765625 0.084375
0 0.48046875 0.3390625 0.096875 0.1125
0 0.69921875 0.371875 0.0875 0.10625
0 0.72734375 0.66015625 0.0609375 0.090625
0 0.81640625 0.53359375 0.05 0.059375
0 0.8359375 0.43671875 0.053125 0.053125
0 0.9296875 0.13984375 0.075 0.134375
0 0.9140625 0.19765625 0.0546875 0.078125
0 0.6734375 0.2265625 0.0984375 0.0828125
0 0.96015625 0.40234375 0.0671875 0.05
0 0.92890625 0.5125 0.059375 0.084375
0 0.64296875 0.69921875 0.0453125 0.0609375
0 0.7859375 0.38125 0.1 0.0875