0 0.65 0.153125 0.2953125 0.2640625
0 0.49453125 0.08671875 0.1765625 0.1734375
0 0.38828125 0.0640625 0.1359375 0.128125
0 0.259375 0.15234375 0.1875 0.2546875
0 0.153125 0.07734375 0.16875 0.1546875
0 0.12265625 0.30859375 0.2453125 0.328125
0 0.084375 0.5609375 0.16875 0.19375
0 0.0578125 0.63515625 0.115625 0.1828125
0 0.11015625 0.87109375 0.2 0.203125
0 0.2078125 0.92109375 0.259375 0.1515625
0 0.52265625 0.7765625 0.4078125 0.3078125
0 0.79140625 0.653125 0.2390625 0.2890625
0 0.88203125 0.8546875 0.2265625 0.1984375
0 0.94921875 0.58828125 0.1 0.134375
0 0.90234375 0.3890625 0.1953125 0.175
0 0.74921875 0.478125 0.325 0.271875
0 0.50546875 0.4796875 0.190625 0.2296875
0 0.953125 0.2484375 0.09375 0.190625
0 0.8484375 0.10859375 0.16875 0.1546875
0 0.79453125 0.2125 0.2203125 0.1984375
0 0.65 0.2890625 0.1390625 0.159375
0 0.43125 0.265625 0.2859375 0.2640625
0 0.28828125 0.33359375 0.103125 0.14375
0 0.3 0.52109375 0.328125 0.3765625
0 0.06953125 0.54765625 0.1390625 0.2109375
0 0.70859375 0.90859375 0.128125 0.1796875