0 0.76328125 0.428125 0.1734375 0.209375
0 0.64375 0.17734375 0.203125 0.2
0 0.4671875 0.06171875 0.190625 0.1234375
0 0.21875 0.13671875 0.1515625 0.14375
0 0.221875 0.3078125 0.1875 0.15
0 0.27734375 0.4046875 0.190625 0.140625
0 0.3640625 0.35625 0.20625 0.1578125
0 0.37578125 0.25078125 0.1890625 0.1421875
0 0.52109375 0.22890625 0.2265625 0.1921875
0 0.5359375 0.3328125 0.2078125 0.165625
0 0.6546875 0.415625 0.1796875 0.140625
0 0.55546875 0.4453125 0.1640625 0.146875
0 0.65546875 0.515625 0.1765625 0.146875
0 0.63828125 0.553125 0.1765625 0.1484375
0 0.6296875 0.68984375 0.203125 0.165625
0 0.50078125 0.5484375 0.16875 0.1875
0 0.39140625 0.55546875 0.1859375 0.203125
0 0.434375 0.484375 0.159375 0.1078125