0 0.57734375 0.409375 0.1046875 0.134375
0 0.50546875 0.2890625 0.090625 0.1
0 0.63125 0.0828125 0.0625 0.0796875
0 0.6859375 0.25859375 0.0625 0.0625
0 0.73125 0.2953125 0.0625 0.059375
0 0.79609375 0.51640625 0.06875 0.075
0 0.6171875 0.54453125 0.0984375 0.1125
0 0.5984375 0.49453125 0.0703125 0.103125
0 0.41171875 0.6953125 0.078125 0.103125
0 0.32890625 0.49921875 0.0671875 0.109375
0 0.3703125 0.4734375 0.0796875 0.065625
0 0.28125 0.2625 0.0859375 0.0890625
0 0.23828125 0.61171875 0.0578125 0.05625
0 0.17421875 0.61875 0.06875 0.05625
0 0.10390625 0.66015625 0.0515625 0.0921875
0 0.484375 0.4875 0.0453125 0.0578125
0 0.0375 0.34921875 0.075 0.0734375
0 0.65234375 0.62109375 0.0578125 0.065625
0 0.725 0.37890625 0.003125 0.0015625