0 0.5265625 0.8890625 0.1234375 0.178125
0 0.66171875 0.88125 0.128125 0.159375
0 0.3796875 0.9296875 0.128125 0.140625
0 0.175 0.95078125 0.078125 0.0984375
0 0.2484375 0.52421875 0.05625 0.1640625
0 0.64296875 0.27265625 0.11875 0.1984375
0 0.45 0.47734375 0.09375 0.0875
0 0.503125 0.5484375 0.0890625 0.0875
0 0.33984375 0.1890625 0.1140625 0.109375
0 0.2328125 0.15390625 0.04375 0.0796875
0 0.11875 0.12265625 0.1125 0.0796875
0 0.1671875 0.4140625 0.115625 0.053125
0 0.1578125 0.459375 0.10625 0.05625
0 0.2015625 0.50625 0.075 0.0609375
0 0.53125 0.6203125 0.103125 0.05625
0 0.86015625 0.61875 0.096875 0.0609375
0 0.9421875 0.4984375 0.0921875 0.075
0 0.94765625 0.36328125 0.1015625 0.0625
0 0.93515625 0.046875 0.0875 0.0578125