0 0.07734375 0.82890625 0.1546875 0.1921875
0 0.04765625 0.5609375 0.0953125 0.35625
0 0.08515625 0.4984375 0.1125 0.2296875
0 0.1453125 0.6484375 0.1609375 0.253125
0 0.3296875 0.75546875 0.1625 0.2734375
0 0.41328125 0.86015625 0.1828125 0.2796875
0 0.50078125 0.7 0.2578125 0.421875
0 0.57265625 0.8671875 0.2015625 0.265625
0 0.89453125 0.61171875 0.2109375 0.2984375
0 0.875 0.3625 0.25 0.33125
0 0.9359375 0.365625 0.128125 0.24375
0 0.54453125 0.32265625 0.253125 0.425
0 0.4484375 0.12421875 0.209375 0.2484375
0 0.215625 0.18125 0.275 0.3625
0 0.17265625 0.18515625 0.2078125 0.296875
0 0.15078125 0.48125 0.1828125 0.3390625
0 0.31875 0.48515625 0.21875 0.3375
0 0.7265625 0.13203125 0.115625 0.19375
0 0.690625 0.58203125 0.2125 0.4234375