0 0.6546875 0.63984375 0.1046875 0.0875
0 0.83203125 0.4140625 0.09375 0.1375
0 0.89921875 0.6796875 0.0875 0.115625
0 0.2953125 0.621875 0.071875 0.0703125
0 0.40234375 0.20078125 0.08125 0.0796875
0 0.29453125 0.03359375 0.0765625 0.0671875
0 0.2 0.1296875 0.1046875 0.10625
0 0.2671875 0.25 0.0734375 0.10625
0 0.4234375 0.31328125 0.0578125 0.1078125
0 0.096875 0.1640625 0.0921875 0.0921875
0 0.4265625 0.59140625 0.0671875 0.0546875
0 0.79453125 0.3359375 0.08125 0.0765625
0 0.634375 0.7078125 0.078125 0.078125