0 0.37734375 0.5609375 0.3796875 0.3390625
0 0.225 0.7296875 0.31875 0.315625
0 0.07578125 0.546875 0.1515625 0.2125
0 0.09375 0.3640625 0.1796875 0.1875
0 0.25703125 0.25078125 0.30625 0.2328125
0 0.14140625 0.0734375 0.1671875 0.146875
0 0.39375 0.090625 0.30625 0.18125
0 0.5140625 0.2125 0.20625 0.1921875
0 0.56484375 0.315625 0.1953125 0.19375
0 0.63671875 0.3953125 0.1859375 0.15
0 0.71796875 0.26328125 0.303125 0.246875
0 0.7546875 0.13359375 0.3234375 0.2375
0 0.90390625 0.2171875 0.1921875 0.203125
0 0.8328125 0.46640625 0.334375 0.3109375
0 0.84296875 0.72890625 0.29375 0.3375
0 0.75390625 0.8328125 0.253125 0.24375
0 0.58984375 0.85859375 0.1765625 0.2390625
0 0.42578125 0.88125 0.24375 0.2375
0 0.51875 0.725 0.246875 0.315625
0 0.71171875 0.96328125 0.2078125 0.0734375
0 0.41875 0.36328125 0.140625 0.1296875
0 0.14765625 0.4875 0.1234375 0.165625
0 0.21015625 0.44296875 0.0796875 0.1109375