0 0.37109375 0.77109375 0.1640625 0.146875
0 0.40234375 0.9546875 0.1359375 0.090625
0 0.52265625 0.9609375 0.1015625 0.078125
0 0.715625 0.94296875 0.096875 0.0703125
0 0.8828125 0.65 0.153125 0.1140625
0 0.36796875 0.51640625 0.0953125 0.1125
0 0.23359375 0.65625 0.175 0.1046875
0 0.09921875 0.771875 0.175 0.0921875
0 0.21171875 0.82109375 0.053125 0.0640625
0 0.23203125 0.93671875 0.0421875 0.075
0 0.1578125 0.86015625 0.06875 0.0796875
0 0.31328125 0.8921875 0.0375 0.0828125
0 0.134375 0.57890625 0.1359375 0.0828125
0 0.23125 0.4453125 0.046875 0.0625
0 0.175 0.3640625 0.0578125 0.0578125
0 0.1640625 0.50859375 0.03125 0.0671875
0 0.47734375 0.61484375 0.0484375 0.0609375
0 0.64453125 0.796875 0.078125 0.0515625
0 0.53984375 0.86015625 0.071875 0.05625
0 0.6625 0.88828125 0.0640625 0.0703125
0 0.8796875 0.9203125 0.0640625 0.059375
0 0.97890625 0.76484375 0.0421875 0.0828125
0 0.540625 0.54453125 0.065625 0.0578125
0 0.490625 0.4984375 0.05 0.0734375
0 0.44609375 0.47109375 0.0578125 0.0609375
0 0.53984375 0.43671875 0.06875 0.05
0 0.73046875 0.46015625 0.053125 0.0609375
0 0.740625 0.5484375 0.0734375 0.059375
0 0.76640625 0.5953125 0.0609375 0.0421875
0 0.7390625 0.3609375 0.0765625 0.0546875
0 0.51875 0.74453125 0.04375 0.1109375
0 0.48046875 0.75546875 0.0453125 0.0703125
0 0.73984375 0.71640625 0.0671875 0.05625
0 0.778125 0.67578125 0.0875 0.0890625