0 0.04296875 0.8421875 0.084375 0.1625
0 0.1453125 0.59453125 0.171875 0.1125
0 0.03046875 0.478125 0.0609375 0.078125
0 0.0765625 0.328125 0.153125 0.06875
0 0.29609375 0.665625 0.109375 0.103125
0 0.46640625 0.625 0.1078125 0.078125
0 0.48125 0.83828125 0.0625 0.0546875
0 0.54375 0.89921875 0.0625 0.0625
0 0.490625 0.95703125 0.06875 0.0703125
0 0.54765625 0.98125 0.065625 0.0375
0 0.87734375 0.921875 0.2234375 0.15625
0 0.875 0.84140625 0.1234375 0.13125
0 0.7203125 0.5953125 0.1578125 0.128125
0 0.83046875 0.7296875 0.1625 0.1
0 0.8453125 0.659375 0.1109375 0.115625
0 0.79375 0.56328125 0.125 0.08125
0 0.8453125 0.3171875 0.1515625 0.0953125
0 0.771875 0.43515625 0.0515625 0.0640625
0 0.6890625 0.4703125 0.075 0.0625
0 0.58125 0.47109375 0.071875 0.08125
0 0.57265625 0.51796875 0.040625 0.059375
0 0.6 0.68203125 0.05625 0.0984375
0 0.6625 0.78671875 0.084375 0.0484375
0 0.68203125 0.8671875 0.08125 0.084375
0 0.6125 0.9609375 0.040625 0.078125
0 0.50703125 0.70234375 0.06875 0.053125
0 0.3609375 0.80078125 0.078125 0.090625
0 0.39453125 0.4484375 0.0859375 0.0875
0 0.9265625 0.55703125 0.09375 0.075
0 0.90546875 0.45 0.065625 0.0859375