0 0.40703125 0.821875 0.3171875 0.3328125
0 0.4125 0.53046875 0.3203125 0.265625
0 0.88125 0.65390625 0.2375 0.2765625
0 0.87421875 0.4765625 0.2515625 0.525
0 0.625 0.5484375 0.1828125 0.1828125
0 0.5484375 0.25859375 0.1921875 0.1765625
0 0.68515625 0.0984375 0.2921875 0.196875
0 0.38671875 0.1015625 0.2984375 0.203125
0 0.13828125 0.19375 0.2765625 0.315625
0 0.1046875 0.4703125 0.209375 0.35
0 0.1125 0.72890625 0.1890625 0.2078125
0 0.7 0.87578125 0.1640625 0.1578125
0 0.76015625 0.76484375 0.221875 0.2703125
0 0.57890625 0.77421875 0.2171875 0.21875
0 0.809375 0.2890625 0.265625 0.240625
0 0.24609375 0.28046875 0.2390625 0.1859375
0 0.30234375 0.68515625 0.215625 0.1765625
0 0.43515625 0.403125 0.1921875 0.140625
0 0.6265625 0.4234375 0.16875 0.11875