0 0.0828125 0.41640625 0.165625 0.2421875
0 0.603125 0.77734375 0.1796875 0.271875
0 0.321875 0.653125 0.1734375 0.225
0 0.309375 0.83203125 0.1484375 0.20625
0 0.4453125 0.91953125 0.128125 0.1609375
0 0.40390625 0.3640625 0.1265625 0.19375
0 0.69140625 0.2578125 0.1546875 0.1140625
0 0.23515625 0.5546875 0.090625 0.2765625
0 0.26796875 0.41171875 0.11875 0.1203125
0 0.4234375 0.26484375 0.178125 0.1515625
0 0.3921875 0.78671875 0.159375 0.178125
0 0.11328125 0.31015625 0.15 0.1234375
0 0.365625 0.05625 0.0828125 0.10625