0 0.57578125 0.68515625 0.1578125 0.1125
0 0.57578125 0.7546875 0.1625 0.1625
0 0.425 0.93828125 0.196875 0.1234375
0 0.275 0.8953125 0.1484375 0.1390625
0 0.2609375 0.78984375 0.184375 0.1875
0 0.3109375 0.5609375 0.2015625 0.178125
0 0.40390625 0.62109375 0.1515625 0.171875
0 0.54765625 0.4234375 0.1703125 0.13125
0 0.54765625 0.54609375 0.1640625 0.13125
0 0.521875 0.61796875 0.1609375 0.1453125
0 0.68984375 0.59609375 0.1359375 0.1296875
0 0.409375 0.628125 0.171875 0.1859375
0 0.1765625 0.7328125 0.16875 0.15625
0 0.1515625 0.9578125 0.140625 0.084375
0 0.09375 0.88125 0.1359375 0.153125
0 0.45390625 0.8421875 0.1625 0.1625
0 0.58359375 0.9640625 0.1015625 0.06875