0 0.915625 0.325 0.153125 0.20625
0 0.95390625 0.50234375 0.0921875 0.1703125
0 0.6359375 0.7453125 0.2125 0.2640625
0 0.37265625 0.63984375 0.190625 0.184375
0 0.42265625 0.7953125 0.1515625 0.228125
0 0.43125 0.896875 0.146875 0.20625
0 0.36484375 0.875 0.1609375 0.153125
0 0.16015625 0.92265625 0.1390625 0.1546875
0 0.0921875 0.9515625 0.078125 0.096875
0 0.2296875 0.72578125 0.0921875 0.134375
0 0.1234375 0.60625 0.153125 0.1609375
0 0.26875 0.56796875 0.1109375 0.1203125
0 0.36640625 0.51171875 0.128125 0.115625
0 0.79296875 0.32265625 0.0984375 0.1546875
0 0.8375 0.8265625 0.2078125 0.2796875
0 0.63359375 0.3578125 0.0875 0.1203125
0 0.46640625 0.2640625 0.046875 0.1
0 0.48671875 0.071875 0.05 0.1015625
0 0.64453125 0.196875 0.0484375 0.090625
0 0.340625 0.06171875 0.0828125 0.096875
0 0.234375 0.08125 0.0515625 0.0609375
0 0.409375 0.2953125 0.084375 0.0859375
0 0.24765625 0.21015625 0.046875 0.078125
0 0.85 0.26640625 0.078125 0.1328125
0 0.62421875 0.5203125 0.0671875 0.153125
0 0.546875 0.43203125 0.1015625 0.1328125
0 0.58828125 0.26015625 0.0671875 0.0796875