0 0.125 0.365625 0.0953125 0.109375
0 0.05546875 0.08359375 0.059375 0.08125
0 0.12734375 0.0484375 0.0984375 0.096875
0 0.309375 0.2265625 0.1171875 0.1078125
0 0.3203125 0.35 0.1 0.0984375
0 0.3078125 0.4390625 0.109375 0.134375
0 0.22890625 0.440625 0.0796875 0.13125
0 0.29609375 0.61796875 0.06875 0.128125
0 0.36328125 0.64453125 0.078125 0.13125
0 0.303125 0.72734375 0.071875 0.1015625
0 0.38046875 0.75625 0.0890625 0.1015625
0 0.453125 0.7953125 0.0640625 0.096875
0 0.475 0.63125 0.075 0.09375
0 0.4484375 0.55625 0.06875 0.09375
0 0.409375 0.58515625 0.0546875 0.1015625
0 0.53984375 0.6 0.053125 0.1046875
0 0.49765625 0.68515625 0.0515625 0.1
0 0.571875 0.68828125 0.075 0.0828125
0 0.6625 0.69375 0.075 0.0875
0 0.80078125 0.596875 0.1 0.08125
0 0.703125 0.56796875 0.09375 0.1109375
0 0.809375 0.45625 0.0765625 0.109375
0 0.81640625 0.35859375 0.075 0.1125
0 0.5 0.4328125 0.084375 0.0828125
0 0.57890625 0.5046875 0.0609375 0.1015625
0 0.6140625 0.54609375 0.0609375 0.115625
0 0.209375 0.0171875 0.08125 0.034375
0 0.3828125 0.05546875 0.1375 0.1109375
0 0.39453125 0.16171875 0.125 0.14375
0 0.459375 0.2375 0.1046875 0.1125
0 0.48359375 0.31640625 0.09375 0.1234375