0 0.77578125 0.2171875 0.2453125 0.2296875
0 0.56328125 0.234375 0.1921875 0.1984375
0 0.48984375 0.1328125 0.1578125 0.1734375
0 0.37421875 0.1765625 0.1546875 0.1890625
0 0.3234375 0.078125 0.1109375 0.121875
0 0.75390625 0.08046875 0.1203125 0.153125
0 0.88203125 0.1125 0.1390625 0.18125
0 0.8546875 0.353125 0.215625 0.1828125
0 0.87265625 0.54453125 0.2421875 0.253125
0 0.96015625 0.6 0.0796875 0.16875
0 0.93515625 0.778125 0.1296875 0.190625
0 0.8078125 0.79375 0.29375 0.228125
0 0.50703125 0.6078125 0.2515625 0.24375
0 0.21875 0.571875 0.23125 0.24375
0 0.24921875 0.73828125 0.1375 0.1453125
0 0.27421875 0.6984375 0.1265625 0.1703125
0 0.3765625 0.91484375 0.196875 0.1703125
0 0.75859375 0.9234375 0.1390625 0.096875
0 0.6328125 0.64921875 0.1546875 0.2328125
0 0.71796875 0.678125 0.1046875 0.1453125
0 0.65625 0.4734375 0.1953125 0.225
0 0.690625 0.40078125 0.11875 0.1484375
0 0.25859375 0.19296875 0.0859375 0.09375
0 0.20859375 0.2171875 0.09375 0.0859375
0 0.2046875 0.296875 0.0765625 0.115625
0 0.2609375 0.3 0.084375 0.125
0 0.1015625 0.30703125 0.159375 0.1421875
0 0.10859375 0.196875 0.1296875 0.14375
0 0.0578125 0.15625 0.115625 0.184375
0 0.11953125 0.43984375 0.2125 0.18125
0 0.16640625 0.37578125 0.1515625 0.1359375
0 0.04296875 0.5234375 0.0859375 0.134375
0 0.07890625 0.65234375 0.0953125 0.1296875
0 0.09921875 0.7671875 0.134375 0.1359375