0 0.3046875 0.25390625 0.2 0.2828125
0 0.384375 0.4265625 0.2421875 0.328125
0 0.1984375 0.71484375 0.2875 0.3328125
0 0.61953125 0.53203125 0.221875 0.225
0 0.67890625 0.1546875 0.215625 0.2125
0 0.81484375 0.559375 0.1390625 0.2234375
0 0.50546875 0.7328125 0.1765625 0.2859375
0 0.38046875 0.709375 0.1796875 0.2828125
0 0.17734375 0.1671875 0.2984375 0.253125
0 0.46953125 0.1328125 0.146875 0.153125
0 0.1890625 0.50546875 0.2171875 0.209375
0 0.36640625 0.9171875 0.1671875 0.165625
0 0.4953125 0.89921875 0.15 0.2015625