0 0.7171875 0.4515625 0.1234375 0.0828125
0 0.6359375 0.32578125 0.0859375 0.08125
0 0.48203125 0.365625 0.0921875 0.046875
0 0.25859375 0.05234375 0.1015625 0.1046875
0 0.49296875 0.12890625 0.06875 0.0640625
0 0.540625 0.1875 0.06875 0.05
0 0.36875 0.49609375 0.065625 0.059375
0 0.12421875 0.6515625 0.1 0.071875
0 0.53515625 0.5609375 0.0734375 0.0546875
0 0.3171875 0.4546875 0.078125 0.0671875
0 0.20703125 0.27109375 0.1015625 0.071875
0 0.3640625 0.26640625 0.0734375 0.08125
0 0.6234375 0.14609375 0.059375 0.096875
0 0.8984375 0.24296875 0.0953125 0.0734375
0 0.23359375 0.4109375 0.1125 0.0625