0 0.21953125 0.44921875 0.3375 0.4546875
0 0.14765625 0.740625 0.2953125 0.421875
0 0.30390625 0.85 0.165625 0.2546875
0 0.56484375 0.09140625 0.2578125 0.1828125
0 0.1921875 0.07578125 0.240625 0.1515625
0 0.50390625 0.86171875 0.3765625 0.2765625
0 0.6015625 0.4671875 0.175 0.2
0 0.54296875 0.57890625 0.1359375 0.1515625
0 0.72578125 0.63203125 0.1890625 0.171875
0 0.83125 0.52265625 0.1296875 0.1375
0 0.83203125 0.878125 0.2140625 0.15625
0 0.3828125 0.1609375 0.096875 0.159375
0 0.3046875 0.196875 0.1046875 0.1828125
0 0.059375 0.3625 0.11875 0.296875
0 0.4421875 0.2015625 0.1109375 0.2046875