0 0.47734375 0.62890625 0.096875 0.090625
0 0.62109375 0.70078125 0.1109375 0.103125
0 0.77890625 0.64765625 0.1734375 0.109375
0 0.27890625 0.459375 0.109375 0.08125
0 0.3015625 0.415625 0.0984375 0.0671875
0 0.4015625 0.4609375 0.06875 0.0625
0 0.19140625 0.82109375 0.1125 0.1109375
0 0.4109375 0.7 0.0640625 0.0546875
0 0.33515625 0.66015625 0.0640625 0.075
0 0.19375 0.23046875 0.1453125 0.1140625
0 0.24921875 0.36796875 0.05625 0.0578125
0 0.58046875 0.459375 0.0828125 0.06875
0 0.13671875 0.6328125 0.1296875 0.103125
0 0.2203125 0.50390625 0.1515625 0.0859375
0 0.37890625 0.93359375 0.0859375 0.071875
0 0.53515625 0.85703125 0.0390625 0.0828125