0 0.334375 0.39765625 0.0625 0.115625
0 0.3640625 0.48203125 0.0671875 0.1390625
0 0.42734375 0.68359375 0.08125 0.1234375
0 0.48515625 0.7890625 0.09375 0.1515625
0 0.509375 0.86875 0.0296875 0.0671875
0 0.4859375 0.696875 0.0796875 0.1125
0 0.471875 0.5296875 0.0640625 0.096875
0 0.4453125 0.4328125 0.0875 0.1203125
0 0.421875 0.478125 0.0734375 0.103125
0 0.42421875 0.57265625 0.0640625 0.109375
0 0.42109375 0.29375 0.1171875 0.15625
0 0.37734375 0.12734375 0.125 0.1828125
0 0.4640625 0.20390625 0.0890625 0.1546875
0 0.54375 0.84609375 0.0453125 0.0765625