0 0.79296875 0.29140625 0.0671875 0.0984375
0 0.815625 0.303125 0.06875 0.0890625
0 0.8140625 0.3625 0.0671875 0.0859375
0 0.8546875 0.35546875 0.0625 0.0671875
0 0.9625 0.3328125 0.071875 0.0796875
0 0.95078125 0.38125 0.059375 0.071875
0 0.68046875 0.35625 0.071875 0.09375
0 0.64375 0.33984375 0.046875 0.0890625
0 0.6109375 0.34140625 0.0515625 0.0890625
0 0.5703125 0.33828125 0.0359375 0.075
0 0.48125 0.35390625 0.0296875 0.0546875
0 0.36953125 0.38515625 0.0453125 0.059375
0 0.328125 0.40703125 0.034375 0.065625
0 0.6515625 0.46015625 0.0421875 0.0375
0 0.52421875 0.36484375 0.046875 0.0484375