0 0.61796875 0.16796875 0.13125 0.3328125
0 0.30390625 0.065625 0.2203125 0.13125
0 0.79140625 0.2015625 0.09375 0.3859375
0 0.4703125 0.865625 0.090625 0.2171875
0 0.3265625 0.83671875 0.15625 0.171875
0 0.25234375 0.9375 0.1390625 0.1125
0 0.2484375 0.70546875 0.19375 0.1796875
0 0.0734375 0.7171875 0.13125 0.146875
0 0.140625 0.7515625 0.115625 0.109375
0 0.39296875 0.6828125 0.14375 0.2046875
0 0.396875 0.421875 0.0953125 0.303125
0 0.21484375 0.53828125 0.1375 0.1578125
0 0.42578125 0.15390625 0.103125 0.2671875
0 0.5921875 0.40625 0.0328125 0.0453125
0 0.63515625 0.4796875 0.05 0.0609375
0 0.65234375 0.41640625 0.0359375 0.05
0 0.56640625 0.628125 0.03125 0.0875
0 0.49765625 0.6578125 0.040625 0.065625
0 0.534375 0.45625 0.0484375 0.078125
0 0.52421875 0.5328125 0.040625 0.075
0 0.51640625 0.875 0.0359375 0.0578125
0 0.58515625 0.86796875 0.05625 0.071875
0 0.90234375 0.6703125 0.0453125 0.0625