0 0.340625 0.41875 0.0765625 0.115625
0 0.396875 0.19921875 0.0828125 0.0875
0 0.2125 0.49140625 0.0609375 0.053125
0 0.33984375 0.6546875 0.0796875 0.115625
0 0.6078125 0.44921875 0.1046875 0.1265625
0 0.5859375 0.5875 0.0984375 0.103125
0 0.584375 0.54296875 0.071875 0.0953125
0 0.765625 0.6453125 0.0890625 0.071875
0 0.7859375 0.4140625 0.065625 0.0515625
0 0.7640625 0.3625 0.0671875 0.071875
0 0.7953125 0.17265625 0.0703125 0.084375
0 0.5875 0.3140625 0.0921875 0.1109375
0 0.37109375 0.4046875 0.078125 0.065625
0 0.13984375 0.44296875 0.075 0.0703125
0 0.0765625 0.46484375 0.053125 0.0984375
0 0.49375 0.4828125 0.0484375 0.0625