0 0.03203125 0.25859375 0.0640625 0.1359375
0 0.1875 0.38203125 0.1078125 0.084375
0 0.35859375 0.075 0.0921875 0.0984375
0 0.27109375 0.0578125 0.075 0.0796875
0 0.1546875 0.08671875 0.0828125 0.071875
0 0.22421875 0.6828125 0.0921875 0.0859375
0 0.31484375 0.55546875 0.0734375 0.06875
0 0.32734375 0.44296875 0.084375 0.0703125
0 0.353125 0.39375 0.0703125 0.071875
0 0.6859375 0.17734375 0.1921875 0.184375
0 0.60390625 0.0890625 0.0359375 0.084375
0 0.68203125 0.07109375 0.065625 0.10625
0 0.6578125 0.0203125 0.084375 0.040625
0 0.85859375 0.328125 0.2546875 0.134375
0 0.8625 0.47734375 0.275 0.1796875
0 0.809375 0.64375 0.0703125 0.090625
0 0.77734375 0.54609375 0.0609375 0.046875
0 0.603125 0.5109375 0.078125 0.0671875
0 0.5515625 0.47578125 0.0703125 0.075
0 0.50703125 0.4625 0.0484375 0.0453125
0 0.51328125 0.54375 0.0875 0.0671875
0 0.56484375 0.128125 0.0625 0.1203125
0 0.53671875 0.234375 0.0609375 0.0875
0 0.50625 0.19453125 0.071875 0.1046875
0 0.49765625 0.128125 0.0640625 0.0609375
0 0.8640625 0.21171875 0.1734375 0.1078125
0 0.28203125 0.28828125 0.0890625 0.10625
0 0.396875 0.13359375 0.0796875 0.08125