0 0.36015625 0.846875 0.0765625 0.1078125
0 0.36015625 0.528125 0.0625 0.18125
0 0.46875 0.41875 0.103125 0.153125
0 0.5640625 0.34375 0.0890625 0.0890625
0 0.5328125 0.2421875 0.0671875 0.0828125
0 0.09453125 0.1921875 0.1421875 0.1265625
0 0.49296875 0.84375 0.06875 0.08125
0 0.4453125 0.8359375 0.04375 0.125
0 0.56953125 0.7171875 0.075 0.10625
0 0.56796875 0.67578125 0.0609375 0.0640625
0 0.6125 0.4734375 0.065625 0.0546875
0 0.5890625 0.421875 0.0921875 0.1015625
0 0.78125 0.45390625 0.065625 0.065625
0 0.83515625 0.434375 0.06875 0.075
0 0.86953125 0.353125 0.059375 0.05625
0 0.76171875 0.36015625 0.0515625 0.059375
0 0.815625 0.215625 0.0625 0.05
0 0.9609375 0.18203125 0.0578125 0.0578125
0 0.3421875 0.93671875 0.0421875 0.05625
0 0.54921875 0.5734375 0.0546875 0.0671875
0 0.63828125 0.190625 0.0375 0.071875