0 0.2546875 0.42734375 0.1296875 0.0984375
0 0.365625 0.3171875 0.1015625 0.1
0 0.3984375 0.15625 0.053125 0.103125
0 0.5140625 0.36953125 0.1015625 0.0625
0 0.8796875 0.34296875 0.21875 0.134375
0 0.75859375 0.0828125 0.0984375 0.1046875
0 0.68671875 0.0625 0.065625 0.059375
0 0.6171875 0.06484375 0.078125 0.05625
0 0.56640625 0.0515625 0.0796875 0.05625
0 0.5109375 0.1125 0.08125 0.0796875
0 0.5328125 0.1390625 0.08125 0.059375
0 0.7921875 0.0953125 0.1015625 0.0921875
0 0.71171875 0.20234375 0.078125 0.05625
0 0.6359375 0.309375 0.0765625 0.090625
0 0.58203125 0.278125 0.0640625 0.05625
0 0.44921875 0.55 0.084375 0.0671875
0 0.690625 0.47578125 0.08125 0.05625
0 0.6203125 0.5078125 0.0546875 0.0703125
0 0.78671875 0.4328125 0.1046875 0.053125
0 0.7453125 0.48671875 0.053125 0.0375
0 0.7421875 0.53671875 0.078125 0.046875
0 0.7859375 0.5765625 0.05 0.040625
0 0.85859375 0.67890625 0.103125 0.05
0 0.109375 0.19453125 0.109375 0.08125
0 0.13828125 0.065625 0.05 0.0796875
0 0.07890625 0.1140625 0.04375 0.046875
0 0.09375 0.39765625 0.0984375 0.071875
0 0.5578125 0.2 0.065625 0.0421875
0 0.47109375 0.19765625 0.059375 0.0609375
0 0.49296875 0.2609375 0.046875 0.04375