0 0.5578125 0.17734375 0.2375 0.221875
0 0.72109375 0.503125 0.240625 0.309375
0 0.79921875 0.82890625 0.19375 0.284375
0 0.68359375 0.74140625 0.1390625 0.296875
0 0.61796875 0.85859375 0.1828125 0.2828125
0 0.50546875 0.71484375 0.109375 0.3109375
0 0.39296875 0.6875 0.103125 0.4125
0 0.29375 0.4296875 0.1328125 0.146875
0 0.08984375 0.2375 0.1609375 0.1609375
0 0.09765625 0.69921875 0.0828125 0.2921875
0 0.21328125 0.571875 0.0484375 0.2265625
0 0.27265625 0.79921875 0.1078125 0.20625
0 0.203125 0.85390625 0.0546875 0.2640625
0 0.4453125 0.2953125 0.1265625 0.25
0 0.75859375 0.23984375 0.1796875 0.2625
0 0.85703125 0.28125 0.1765625 0.2515625
0 0.88359375 0.59296875 0.16875 0.25625
0 0.58046875 0.45625 0.125 0.35