0 0.90859375 0.53828125 0.1828125 0.2734375
0 0.90546875 0.64765625 0.1828125 0.1578125
0 0.76640625 0.396875 0.1546875 0.3046875
0 0.66875 0.3359375 0.2328125 0.2625
0 0.66015625 0.1453125 0.2015625 0.25625
0 0.54765625 0.234375 0.1921875 0.2078125
0 0.53125 0.08828125 0.20625 0.1765625
0 0.384375 0.234375 0.2546875 0.321875
0 0.6 0.7390625 0.1765625 0.1484375
0 0.5921875 0.64296875 0.1671875 0.2125
0 0.684375 0.91796875 0.1296875 0.1328125
0 0.58671875 0.903125 0.1125 0.1875
0 0.4109375 0.94375 0.10625 0.1125
0 0.26015625 0.96640625 0.1828125 0.0671875
0 0.29921875 0.78203125 0.203125 0.1625
0 0.16171875 0.79296875 0.175 0.284375