0 0.5921875 0.46875 0.3203125 0.25625
0 0.734375 0.39140625 0.1984375 0.15625
0 0.8375 0.525 0.1515625 0.1203125
0 0.89296875 0.26953125 0.1828125 0.175
0 0.79453125 0.084375 0.1140625 0.1015625
0 0.634375 0.14140625 0.134375 0.1375
0 0.59140625 0.1890625 0.190625 0.1640625
0 0.48828125 0.0828125 0.1515625 0.146875
0 0.371875 0.2546875 0.2984375 0.2453125
0 0.18203125 0.2375 0.2625 0.2125
0 0.1734375 0.08671875 0.246875 0.1734375
0 0.19921875 0.06875 0.2828125 0.1375
0 0.225 0.3921875 0.15 0.10625
0 0.28671875 0.46328125 0.1984375 0.1453125
0 0.1453125 0.64609375 0.290625 0.2796875
0 0.43046875 0.796875 0.2265625 0.1609375
0 0.63046875 0.70546875 0.146875 0.1296875
0 0.5921875 0.85859375 0.1703125 0.1328125
0 0.78046875 0.69140625 0.0953125 0.121875
0 0.7640625 0.57890625 0.103125 0.15
0 0.91640625 0.69765625 0.13125 0.16875
0 0.88203125 0.9296875 0.109375 0.1359375
0 0.04921875 0.78359375 0.0984375 0.1390625