0 0.3953125 0.1796875 0.0875 0.121875
0 0.43984375 0.2 0.078125 0.11875
0 0.47734375 0.10078125 0.09375 0.121875
0 0.44140625 0.04453125 0.1140625 0.0890625
0 0.303125 0.13828125 0.090625 0.1296875
0 0.4046875 0.3046875 0.0890625 0.115625
0 0.44921875 0.40078125 0.1171875 0.1546875
0 0.37734375 0.42578125 0.109375 0.1515625
0 0.51484375 0.18828125 0.0515625 0.075
0 0.35859375 0.778125 0.125 0.1875
0 0.4484375 0.69921875 0.1109375 0.1640625
0 0.5203125 0.628125 0.134375 0.1890625
0 0.43671875 0.534375 0.14375 0.175
0 0.49921875 0.51328125 0.1125 0.18125
0 0.38046875 0.9296875 0.1359375 0.140625