0 0.6546875 0.6515625 0.1140625 0.10625
0 0.5390625 0.33984375 0.109375 0.1828125
0 0.6859375 0.1609375 0.140625 0.165625
0 0.54296875 0.15390625 0.121875 0.1453125
0 0.403125 0.3140625 0.1140625 0.1375
0 0.28359375 0.5578125 0.1203125 0.1796875
0 0.22265625 0.64375 0.0640625 0.078125
0 0.3046875 0.7078125 0.08125 0.096875
0 0.36328125 0.765625 0.0625 0.1203125
0 0.07421875 0.775 0.071875 0.1015625
0 0.08046875 0.71484375 0.08125 0.0890625
0 0.05078125 0.51328125 0.0859375 0.1359375
0 0.08828125 0.434375 0.0859375 0.1140625
0 0.15 0.3890625 0.1015625 0.121875
0 0.3453125 0.44453125 0.0734375 0.06875
0 0.453125 0.46328125 0.0640625 0.0796875
0 0.54296875 0.48203125 0.05625 0.071875
0 0.52421875 0.5890625 0.0546875 0.0953125
0 0.43359375 0.5734375 0.05 0.0765625
0 0.62109375 0.18828125 0.0484375 0.0953125
0 0.465625 0.39140625 0.0484375 0.0515625
0 0.6578125 0.484375 0.0515625 0.084375