0 0.10390625 0.1875 0.125 0.2734375
0 0.23203125 0.0984375 0.1171875 0.184375
0 0.07734375 0.36796875 0.0859375 0.190625
0 0.2390625 0.28203125 0.071875 0.165625
0 0.27578125 0.23203125 0.0546875 0.140625
0 0.22890625 0.2609375 0.05 0.0828125
0 0.67109375 0.43671875 0.115625 0.1703125
0 0.75859375 0.396875 0.1109375 0.1875
0 0.76953125 0.48515625 0.059375 0.1515625
0 0.8625 0.671875 0.109375 0.1625
0 0.9671875 0.584375 0.0640625 0.13125
0 0.94453125 0.59375 0.0640625 0.0625
0 0.9203125 0.4578125 0.065625 0.0640625
0 0.9203125 0.521875 0.05625 0.071875
0 0.9078125 0.9015625 0.13125 0.196875
0 0.55 0.96875 0.053125 0.0625
0 0.56640625 0.953125 0.0484375 0.0703125
0 0.69765625 0.8421875 0.0640625 0.1359375
0 0.6625 0.0875 0.0875 0.1046875
0 0.9546875 0.146875 0.090625 0.16875
0 0.91875 0.22109375 0.1171875 0.15
0 0.91171875 0.290625 0.0828125 0.0953125
0 0.5359375 0.14921875 0.0671875 0.1828125
0 0.50703125 0.09375 0.059375 0.178125
0 0.47578125 0.184375 0.071875 0.265625
0 0.553125 0.41484375 0.0734375 0.16875
0 0.26640625 0.62890625 0.0671875 0.178125
0 0.32734375 0.51171875 0.0671875 0.1765625
0 0.271875 0.46796875 0.071875 0.1703125
0 0.196875 0.7078125 0.0578125 0.1375
0 0.4328125 0.778125 0.078125 0.1984375
0 0.33125 0.90234375 0.0859375 0.175
0 0.5203125 0.53203125 0.0734375 0.134375
0 0.65234375 0.60625 0.09375 0.2078125
0 0.628125 0.68046875 0.096875 0.13125
0 0.75625 0.1859375 0.0703125 0.10625
0 0.80078125 0.228125 0.084375 0.1296875
0 0.8359375 0.228125 0.0765625 0.1
0 0.8421875 0.1953125 0.05625 0.0765625
0 0.8296875 0.32890625 0.0828125 0.0875
0 0.65390625 0.203125 0.05 0.1328125
0 0.403125 0.07890625 0.090625 0.1578125