0 0.2109375 0.48203125 0.1078125 0.128125
0 0.17578125 0.31484375 0.0734375 0.090625
0 0.209375 0.2359375 0.1234375 0.1125
0 0.2828125 0.040625 0.053125 0.08125
0 0.35625 0.125 0.109375 0.115625
0 0.37421875 0.2828125 0.10625 0.1359375
0 0.4265625 0.1796875 0.0734375 0.1109375
0 0.41484375 0.40859375 0.059375 0.0671875
0 0.38125 0.46171875 0.0734375 0.075
0 0.3359375 0.42890625 0.040625 0.0953125
0 0.31796875 0.596875 0.0640625 0.1046875
0 0.38359375 0.603125 0.0828125 0.10625
0 0.540625 0.49375 0.090625 0.13125
0 0.76953125 0.290625 0.1359375 0.1890625
0 0.6671875 0.1953125 0.134375 0.1421875
0 0.6953125 0.24765625 0.103125 0.0984375
0 0.85546875 0.37265625 0.08125 0.096875
0 0.96953125 0.3390625 0.0609375 0.134375
0 0.73125 0.628125 0.05625 0.0734375
0 0.77421875 0.61875 0.06875 0.09375
0 0.63046875 0.65625 0.0796875 0.10625
0 0.6390625 0.56171875 0.0546875 0.1234375
0 0.89921875 0.66015625 0.0515625 0.1140625
0 0.51875 0.2875 0.0421875 0.084375