0 0.41015625 0.634375 0.071875 0.1546875
0 0.459375 0.89296875 0.0828125 0.1484375
0 0.38515625 0.9328125 0.05625 0.0890625
0 0.26796875 0.85 0.0734375 0.0828125
0 0.5875 0.9234375 0.0546875 0.0953125
0 0.65703125 0.84296875 0.090625 0.084375
0 0.5890625 0.67421875 0.059375 0.0796875
0 0.73046875 0.40546875 0.0515625 0.059375
0 0.709375 0.35390625 0.0359375 0.084375
0 0.67265625 0.38203125 0.0359375 0.078125
0 0.57890625 0.31640625 0.034375 0.075
0 0.58359375 0.5421875 0.05625 0.0703125
0 0.6390625 0.63046875 0.03125 0.0953125
0 0.57265625 0.1265625 0.04375 0.0953125
0 0.70234375 0.2140625 0.06875 0.08125
0 0.78984375 0.8375 0.0578125 0.0796875
0 0.109375 0.18515625 0.1375 0.1625
0 0.4890625 0.5734375 0.059375 0.096875
0 0.5203125 0.76953125 0.05 0.0765625
0 0.53125 0.65390625 0.05625 0.1109375
0 0.503125 0.48671875 0.04375 0.0734375
0 0.49921875 0.3734375 0.0453125 0.0640625