0 0.61796875 0.37890625 0.071875 0.0921875
0 0.66328125 0.39296875 0.0609375 0.0921875
0 0.765625 0.48828125 0.0640625 0.084375
0 0.821875 0.66015625 0.053125 0.0703125
0 0.784375 0.71953125 0.0859375 0.075
0 0.71953125 0.62890625 0.0453125 0.0515625
0 0.6515625 0.571875 0.0515625 0.0859375
0 0.6078125 0.57890625 0.0484375 0.06875
0 0.5578125 0.5359375 0.075 0.0828125
0 0.46015625 0.53125 0.08125 0.090625
0 0.590625 0.8046875 0.065625 0.1359375
0 0.6890625 0.8671875 0.0984375 0.1234375
0 0.74609375 0.94921875 0.0515625 0.1015625
0 0.646875 0.69609375 0.0609375 0.1453125
0 0.27109375 0.77265625 0.0796875 0.14375
0 0.33828125 0.84296875 0.1125 0.0921875
0 0.13828125 0.6609375 0.0828125 0.0890625
0 0.0234375 0.76875 0.046875 0.128125
0 0.0953125 0.39765625 0.059375 0.1
0 0.2328125 0.4234375 0.04375 0.071875
0 0.26796875 0.38828125 0.04375 0.065625
0 0.19609375 0.4671875 0.0328125 0.0609375
0 0.3484375 0.36796875 0.05 0.1015625
0 0.35078125 0.475 0.040625 0.10625