0 0.64609375 0.1375 0.134375 0.103125
0 0.86953125 0.05078125 0.1421875 0.1015625
0 0.8921875 0.18828125 0.1265625 0.09375
0 0.7859375 0.37734375 0.08125 0.096875
0 0.953125 0.36484375 0.078125 0.103125
0 0.8046875 0.73203125 0.1203125 0.1703125
0 0.7203125 0.66484375 0.0640625 0.1
0 0.67734375 0.559375 0.084375 0.075
0 0.7234375 0.4796875 0.065625 0.0921875
0 0.48828125 0.53203125 0.075 0.10625
0 0.3765625 0.40625 0.0578125 0.0890625
0 0.0734375 0.35234375 0.146875 0.1703125
0 0.15078125 0.23984375 0.146875 0.1390625
0 0.1828125 0.16875 0.0765625 0.06875
0 0.0359375 0.14765625 0.071875 0.1234375
0 0.2703125 0.0859375 0.0609375 0.08125
0 0.3828125 0.08984375 0.0703125 0.075
0 0.2625 0.0546875 0.05 0.0625
0 0.16015625 0.50625 0.1625 0.1265625
0 0.26640625 0.45390625 0.0703125 0.071875
0 0.2421875 0.3609375 0.0796875 0.0671875
0 0.35546875 0.32578125 0.075 0.05625
0 0.39921875 0.32109375 0.04375 0.0546875
0 0.3609375 0.28046875 0.06875 0.059375
0 0.45703125 0.22578125 0.04375 0.0453125
0 0.46640625 0.26484375 0.040625 0.0390625
0 0.46171875 0.35078125 0.0359375 0.0328125
0 0.45390625 0.371875 0.0390625 0.05625
0 0.49921875 0.36875 0.0421875 0.04375
0 0.50625 0.425 0.03125 0.0578125
0 0.534375 0.41640625 0.0359375 0.0609375
0 0.5375 0.5125 0.0359375 0.059375
0 0.434375 0.50859375 0.0453125 0.0515625
0 0.0890625 0.7296875 0.1375 0.10625
0 0.565625 0.35625 0.0953125 0.128125
0 0.89453125 0.42421875 0.090625 0.065625
0 0.24609375 0.59453125 0.0671875 0.0625
0 0.5140625 0.0484375 0.0765625 0.0765625
0 0.59296875 0.0140625 0.0671875 0.028125