0 0.390625 0.7640625 0.1484375 0.159375
0 0.31640625 0.5234375 0.228125 0.1515625
0 0.38359375 0.4109375 0.10625 0.125
0 0.678125 0.38984375 0.121875 0.1
0 0.8546875 0.56875 0.075 0.0890625
0 0.93203125 0.69375 0.090625 0.08125
0 0.9125 0.88828125 0.0640625 0.0796875
0 0.63828125 0.7546875 0.1109375 0.103125
0 0.46328125 0.88984375 0.084375 0.0859375
0 0.48671875 0.9625 0.0671875 0.075
0 0.52109375 0.98046875 0.0671875 0.0390625
0 0.1671875 0.890625 0.128125 0.1171875
0 0.16953125 0.5046875 0.128125 0.10625
0 0.24453125 0.42109375 0.065625 0.0609375
0 0.24140625 0.378125 0.0703125 0.0609375
0 0.07109375 0.19609375 0.0625 0.090625
0 0.028125 0.73203125 0.05625 0.1234375
0 0.12890625 0.7484375 0.128125 0.14375
0 0.2015625 0.68515625 0.06875 0.078125
0 0.24765625 0.74296875 0.08125 0.0734375
0 0.2671875 0.878125 0.0703125 0.071875