0 0.3359375 0.4 0.3296875 0.3375
0 0.740625 0.44765625 0.3484375 0.30625
0 0.9546875 0.26484375 0.090625 0.1578125
0 0.12265625 0.465625 0.215625 0.225
0 0.15078125 0.8453125 0.26875 0.2234375
0 0.53203125 0.6984375 0.425 0.3640625
0 0.7015625 0.13828125 0.2765625 0.2515625
0 0.51171875 0.2375 0.2890625 0.2578125
0 0.82421875 0.22265625 0.221875 0.1890625
0 0.2921875 0.653125 0.1859375 0.190625
0 0.0828125 0.72734375 0.165625 0.1796875
0 0.1890625 0.16953125 0.309375 0.3390625
0 0.35078125 0.1125 0.2140625 0.2171875
0 0.5609375 0.075 0.184375 0.15
0 0.871875 0.13203125 0.1703125 0.15
0 0.9296875 0.47578125 0.140625 0.1640625
0 0.93359375 0.61015625 0.1328125 0.2109375
0 0.7890625 0.86875 0.25625 0.2625
0 0.82265625 0.86953125 0.2484375 0.221875