0 0.3296875 0.46328125 0.1421875 0.1234375
0 0.37421875 0.31484375 0.1125 0.1328125
0 0.38125 0.1234375 0.0953125 0.1078125
0 0.11796875 0.26875 0.1234375 0.09375
0 0.0515625 0.14375 0.090625 0.0703125
0 0.03984375 0.4328125 0.0796875 0.09375
0 0.54140625 0.3625 0.109375 0.096875
0 0.4921875 0.24453125 0.08125 0.05625
0 0.52421875 0.1015625 0.0703125 0.0625
0 0.559375 0.16953125 0.065625 0.0671875
0 0.628125 0.24453125 0.084375 0.1171875
0 0.75234375 0.3890625 0.15 0.1
0 0.6453125 0.4296875 0.128125 0.096875
0 0.63125 0.4859375 0.075 0.059375
0 0.775 0.5078125 0.0796875 0.0734375
0 0.88671875 0.6375 0.1453125 0.0953125
0 0.75078125 0.03046875 0.1078125 0.0609375
0 0.81328125 0.02421875 0.1171875 0.0484375
0 0.684375 0.0125 0.0875 0.025
0 0.7421875 0.26796875 0.078125 0.0796875
0 0.503125 0.19765625 0.075 0.084375
0 0.44140625 0.0328125 0.0765625 0.053125