0 0.3421875 0.6609375 0.08125 0.103125
0 0.34140625 0.51640625 0.0390625 0.0828125
0 0.46953125 0.58359375 0.0671875 0.078125
0 0.2375 0.2265625 0.109375 0.128125
0 0.30078125 0.26171875 0.0625 0.078125
0 0.38203125 0.19140625 0.071875 0.1140625
0 0.41484375 0.396875 0.0734375 0.1140625
0 0.49921875 0.428125 0.078125 0.09375
0 0.6796875 0.43046875 0.0640625 0.0875
0 0.80234375 0.33359375 0.090625 0.11875
0 0.86640625 0.3125 0.0921875 0.0921875
0 0.92265625 0.428125 0.0734375 0.11875
0 0.93671875 0.65625 0.090625 0.15625
0 0.6875 0.70859375 0.04375 0.1390625
0 0.76015625 0.625 0.071875 0.140625
0 0.72734375 0.55078125 0.05625 0.140625
0 0.046875 0.0734375 0.06875 0.146875
0 0.08359375 0.02734375 0.0484375 0.0546875