0 0.78359375 0.59609375 0.171875 0.2421875
0 0.87265625 0.47109375 0.0953125 0.1296875
0 0.89375 0.63984375 0.121875 0.265625
0 0.9578125 0.6859375 0.084375 0.184375
0 0.88828125 0.18828125 0.1609375 0.184375
0 0.05703125 0.21328125 0.1140625 0.2171875
0 0.11640625 0.4296875 0.2015625 0.221875
0 0.21015625 0.22734375 0.2484375 0.2890625
0 0.35546875 0.3 0.265625 0.334375
0 0.378125 0.32890625 0.18125 0.1953125
0 0.51875 0.36015625 0.1359375 0.1484375
0 0.5125 0.521875 0.290625 0.2546875
0 0.690625 0.9015625 0.0859375 0.1546875
0 0.6671875 0.78359375 0.0890625 0.14375
0 0.58515625 0.84765625 0.1046875 0.2078125
0 0.5234375 0.8359375 0.1875 0.315625
0 0.38046875 0.84765625 0.2109375 0.3046875
0 0.2484375 0.78203125 0.28125 0.384375
0 0.2125 0.575 0.2453125 0.2953125
0 0.63828125 0.25390625 0.125 0.15
0 0.740625 0.36015625 0.1203125 0.234375
0 0.775 0.14140625 0.1125 0.1546875
0 0.790625 0.04296875 0.121875 0.0859375
0 0.125 0.08203125 0.1703125 0.0828125
0 0.2640625 0.0734375 0.1046875 0.096875
0 0.3515625 0.059375 0.11875 0.0984375
0 0.48203125 0.03203125 0.1359375 0.0640625
0 0.46796875 0.07890625 0.09375 0.134375