0 0.878125 0.3734375 0.153125 0.3109375
0 0.90234375 0.1890625 0.1515625 0.1328125
0 0.621875 0.1453125 0.15625 0.1921875
0 0.6984375 0.140625 0.0984375 0.175
0 0.5953125 0.39375 0.2453125 0.409375
0 0.5921875 0.59609375 0.1328125 0.1484375
0 0.6828125 0.76875 0.103125 0.1859375
0 0.80625 0.715625 0.096875 0.2609375
0 0.84375 0.7328125 0.059375 0.190625
0 0.90234375 0.7625 0.15 0.128125
0 0.865625 0.84140625 0.10625 0.103125
0 0.7875 0.91640625 0.275 0.1671875
0 0.52890625 0.8640625 0.121875 0.0984375
0 0.47421875 0.9453125 0.1765625 0.109375
0 0.375 0.68359375 0.259375 0.4625
0 0.1875 0.89765625 0.1390625 0.1484375
0 0.09140625 0.80234375 0.1609375 0.1375
0 0.18828125 0.79140625 0.10625 0.1421875
0 0.17421875 0.5984375 0.234375 0.2296875
0 0.06640625 0.615625 0.1328125 0.14375
0 0.084375 0.48984375 0.16875 0.1234375
0 0.13203125 0.34765625 0.1984375 0.1421875
0 0.14921875 0.27109375 0.146875 0.128125
0 0.11875 0.17265625 0.140625 0.240625
0 0.22265625 0.090625 0.2046875 0.1734375
0 0.26953125 0.203125 0.215625 0.215625
0 0.32109375 0.36953125 0.125 0.1984375
0 0.26875 0.40546875 0.1 0.140625
0 0.4375 0.08125 0.15 0.1625
0 0.32109375 0.02890625 0.1546875 0.0578125
0 0.09765625 0.0578125 0.1078125 0.115625
0 0.0734375 0.1265625 0.084375 0.1859375
0 0.18125 0.0359375 0.109375 0.071875
0 0.46484375 0.19453125 0.065625 0.1078125
0 0.5171875 0.1828125 0.075 0.090625
0 0.55625 0.06015625 0.103125 0.1203125
0 0.74296875 0.12265625 0.046875 0.1109375
0 0.88046875 0.08203125 0.071875 0.0859375
0 0.7546875 0.3328125 0.184375 0.2296875
0 0.7375 0.465625 0.1109375 0.109375