0 0.32421875 0.53046875 0.0609375 0.109375
0 0.31328125 0.7578125 0.0734375 0.078125
0 0.22265625 0.42421875 0.0546875 0.0453125
0 0.3921875 0.30546875 0.065625 0.1078125
0 0.58828125 0.5796875 0.0890625 0.115625
0 0.6078125 0.44140625 0.0859375 0.0921875
0 0.59375 0.48359375 0.059375 0.0890625
0 0.79609375 0.43828125 0.0828125 0.0609375
0 0.7484375 0.66640625 0.0609375 0.04375
0 0.7125 0.709375 0.059375 0.0640625
0 0.68671875 0.89921875 0.059375 0.0765625
0 0.5296875 0.703125 0.0796875 0.1015625
0 0.34921875 0.55390625 0.071875 0.05625
0 0.13828125 0.44921875 0.0671875 0.0609375
0 0.08515625 0.41015625 0.040625 0.0953125
0 0.4890625 0.51484375 0.0390625 0.059375