0 0.5984375 0.5765625 0.271875 0.4671875
0 0.384375 0.8078125 0.2125 0.384375
0 0.27734375 0.796875 0.196875 0.275
0 0.18515625 0.87578125 0.1984375 0.2484375
0 0.171875 0.72578125 0.128125 0.1265625
0 0.12109375 0.684375 0.115625 0.1234375
0 0.2609375 0.62734375 0.1390625 0.1359375
0 0.38515625 0.584375 0.1078125 0.15
0 0.359375 0.50546875 0.1828125 0.1765625
0 0.40390625 0.3609375 0.1046875 0.1765625
0 0.1203125 0.39609375 0.240625 0.3265625
0 0.1765625 0.28828125 0.1375 0.1875
0 0.25546875 0.31328125 0.153125 0.15
0 0.0515625 0.6109375 0.103125 0.2
0 0.33125 0.12578125 0.171875 0.1796875
0 0.37265625 0.06875 0.11875 0.121875
0 0.4734375 0.07421875 0.140625 0.1484375
0 0.52265625 0.04375 0.1046875 0.0875
0 0.60078125 0.0609375 0.1015625 0.121875
0 0.67109375 0.07265625 0.1390625 0.1453125
0 0.79921875 0.134375 0.2 0.1296875
0 0.72265625 0.21796875 0.1140625 0.1375
0 0.76953125 0.4421875 0.1984375 0.2328125
0 0.915625 0.4125 0.16875 0.171875
0 0.90546875 0.540625 0.1890625 0.15625
0 0.9625 0.7 0.075 0.234375
0 0.9109375 0.7328125 0.1484375 0.2
0 0.89296875 0.803125 0.2140625 0.215625
0 0.78671875 0.7453125 0.1875 0.215625
0 0.975 0.80625 0.05 0.140625
0 0.7171875 0.91875 0.1703125 0.1171875
0 0.571875 0.94140625 0.115625 0.1171875
0 0.678125 0.875 0.10625 0.1140625
0 0.3125 0.94765625 0.084375 0.1046875
0 0.47421875 0.2234375 0.1046875 0.15
0 0.578125 0.31640625 0.215625 0.196875
0 0.72109375 0.5328125 0.1078125 0.1421875
0 0.74296875 0.61484375 0.1046875 0.1140625
0 0.5890625 0.73125 0.0953125 0.09375
0 0.51484375 0.70625 0.165625 0.190625
0 0.515625 0.79375 0.1484375 0.134375
0 0.61875 0.8078125 0.0765625 0.096875
0 0.87265625 0.22734375 0.178125 0.1703125