0 0.5015625 0.42578125 0.2109375 0.221875
0 0.69453125 0.15703125 0.30625 0.3046875
0 0.753125 0.20546875 0.2296875 0.2375
0 0.88125 0.19765625 0.21875 0.20625
0 0.8046875 0.484375 0.2265625 0.2734375
0 0.5515625 0.27109375 0.178125 0.15
0 0.16640625 0.55078125 0.3328125 0.3359375
0 0.334375 0.78984375 0.3984375 0.35625
0 0.7875 0.83046875 0.3875 0.3296875
0 0.6015625 0.78671875 0.16875 0.1828125
0 0.90078125 0.45859375 0.1984375 0.2109375
0 0.384375 0.1390625 0.2796875 0.2640625
0 0.11640625 0.28046875 0.2203125 0.315625
0 0.51875 0.63125 0.18125 0.1328125