0 0.66875 0.7359375 0.125 0.121875
0 0.3609375 0.90546875 0.1515625 0.140625
0 0.1578125 0.75625 0.1453125 0.1171875
0 0.07265625 0.87890625 0.1125 0.1296875
0 0.02890625 0.659375 0.046875 0.0890625
0 0.55 0.571875 0.1390625 0.1265625
0 0.3203125 0.6 0.0953125 0.06875
0 0.234375 0.5828125 0.0765625 0.0875
0 0.359375 0.51796875 0.1140625 0.0796875
0 0.128125 0.30625 0.1265625 0.084375
0 0.09765625 0.46484375 0.090625 0.075
0 0.025 0.4921875 0.05 0.065625
0 0.20546875 0.15703125 0.1109375 0.0953125
0 0.0359375 0.175 0.071875 0.071875
0 0.54375 0.05546875 0.19375 0.1109375
0 0.41171875 0.24921875 0.103125 0.078125
0 0.6890625 0.27890625 0.19375 0.096875
0 0.80703125 0.33359375 0.1 0.06875
0 0.91171875 0.44140625 0.14375 0.103125
0 0.728125 0.49453125 0.115625 0.1265625
0 0.90546875 0.59296875 0.0953125 0.1078125
0 0.81953125 0.6640625 0.1046875 0.096875
0 0.95859375 0.5546875 0.0828125 0.1
0 0.91640625 0.1890625 0.140625 0.1078125
0 0.58203125 0.2140625 0.1 0.0765625
0 0.51328125 0.2046875 0.04375 0.0671875
0 0.3359375 0.23203125 0.0578125 0.078125
0 0.24765625 0.3078125 0.115625 0.096875
0 0.2421875 0.3875 0.075 0.059375
0 0.29296875 0.4421875 0.06875 0.075
0 0.33203125 0.39375 0.0828125 0.053125
0 0.47890625 0.71953125 0.10625 0.1015625