0 0.69921875 0.53828125 0.103125 0.2171875
0 0.4859375 0.815625 0.0703125 0.128125
0 0.05703125 0.71015625 0.09375 0.1578125
0 0.26015625 0.6796875 0.096875 0.19375
0 0.66796875 0.76875 0.09375 0.1609375
0 0.68359375 0.7015625 0.0703125 0.1109375
0 0.8140625 0.93515625 0.096875 0.1296875
0 0.50859375 0.5421875 0.08125 0.1625
0 0.76171875 0.175 0.128125 0.1859375
0 0.81953125 0.39609375 0.096875 0.1015625
0 0.8390625 0.56640625 0.0796875 0.059375
0 0.65859375 0.88984375 0.0609375 0.084375
0 0.65390625 0.15625 0.084375 0.05625
0 0.41015625 0.9421875 0.084375 0.1078125