0 0.3578125 0.20703125 0.209375 0.221875
0 0.62265625 0.25078125 0.2125 0.203125
0 0.50625 0.2390625 0.0953125 0.103125
0 0.59609375 0.35703125 0.2234375 0.1984375
0 0.78046875 0.40546875 0.096875 0.128125
0 0.74375 0.46015625 0.178125 0.184375
0 0.740625 0.59140625 0.2046875 0.203125
0 0.63125 0.6140625 0.1734375 0.2171875
0 0.66953125 0.5359375 0.10625 0.1109375
0 0.5421875 0.65 0.1875 0.1828125
0 0.4625 0.42890625 0.14375 0.165625
0 0.33671875 0.4171875 0.1984375 0.1671875
0 0.1921875 0.778125 0.2015625 0.196875
0 0.22734375 0.9640625 0.0984375 0.071875
0 0.36171875 0.5375 0.0953125 0.1109375
0 0.44296875 0.49453125 0.1546875 0.125
0 0.44296875 0.57890625 0.15625 0.1296875