0 0.52421875 0.87265625 0.1796875 0.2140625
0 0.41875 0.96015625 0.109375 0.0796875
0 0.421875 0.85 0.05 0.0921875
0 0.17734375 0.46328125 0.196875 0.165625
0 0.09921875 0.28515625 0.13125 0.165625
0 0.28984375 0.35390625 0.153125 0.2015625
0 0.384375 0.34296875 0.1875 0.25
0 0.284375 0.74296875 0.1328125 0.1453125
0 0.22421875 0.83828125 0.1421875 0.1328125
0 0.15078125 0.63125 0.1 0.075
0 0.77890625 0.72265625 0.1703125 0.2140625
0 0.8015625 0.8328125 0.1 0.171875
0 0.5921875 0.65546875 0.14375 0.1609375
0 0.63203125 0.60625 0.1140625 0.0953125
0 0.64296875 0.415625 0.128125 0.1859375
0 0.73203125 0.37890625 0.1390625 0.2078125
0 0.953125 0.68828125 0.09375 0.1546875
0 0.959375 0.59375 0.08125 0.1875
0 0.97265625 0.48984375 0.0546875 0.1046875
0 0.9875 0.871875 0.025 0.084375
0 0.80078125 0.2 0.0890625 0.14375
0 0.83203125 0.30625 0.1 0.1484375
0 0.79140625 0.01328125 0.0921875 0.0265625
0 0.2125 0.09375 0.0671875 0.1
0 0.165625 0.13203125 0.0734375 0.115625
0 0.2140625 0.2296875 0.0609375 0.059375
0 0.9296875 0.1921875 0.0625 0.1359375
0 0.75078125 0.57421875 0.1203125 0.1140625
0 0.878125 0.56796875 0.1015625 0.1234375
0 0.88359375 0.73125 0.096875 0.1421875
0 0.903125 0.8234375 0.0671875 0.128125
0 0.1875 0.9625 0.10625 0.075