0 0.31640625 0.528125 0.078125 0.128125
0 0.2296875 0.803125 0.103125 0.1375
0 0.01171875 0.8734375 0.0234375 0.121875
0 0.41640625 0.63125 0.1375 0.1265625
0 0.4375 0.39765625 0.09375 0.1515625
0 0.53671875 0.3609375 0.046875 0.06875
0 0.7046875 0.3234375 0.0671875 0.1390625
0 0.715625 0.3921875 0.04375 0.071875
0 0.87734375 0.77421875 0.1578125 0.2171875
0 0.92890625 0.65546875 0.109375 0.1125
0 0.85078125 0.50078125 0.05625 0.0703125
0 0.65234375 0.58125 0.090625 0.0921875
0 0.575 0.73125 0.1359375 0.1640625
0 0.53046875 0.63203125 0.0734375 0.0890625
0 0.57578125 0.56328125 0.0625 0.078125
0 0.9734375 0.4140625 0.053125 0.115625