0 0.41015625 0.43671875 0.175 0.1125
0 0.4640625 0.25234375 0.1296875 0.11875
0 0.71328125 0.2546875 0.1 0.071875
0 0.61953125 0.64765625 0.1125 0.0765625
0 0.3984375 0.57734375 0.0921875 0.065625
0 0.2171875 0.20390625 0.0875 0.0921875
0 0.05078125 0.53515625 0.1 0.1125
0 0.03828125 0.70390625 0.075 0.096875
0 0.21484375 0.44921875 0.096875 0.096875
0 0.3140625 0.3796875 0.0875 0.05
0 0.23984375 0.33203125 0.1171875 0.0625
0 0.3265625 0.22421875 0.084375 0.040625
0 0.28046875 0.0640625 0.10625 0.071875
0 0.4296875 0.0265625 0.053125 0.053125
0 0.55546875 0.1296875 0.0609375 0.078125
0 0.58671875 0.06640625 0.0484375 0.0671875
0 0.2625 0.53046875 0.075 0.05625
0 0.225 0.571875 0.06875 0.053125
0 0.365625 0.09921875 0.0375 0.053125
0 0.39921875 0.159375 0.05 0.05
0 0.45546875 0.09765625 0.0578125 0.078125
0 0.63984375 0.05078125 0.04375 0.05
0 0.1484375 0.15859375 0.071875 0.0796875
0 0.74453125 0.0265625 0.053125 0.046875