0 0.71015625 0.67890625 0.065625 0.121875
0 0.6390625 0.5890625 0.0703125 0.0453125
0 0.62890625 0.559375 0.065625 0.05625
0 0.6828125 0.5421875 0.0640625 0.0640625
0 0.6921875 0.51796875 0.05625 0.04375
0 0.72265625 0.60078125 0.0375 0.0609375
0 0.76015625 0.67578125 0.08125 0.11875
0 0.78828125 0.6640625 0.071875 0.103125
0 0.8234375 0.65859375 0.0765625 0.0875
0 0.81015625 0.60234375 0.0890625 0.1140625
0 0.8703125 0.64609375 0.046875 0.065625
0 0.83125 0.5703125 0.0734375 0.0703125
0 0.81640625 0.51796875 0.08125 0.0734375
0 0.97578125 0.70625 0.0484375 0.065625
0 0.925 0.659375 0.0625 0.065625
0 0.93046875 0.634375 0.1015625 0.0984375
0 0.8984375 0.5890625 0.0671875 0.078125
0 0.87265625 0.528125 0.06875 0.0609375
0 0.9671875 0.61640625 0.065625 0.0828125
0 0.95703125 0.57578125 0.0859375 0.1015625
0 0.340625 0.484375 0.028125 0.046875
0 0.1703125 0.5203125 0.0390625 0.059375
0 0.21953125 0.571875 0.046875 0.0796875
0 0.17265625 0.4875 0.034375 0.0625
0 0.25546875 0.503125 0.03125 0.0390625
0 0.284375 0.515625 0.0359375 0.04375
0 0.71796875 0.4484375 0.0359375 0.0625
0 0.9765625 0.4546875 0.046875 0.0625
0 0.99453125 0.59765625 0.0109375 0.0578125
0 0.5859375 0.47734375 0.03125 0.0421875
0 0.6515625 0.4828125 0.025 0.04375
0 0.38828125 0.4640625 0.0375 0.0515625