0 0.48125 0.31328125 0.1234375 0.1359375
0 0.4296875 0.10234375 0.11875 0.125
0 0.27265625 0.1296875 0.11875 0.0828125
0 0.17109375 0.06328125 0.090625 0.06875
0 0.17421875 0.28984375 0.1 0.096875
0 0.1453125 0.453125 0.09375 0.0734375
0 0.03671875 0.475 0.0734375 0.09375
0 0.0296875 0.2890625 0.059375 0.06875
0 0.01484375 0.0765625 0.0296875 0.0625
0 0.6625 0.21328125 0.125 0.0953125
0 0.70234375 0.125 0.075 0.05625
0 0.8359375 0.125 0.078125 0.084375
0 0.9171875 0.19765625 0.1296875 0.1015625
0 0.80625 0.28984375 0.090625 0.0828125
0 0.88671875 0.4015625 0.1921875 0.1015625
0 0.675 0.490625 0.153125 0.103125
0 0.4984375 0.5265625 0.0671875 0.075
0 0.39609375 0.58671875 0.075 0.059375
0 0.32265625 0.38515625 0.0953125 0.0703125
0 0.8625 0.64609375 0.1078125 0.0703125
0 0.77265625 0.54375 0.05625 0.0578125