0 0.62578125 0.3484375 0.0734375 0.1125
0 0.3734375 0.41875 0.1 0.13125
0 0.3546875 0.34453125 0.0421875 0.0828125
0 0.2265625 0.4546875 0.0921875 0.1453125
0 0.23984375 0.66171875 0.0921875 0.10625
0 0.26953125 0.71796875 0.0578125 0.090625
0 0.3375 0.62578125 0.0765625 0.078125
0 0.384375 0.52734375 0.0703125 0.1109375
0 0.40390625 0.60390625 0.1046875 0.14375
0 0.4515625 0.72421875 0.0953125 0.140625
0 0.44453125 0.67421875 0.075 0.090625
0 0.3859375 0.73359375 0.0421875 0.08125
0 0.35859375 0.8265625 0.0578125 0.096875
0 0.296875 0.88125 0.05625 0.1015625
0 0.240625 0.984375 0.040625 0.03125
0 0.15234375 0.97578125 0.0640625 0.0484375
0 0.65625 0.8265625 0.059375 0.125
0 0.72734375 0.86328125 0.0875 0.0953125
0 0.9171875 0.69921875 0.0796875 0.0765625
0 0.91640625 0.3921875 0.053125 0.09375
0 0.8 0.3921875 0.075 0.075
0 0.765625 0.42109375 0.0515625 0.0625
0 0.6953125 0.34921875 0.053125 0.0765625
0 0.8296875 0.49921875 0.04375 0.078125
0 0.67109375 0.50546875 0.0796875 0.1125
0 0.58359375 0.534375 0.090625 0.1078125
0 0.51796875 0.5234375 0.0578125 0.0796875
0 0.97890625 0.82578125 0.0421875 0.1171875