0 0.43828125 0.353125 0.1125 0.1671875
0 0.334375 0.48671875 0.0703125 0.1328125
0 0.2265625 0.79453125 0.115625 0.1578125
0 0.01484375 0.88125 0.0296875 0.1125
0 0.39453125 0.64296875 0.0859375 0.1390625
0 0.3875 0.85859375 0.1375 0.1546875
0 0.55625 0.70546875 0.1453125 0.134375
0 0.69453125 0.5515625 0.1234375 0.153125
0 0.71484375 0.31640625 0.0625 0.1046875
0 0.73046875 0.3609375 0.053125 0.078125
0 0.9734375 0.42734375 0.053125 0.1140625
0 0.92890625 0.65234375 0.10625 0.1296875
0 0.834375 0.7203125 0.1421875 0.1375
0 0.503125 0.59609375 0.078125 0.090625
0 0.5859375 0.44375 0.078125 0.1078125
0 0.53046875 0.37109375 0.0625 0.0796875
0 0.14140625 0.57265625 0.0484375 0.084375
0 0.82578125 0.4953125 0.0625 0.08125