0 0.42734375 0.06015625 0.1078125 0.1203125
0 0.58046875 0.075 0.125 0.1484375
0 0.7375 0.17265625 0.1671875 0.175
0 0.7125 0.053125 0.140625 0.0828125
0 0.55 0.22890625 0.1265625 0.1546875
0 0.4390625 0.1921875 0.1078125 0.0859375
0 0.47265625 0.13984375 0.09375 0.090625
0 0.290625 0.30078125 0.121875 0.1515625
0 0.06328125 0.38984375 0.121875 0.15625
0 0.05 0.48125 0.1 0.128125
0 0.12890625 0.58828125 0.0984375 0.1171875
0 0.23359375 0.6171875 0.0765625 0.09375
0 0.15703125 0.66953125 0.075 0.109375
0 0.35546875 0.46015625 0.1421875 0.1265625
0 0.28203125 0.41953125 0.1265625 0.128125
0 0.37578125 0.3421875 0.1109375 0.1234375
0 0.56171875 0.334375 0.159375 0.1421875
0 0.84765625 0.42890625 0.1015625 0.0875
0 0.96015625 0.35859375 0.0796875 0.1078125
0 0.96640625 0.45 0.0671875 0.096875
0 0.85390625 0.559375 0.109375 0.0828125
0 0.7640625 0.4359375 0.1140625 0.084375
0 0.69921875 0.33046875 0.0859375 0.06875
0 0.65703125 0.52578125 0.1625 0.0953125
0 0.51875 0.67890625 0.171875 0.11875
0 0.4421875 0.615625 0.0921875 0.1078125
0 0.4046875 0.73125 0.1125 0.0984375
0 0.76640625 0.88515625 0.1859375 0.1546875
0 0.7375 0.77890625 0.1140625 0.1
0 0.615625 0.78515625 0.096875 0.1015625
0 0.903125 0.6984375 0.1515625 0.1140625
0 0.90703125 0.80546875 0.1515625 0.190625
0 0.471875 0.51796875 0.11875 0.109375