0 0.4765625 0.91171875 0.1265625 0.11875
0 0.6328125 0.909375 0.1125 0.0765625
0 0.94453125 0.7125 0.1 0.1140625
0 0.9546875 0.5484375 0.090625 0.0984375
0 0.81328125 0.57734375 0.0765625 0.059375
0 0.453125 0.7109375 0.14375 0.1390625
0 0.34609375 0.78046875 0.1296875 0.10625
0 0.69921875 0.6421875 0.1015625 0.0609375
0 0.303125 0.95625 0.0703125 0.0765625
0 0.065625 0.75078125 0.13125 0.1046875
0 0.1421875 0.83515625 0.078125 0.075
0 0.18515625 0.95390625 0.0703125 0.071875
0 0.36953125 0.4859375 0.1046875 0.1
0 0.4890625 0.48359375 0.075 0.084375
0 0.15390625 0.678125 0.0828125 0.071875
0 0.13125 0.30234375 0.1390625 0.1
0 0.2765625 0.71953125 0.0640625 0.05
0 0.30859375 0.6328125 0.1078125 0.09375
0 0.73203125 0.940625 0.084375 0.078125
0 0.275 0.85625 0.053125 0.05625
0 0.13046875 0.5828125 0.1296875 0.0671875
0 0.2484375 0.5078125 0.059375 0.065625