0 0.559375 0.26953125 0.0515625 0.0953125
0 0.66796875 0.28515625 0.1421875 0.103125
0 0.78125 0.26640625 0.13125 0.1015625
0 0.8171875 0.421875 0.184375 0.1265625
0 0.753125 0.5109375 0.1453125 0.125
0 0.87421875 0.5421875 0.121875 0.1
0 0.9390625 0.6171875 0.1125 0.096875
0 0.903125 0.8828125 0.140625 0.1375
0 0.89453125 0.95234375 0.0734375 0.0796875
0 0.740625 0.80703125 0.178125 0.20625
0 0.76640625 0.91484375 0.0875 0.1453125
0 0.50078125 0.80859375 0.0609375 0.075
0 0.45078125 0.7171875 0.109375 0.090625
0 0.5671875 0.909375 0.046875 0.0859375
0 0.2609375 0.946875 0.065625 0.0734375
0 0.1453125 0.88984375 0.06875 0.078125
0 0.17265625 0.81171875 0.0671875 0.0765625
0 0.10546875 0.73203125 0.0828125 0.0859375
0 0.1734375 0.95546875 0.08125 0.0421875
0 0.21484375 0.86484375 0.0875 0.0953125
0 0.2859375 0.8109375 0.0390625 0.0625
0 0.3140625 0.73984375 0.0546875 0.071875
0 0.278125 0.74140625 0.0359375 0.05625
0 0.27265625 0.2625 0.159375 0.15
0 0.1296875 0.4 0.1125 0.0875
0 0.14453125 0.47421875 0.05 0.075
0 0.69140625 0.58203125 0.0453125 0.0296875
0 0.36328125 0.53125 0.071875 0.084375
0 0.19921875 0.1984375 0.0671875 0.084375
0 0.05234375 0.1984375 0.0609375 0.0671875
0 0.06328125 0.33515625 0.0484375 0.0625
0 0.42421875 0.9265625 0.046875 0.0515625
0 0.425 0.8734375 0.0421875 0.053125
0 0.471875 0.5046875 0.0484375 0.0671875
0 0.515625 0.68828125 0.0515625 0.04375
0 0.55859375 0.74375 0.053125 0.0609375
0 0.6390625 0.59453125 0.0375 0.05625
0 0.31953125 0.16953125 0.0625 0.0796875