0 0.88125 0.30390625 0.2171875 0.2703125
0 0.4765625 0.79453125 0.2296875 0.2984375
0 0.7140625 0.5984375 0.2140625 0.253125
0 0.775 0.76640625 0.1859375 0.2296875
0 0.66875 0.890625 0.1578125 0.1859375
0 0.5546875 0.34296875 0.1625 0.2125
0 0.24921875 0.3203125 0.171875 0.1421875
0 0.76953125 0.4796875 0.1453125 0.284375
0 0.69921875 0.3515625 0.1390625 0.140625
0 0.50859375 0.253125 0.203125 0.1828125
0 0.6828125 0.74609375 0.190625 0.2046875
0 0.81953125 0.2109375 0.1703125 0.15
0 0.50703125 0.04765625 0.1015625 0.0953125