0 0.8015625 0.16875 0.1546875 0.203125
0 0.878125 0.1015625 0.1671875 0.153125
0 0.76640625 0.034375 0.1390625 0.06875
0 0.89453125 0.27890625 0.140625 0.1390625
0 0.77890625 0.35234375 0.1 0.171875
0 0.82734375 0.3 0.053125 0.103125
0 0.8796875 0.49375 0.121875 0.16875
0 0.9265625 0.425 0.090625 0.1109375
0 0.95 0.45859375 0.1 0.1015625
0 0.9359375 0.5859375 0.128125 0.165625
0 0.953125 0.73203125 0.09375 0.1671875
0 0.87734375 0.67109375 0.1234375 0.1453125
0 0.8265625 0.8046875 0.1640625 0.321875
0 0.72578125 0.75078125 0.1125 0.20625
0 0.7078125 0.91484375 0.1109375 0.1375
0 0.61171875 0.8671875 0.15 0.1640625
0 0.61875 0.6703125 0.128125 0.128125
0 0.57578125 0.5203125 0.18125 0.21875
0 0.56171875 0.453125 0.1515625 0.13125
0 0.65390625 0.44453125 0.109375 0.1421875
0 0.6046875 0.2015625 0.1015625 0.253125
0 0.66328125 0.2171875 0.1234375 0.1921875
0 0.6296875 0.103125 0.0796875 0.09375
0 0.59609375 0.01484375 0.1015625 0.0296875
0 0.72734375 0.23125 0.0546875 0.134375
0 0.453125 0.01796875 0.0625 0.0359375
0 0.359375 0.059375 0.125 0.1046875
0 0.4609375 0.14765625 0.0859375 0.0984375
0 0.3453125 0.125 0.0625 0.0703125
0 0.2421875 0.0953125 0.15625 0.15
0 0.18359375 0.0609375 0.08125 0.0609375
0 0.2984375 0.18203125 0.1015625 0.134375
0 0.17890625 0.19609375 0.2078125 0.178125
0 0.08125 0.14453125 0.1625 0.1734375
0 0.02109375 0.10625 0.0421875 0.10625
0 0.084375 0.3078125 0.159375 0.140625
0 0.05390625 0.38984375 0.1078125 0.1140625
0 0.21875 0.41875 0.2296875 0.20625
0 0.321875 0.3359375 0.109375 0.1390625
0 0.38359375 0.2796875 0.0921875 0.1265625
0 0.41796875 0.22890625 0.115625 0.1609375
0 0.5421875 0.246875 0.0765625 0.14375
0 0.47734375 0.29296875 0.1140625 0.140625
0 0.1109375 0.56171875 0.1625 0.18125
0 0.0484375 0.53046875 0.096875 0.2078125
0 0.23359375 0.56875 0.1078125 0.15
0 0.265625 0.6640625 0.1703125 0.14375
0 0.42578125 0.6078125 0.1703125 0.2296875
0 0.42578125 0.759375 0.128125 0.14375
0 0.47578125 0.78359375 0.09375 0.1265625
0 0.54453125 0.72109375 0.0953125 0.1296875
0 0.39609375 0.909375 0.0984375 0.1375
0 0.20234375 0.9625 0.0890625 0.075
0 0.10390625 0.90078125 0.1359375 0.1921875
0 0.16171875 0.821875 0.1015625 0.125
0 0.2953125 0.85078125 0.196875 0.2265625
0 0.28671875 0.746875 0.1609375 0.1875
0 0.79453125 0.5375 0.08125 0.1171875