0 0.45625 0.90703125 0.15 0.1859375
0 0.159375 0.89921875 0.075 0.08125
0 0.05390625 0.771875 0.1078125 0.171875
0 0.1859375 0.7515625 0.0890625 0.1046875
0 0.2453125 0.8484375 0.0828125 0.0859375
0 0.4671875 0.6796875 0.0734375 0.09375
0 0.4578125 0.446875 0.16875 0.2015625
0 0.44375 0.3796875 0.053125 0.0640625
0 0.359375 0.29296875 0.078125 0.0796875
0 0.5375 0.30390625 0.084375 0.090625
0 0.7171875 0.309375 0.0625 0.0921875
0 0.784375 0.1109375 0.05625 0.078125
0 0.6375 0.35625 0.0578125 0.08125
0 0.54453125 0.46875 0.059375 0.1
0 0.57734375 0.4265625 0.065625 0.08125
0 0.50390625 0.50859375 0.053125 0.06875
0 0.384375 0.73671875 0.05625 0.0890625
0 0.51328125 0.1453125 0.0671875 0.06875
0 0.56171875 0.1140625 0.071875 0.0734375
0 0.43515625 0.3125 0.0796875 0.1265625
0 0.41640625 0.4921875 0.1 0.1046875