0 0.76875 0.90078125 0.253125 0.171875
0 0.63046875 0.91640625 0.1515625 0.1265625
0 0.48046875 0.86953125 0.2265625 0.1875
0 0.215625 0.8671875 0.28125 0.225
0 0.0796875 0.71875 0.159375 0.140625
0 0.3390625 0.7359375 0.25625 0.1734375
0 0.59609375 0.75625 0.2921875 0.175
0 0.88125 0.725 0.19375 0.134375
0 0.896875 0.63203125 0.1921875 0.1359375
0 0.921875 0.51875 0.15625 0.146875
0 0.81953125 0.453125 0.2171875 0.1828125
0 0.64921875 0.32265625 0.2265625 0.1671875
0 0.4625 0.43203125 0.225 0.140625
0 0.45703125 0.575 0.2828125 0.1546875
0 0.6546875 0.61875 0.2515625 0.1671875
0 0.8 0.22265625 0.2984375 0.2140625
0 0.61953125 0.165625 0.1203125 0.125
0 0.5234375 0.2375 0.178125 0.159375
0 0.325 0.12421875 0.2640625 0.1984375
0 0.1296875 0.18203125 0.209375 0.21875
0 0.36875 0.32890625 0.3390625 0.2546875
0 0.22421875 0.3765625 0.2765625 0.2125
0 0.2125 0.66328125 0.290625 0.2375
0 0.09765625 0.44453125 0.1953125 0.1859375
0 0.4171875 0.9125 0.2140625 0.1234375
0 0.109375 0.9015625 0.153125 0.125