0 0.20234375 0.8359375 0.140625 0.3109375
0 0.1703125 0.1875 0.140625 0.1984375
0 0.0828125 0.15 0.146875 0.14375
0 0.1921875 0.0484375 0.115625 0.096875
0 0.596875 0.0484375 0.1109375 0.09375
0 0.73046875 0.06171875 0.159375 0.1125
0 0.7953125 0.16328125 0.1796875 0.1640625
0 0.90234375 0.109375 0.16875 0.153125
0 0.9484375 0.16875 0.103125 0.109375
0 0.8953125 0.265625 0.15 0.1671875
0 0.928125 0.32421875 0.14375 0.1109375
0 0.778125 0.36953125 0.20625 0.203125
0 0.6640625 0.303125 0.096875 0.1125
0 0.60859375 0.25234375 0.065625 0.0953125
0 0.55625 0.23125 0.1015625 0.1328125
0 0.51015625 0.13671875 0.071875 0.0859375
0 0.3703125 0.196875 0.0734375 0.21875
0 0.303125 0.2328125 0.1125 0.2140625
0 0.2578125 0.40390625 0.0828125 0.215625
0 0.21015625 0.371875 0.071875 0.171875
0 0.090625 0.32578125 0.140625 0.140625
0 0.1234375 0.53046875 0.1171875 0.1546875
0 0.08203125 0.453125 0.084375 0.109375
0 0.059375 0.61953125 0.11875 0.1671875
0 0.04296875 0.76171875 0.0859375 0.1171875
0 0.29765625 0.7828125 0.1359375 0.2171875
0 0.41328125 0.88046875 0.1265625 0.16875
0 0.32734375 0.93203125 0.125 0.1296875
0 0.4265625 0.5328125 0.175 0.1921875
0 0.34296875 0.46953125 0.0671875 0.140625
0 0.5765625 0.5890625 0.159375 0.2
0 0.7484375 0.65 0.171875 0.115625
0 0.959375 0.484375 0.08125 0.190625
0 0.88828125 0.5421875 0.1453125 0.1890625
0 0.93046875 0.85546875 0.1203125 0.18125
0 0.88359375 0.7890625 0.0734375 0.1171875
0 0.73984375 0.83828125 0.19375 0.240625
0 0.58828125 0.7453125 0.09375 0.1484375
0 0.48125 0.73046875 0.0796875 0.134375
0 0.36484375 0.64609375 0.0734375 0.1265625
0 0.22421875 0.5734375 0.0671875 0.1296875
0 0.63515625 0.91171875 0.1125 0.1234375