0 0.6828125 0.31015625 0.078125 0.08125
0 0.66171875 0.4203125 0.075 0.1046875
0 0.44453125 0.384375 0.09375 0.078125
0 0.3171875 0.3515625 0.0390625 0.0953125
0 0.04609375 0.5375 0.0921875 0.103125
0 0.07421875 0.69453125 0.0609375 0.06875
0 0.0828125 0.559375 0.059375 0.06875
0 0.25703125 0.69296875 0.109375 0.1140625
0 0.17109375 0.80625 0.090625 0.1109375
0 0.146875 0.934375 0.084375 0.0890625
0 0.13984375 0.8890625 0.0421875 0.0703125
0 0.315625 0.77421875 0.090625 0.1015625
0 0.3390625 0.7140625 0.0328125 0.0484375
0 0.25390625 0.57421875 0.05625 0.0734375
0 0.34296875 0.48125 0.05625 0.05625
0 0.42265625 0.58515625 0.053125 0.0828125
0 0.4546875 0.6734375 0.0640625 0.071875
0 0.54453125 0.4734375 0.0484375 0.0671875
0 0.53671875 0.3140625 0.078125 0.0640625
0 0.828125 0.39609375 0.078125 0.0625
0 0.78203125 0.48125 0.0671875 0.078125
0 0.79921875 0.63046875 0.0921875 0.1078125
0 0.921875 0.6421875 0.065625 0.0984375
0 0.91328125 0.721875 0.059375 0.071875
0 0.921875 0.43359375 0.0734375 0.1328125
0 0.2015625 0.51796875 0.0796875 0.1015625