0 0.5296875 0.6796875 0.078125 0.0921875
0 0.56875 0.55546875 0.08125 0.103125
0 0.57734375 0.44140625 0.0875 0.0890625
0 0.31015625 0.6125 0.0671875 0.115625
0 0.2515625 0.603125 0.084375 0.059375
0 0.0546875 0.56328125 0.0625 0.05625
0 0.04765625 0.83828125 0.059375 0.1390625
0 0.72890625 0.67265625 0.059375 0.05625
0 0.74765625 0.63203125 0.053125 0.05
0 0.79140625 0.390625 0.0765625 0.059375
0 0.728125 0.88046875 0.0671875 0.0640625
0 0.59375 0.35 0.0546875 0.0609375
0 0.290625 0.35390625 0.065625 0.0859375