0 0.36171875 0.12734375 0.0921875 0.13125
0 0.2625 0.0828125 0.0625 0.08125
0 0.24765625 0.19140625 0.1578125 0.1546875
0 0.1375 0.1609375 0.0625 0.0796875
0 0.12109375 0.27265625 0.1875 0.1265625
0 0.0375 0.3203125 0.075 0.078125
0 0.1125 0.39375 0.225 0.125
0 0.1578125 0.4359375 0.14375 0.1015625
0 0.10234375 0.54453125 0.2046875 0.1453125
0 0.1953125 0.69921875 0.1125 0.0875
0 0.17421875 0.621875 0.05625 0.0875
0 0.2265625 0.58125 0.06875 0.04375
0 0.24609375 0.503125 0.0578125 0.06875
0 0.3859375 0.52578125 0.078125 0.059375
0 0.315625 0.53828125 0.05 0.046875
0 0.43984375 0.478125 0.0859375 0.0890625
0 0.4921875 0.5421875 0.0640625 0.0484375
0 0.4921875 0.47265625 0.0609375 0.0609375
0 0.4421875 0.3734375 0.05625 0.06875
0 0.428125 0.225 0.05625 0.0796875
0 0.4453125 0.18203125 0.08125 0.1125
0 0.571875 0.05546875 0.0953125 0.06875
0 0.55390625 0.12734375 0.0703125 0.0796875
0 0.575 0.18828125 0.0640625 0.059375
0 0.67578125 0.028125 0.1015625 0.05625
0 0.946875 0.20390625 0.0890625 0.1125
0 0.7953125 0.34375 0.0875 0.0890625
0 0.684375 0.5328125 0.06875 0.065625
0 0.81484375 0.64375 0.096875 0.0765625
0 0.84375 0.346875 0.05625 0.0515625
0 0.7921875 0.39296875 0.0625 0.04375
0 0.63203125 0.378125 0.0796875 0.0671875
0 0.6625 0.41953125 0.0703125 0.059375
0 0.68203125 0.2484375 0.065625 0.0890625
0 0.3515625 0.303125 0.0484375 0.0328125
0 0.890625 0.04453125 0.0546875 0.071875