0 0.70234375 0.48984375 0.0953125 0.2140625
0 0.5296875 0.18515625 0.0671875 0.125
0 0.090625 0.23046875 0.0875 0.1546875
0 0.2875 0.28828125 0.090625 0.1921875
0 0.70390625 0.25703125 0.0890625 0.159375
0 0.71015625 0.32578125 0.065625 0.1078125
0 0.87265625 0.109375 0.0921875 0.1328125
0 0.51484375 0.459375 0.075 0.1609375
0 0.71328125 0.85859375 0.121875 0.1828125
0 0.80234375 0.646875 0.09375 0.0984375
0 0.8453125 0.48125 0.078125 0.05625
0 0.71171875 0.13671875 0.0578125 0.0828125
0 0.6046875 0.8625 0.0828125 0.053125
0 0.47265625 0.05078125 0.0796875 0.1015625