0 0.08828125 0.90625 0.1203125 0.146875
0 0.259375 0.83359375 0.0734375 0.0984375
0 0.046875 0.725 0.065625 0.0890625
0 0.278125 0.9765625 0.08125 0.046875
0 0.5375 0.9515625 0.11875 0.096875
0 0.38671875 0.90546875 0.0578125 0.0953125
0 0.33515625 0.865625 0.04375 0.0796875
0 0.434375 0.7875 0.05 0.0796875
0 0.490625 0.79921875 0.0375 0.0578125
0 0.46015625 0.7421875 0.040625 0.059375
0 0.49609375 0.665625 0.0453125 0.053125
0 0.51015625 0.62890625 0.0453125 0.0671875
0 0.5 0.56015625 0.065625 0.078125
0 0.5359375 0.54765625 0.0609375 0.0515625
0 0.58125 0.58203125 0.0390625 0.040625
0 0.565625 0.72421875 0.0453125 0.06875
0 0.58046875 0.41796875 0.0453125 0.065625
0 0.4625 0.43828125 0.059375 0.0640625
0 0.4 0.45390625 0.034375 0.06875
0 0.42109375 0.37109375 0.0515625 0.059375
0 0.265625 0.31328125 0.075 0.075
0 0.35859375 0.1328125 0.0890625 0.08125
0 0.409375 0.19921875 0.075 0.06875
0 0.4140625 0.084375 0.08125 0.0859375
0 0.503125 0.34765625 0.0453125 0.078125
0 0.615625 0.40859375 0.0578125 0.06875
0 0.6296875 0.2875 0.04375 0.0515625
0 0.6859375 0.16328125 0.05625 0.0953125
0 0.70703125 0.040625 0.0765625 0.05
0 0.62890625 0.0796875 0.0453125 0.08125
0 0.58828125 0.22890625 0.046875 0.06875
0 0.6203125 0.19609375 0.0375 0.05
0 0.59140625 0.1421875 0.046875 0.05625
0 0.5578125 0.121875 0.0390625 0.0640625
0 0.5203125 0.1171875 0.0328125 0.04375
0 0.53984375 0.04609375 0.0546875 0.0609375
0 0.49765625 0.04765625 0.0453125 0.0484375
0 0.51875 0.2453125 0.0375 0.1171875
0 0.49296875 0.26484375 0.053125 0.09375
0 0.42421875 0.29609375 0.0515625 0.05625
0 0.58828125 0.64609375 0.0375 0.0703125
0 0.7921875 0.0625 0.0375 0.0578125
0 0.1140625 0.57578125 0.08125 0.0875