0 0.5203125 0.68125 0.0734375 0.0875
0 0.565625 0.559375 0.0765625 0.1
0 0.58046875 0.4453125 0.0828125 0.0859375
0 0.3046875 0.60234375 0.0609375 0.1140625
0 0.246875 0.590625 0.0828125 0.0546875
0 0.05234375 0.53984375 0.0609375 0.053125
0 0.03046875 0.81484375 0.053125 0.1375
0 0.71953125 0.684375 0.05625 0.0546875
0 0.73984375 0.6453125 0.0515625 0.0484375
0 0.796875 0.40546875 0.0734375 0.05625
0 0.7078125 0.89140625 0.0640625 0.0609375
0 0.6015625 0.35546875 0.0515625 0.0578125
0 0.2984375 0.34296875 0.0609375 0.0828125