0 0.72109375 0.76328125 0.0984375 0.1046875
0 0.59140625 0.49921875 0.090625 0.115625
0 0.6046875 0.37421875 0.0984375 0.09375
0 0.54921875 0.3859375 0.0953125 0.084375
0 0.41328125 0.1578125 0.065625 0.0890625
0 0.17578125 0.34765625 0.084375 0.0953125
0 0.40546875 0.42734375 0.06875 0.059375
0 0.98125 0.4109375 0.0375 0.09375
0 0.68359375 0.51875 0.0546875 0.065625
0 0.59140625 0.65 0.0578125 0.05625
0 0.4578125 0.3734375 0.059375 0.075
0 0.503125 0.234375 0.059375 0.075
0 0.49453125 0.19765625 0.0578125 0.0765625
0 0.7921875 0.35390625 0.0703125 0.0765625
0 0.73671875 0.55703125 0.0703125 0.0828125