0 0.60859375 0.77421875 0.19375 0.15625
0 0.56875 0.67890625 0.2078125 0.18125
0 0.49609375 0.78515625 0.0859375 0.103125
0 0.8046875 0.60234375 0.1046875 0.1234375
0 0.57421875 0.553125 0.221875 0.225
0 0.29765625 0.62578125 0.1859375 0.1390625
0 0.74140625 0.4171875 0.1671875 0.1296875
0 0.62578125 0.3953125 0.1734375 0.1609375
0 0.6953125 0.28203125 0.1125 0.1015625
0 0.428125 0.5109375 0.178125 0.140625
0 0.42734375 0.59375 0.1609375 0.140625
0 0.4234375 0.43125 0.15625 0.14375
0 0.14609375 0.2578125 0.1828125 0.1453125
0 0.4125 0.77734375 0.1796875 0.2