0 0.0796875 0.13671875 0.159375 0.1578125
0 0.0875 0.32265625 0.175 0.1484375
0 0.17890625 0.2046875 0.2125 0.1515625
0 0.24140625 0.1015625 0.14375 0.128125
0 0.2234375 0.459375 0.2 0.2171875
0 0.11953125 0.60546875 0.1875 0.1625
0 0.0671875 0.53515625 0.134375 0.2578125
0 0.784375 0.8203125 0.171875 0.315625
0 0.571875 0.21875 0.0953125 0.2625
0 0.528125 0.28203125 0.0921875 0.1984375
0 0.4484375 0.29765625 0.1328125 0.196875
0 0.32890625 0.3375 0.1140625 0.1453125
0 0.271875 0.34453125 0.084375 0.1453125
0 0.4328125 0.628125 0.128125 0.1765625
0 0.29453125 0.6859375 0.1578125 0.121875
0 0.778125 0.16640625 0.1515625 0.1953125
0 0.903125 0.16015625 0.1390625 0.1375
0 0.78984375 0.05234375 0.1234375 0.1
0 0.91640625 0.31171875 0.128125 0.0953125
0 0.6765625 0.27109375 0.134375 0.1984375
0 0.87890625 0.69765625 0.134375 0.153125
0 0.59453125 0.596875 0.1703125 0.196875
0 0.55390625 0.43984375 0.125 0.1
0 0.309375 0.86171875 0.1875 0.21875
0 0.6203125 0.88515625 0.140625 0.159375
0 0.66328125 0.46796875 0.10625 0.1203125
0 0.784375 0.384375 0.096875 0.1796875
0 0.89765625 0.50078125 0.1265625 0.1390625
0 0.59140625 0.6921875 0.09375 0.1203125
0 0.72421875 0.9296875 0.1125 0.109375
0 0.3609375 0.0796875 0.1296875 0.1109375
0 0.465625 0.1578125 0.06875 0.0859375