0 0.23828125 0.4828125 0.1890625 0.3234375
0 0.2953125 0.46328125 0.196875 0.3984375
0 0.396875 0.515625 0.0046875 0.040625
0 0.1375 0.828125 0.171875 0.3140625
0 0.5125 0.5515625 0.2140625 0.3125
0 0.7578125 0.4234375 0.125 0.2625
0 0.66171875 0.55859375 0.1859375 0.2078125
0 0.56640625 0.34453125 0.1765625 0.271875
0 0.7171875 0.27734375 0.1359375 0.2625
0 0.871875 0.29921875 0.11875 0.2515625
0 0.5484375 0.85703125 0.159375 0.2859375
0 0.475 0.8640625 0.159375 0.271875
0 0.29765625 0.9 0.1015625 0.1828125
0 0.24765625 0.2203125 0.215625 0.246875
0 0.15859375 0.5015625 0.1609375 0.3671875
0 0.4484375 0.17265625 0.128125 0.209375
0 0.6671875 0.790625 0.1078125 0.2125
0 0.33984375 0.7078125 0.1546875 0.28125
0 0.11171875 0.27421875 0.14375 0.2546875
0 0.80390625 0.46171875 0.075 0.1890625