0 0.6109375 0.190625 0.1625 0.1484375
0 0.7078125 0.4546875 0.2 0.15
0 0.578125 0.509375 0.0640625 0.053125
0 0.84765625 0.175 0.165625 0.1
0 0.140625 0.42109375 0.1359375 0.0796875
0 0.28359375 0.475 0.078125 0.059375
0 0.29609375 0.5703125 0.0640625 0.059375
0 0.52421875 0.4921875 0.05625 0.071875
0 0.515625 0.13046875 0.0578125 0.125
0 0.4484375 0.02109375 0.096875 0.0421875
0 0.55625 0.02734375 0.10625 0.0546875
0 0.246875 0.31484375 0.0578125 0.0640625
0 0.2609375 0.09140625 0.0984375 0.0640625
0 0.26796875 0.68671875 0.078125 0.0578125