0 0.6390625 0.3140625 0.0859375 0.0953125
0 0.74453125 0.65703125 0.071875 0.1
0 0.8203125 0.69140625 0.1109375 0.146875
0 0.96328125 0.8109375 0.0734375 0.15
0 0.9796875 0.90625 0.040625 0.065625
0 0.82890625 0.890625 0.0734375 0.1171875
0 0.690625 0.78046875 0.0890625 0.1046875
0 0.60859375 0.603125 0.0703125 0.1109375
0 0.65 0.4546875 0.0703125 0.075
0 0.51796875 0.40390625 0.1046875 0.0890625
0 0.5359375 0.6078125 0.0578125 0.084375
0 0.4921875 0.7578125 0.0953125 0.140625
0 0.5546875 0.7796875 0.0359375 0.0578125
0 0.3015625 0.6234375 0.084375 0.08125
0 0.24140625 0.709375 0.0578125 0.0875
0 0.21875 0.7640625 0.08125 0.0875
0 0.09609375 0.63671875 0.08125 0.1328125
0 0.0578125 0.72421875 0.0703125 0.0734375
0 0.05078125 0.44296875 0.1015625 0.1734375
0 0.0828125 0.409375 0.0765625 0.0828125
0 0.28125 0.35859375 0.05625 0.109375
0 0.26171875 0.4421875 0.0625 0.1015625
0 0.2140625 0.4453125 0.059375 0.13125