0 0.2078125 0.7921875 0.1578125 0.1046875
0 0.8546875 0.5453125 0.290625 0.15
0 0.821875 0.71796875 0.1703125 0.1453125
0 0.74453125 0.91171875 0.071875 0.065625
0 0.221875 0.24375 0.0578125 0.125
0 0.57421875 0.69296875 0.0625 0.071875
0 0.67109375 0.67578125 0.065625 0.071875
0 0.59453125 0.61953125 0.04375 0.075
0 0.53671875 0.46640625 0.06875 0.065625
0 0.46875 0.4703125 0.0390625 0.065625
0 0.37421875 0.590625 0.0890625 0.0875
0 0.43984375 0.6421875 0.075 0.0671875
0 0.4515625 0.9296875 0.071875 0.0734375
0 0.59453125 0.77109375 0.04375 0.0671875
0 0.33515625 0.93359375 0.071875 0.0625
0 0.0078125 0.71171875 0.015625 0.0921875
0 0.0640625 0.7859375 0.0921875 0.0625
0 0.14453125 0.73203125 0.1 0.0828125
0 0.67578125 0.83984375 0.0453125 0.0515625
0 0.6484375 0.98203125 0.06875 0.0359375
0 0.1625 0.54609375 0.0890625 0.0921875
0 0.15546875 0.4625 0.071875 0.0859375