0 0.4609375 0.73671875 0.1421875 0.1578125
0 0.27265625 0.77890625 0.1265625 0.128125
0 0.18671875 0.9546875 0.1578125 0.090625
0 0.7515625 0.6328125 0.11875 0.1375
0 0.890625 0.59765625 0.15 0.1203125
0 0.9046875 0.49453125 0.09375 0.1234375
0 0.78359375 0.44375 0.1234375 0.1171875
0 0.56875 0.41015625 0.14375 0.1203125
0 0.46015625 0.4390625 0.090625 0.071875
0 0.35078125 0.565625 0.196875 0.14375
0 0.40078125 0.63046875 0.10625 0.078125
0 0.18203125 0.66171875 0.1171875 0.115625
0 0.134375 0.73671875 0.128125 0.1
0 0.1046875 0.6109375 0.1109375 0.084375
0 0.41953125 0.315625 0.1875 0.1265625
0 0.2859375 0.49609375 0.1046875 0.08125
0 0.10703125 0.4765625 0.109375 0.084375
0 0.20703125 0.34296875 0.1015625 0.08125
0 0.6234375 0.278125 0.1421875 0.1234375
0 0.7109375 0.33359375 0.1484375 0.1328125
0 0.8921875 0.23359375 0.14375 0.14375
0 0.64375 0.09140625 0.1546875 0.0953125
0 0.48984375 0.21953125 0.128125 0.096875
0 0.21875 0.14453125 0.1515625 0.1125
0 0.2609375 0.0921875 0.1296875 0.1046875
0 0.1125 0.21171875 0.1328125 0.0859375
0 0.0140625 0.328125 0.028125 0.084375
0 0.015625 0.24296875 0.03125 0.1234375