0 0.41640625 0.278125 0.2703125 0.49375
0 0.8703125 0.58515625 0.259375 0.3765625
0 0.7875 0.78515625 0.1234375 0.19375
0 0.728125 0.7 0.1453125 0.128125
0 0.615625 0.8796875 0.1546875 0.0890625
0 0.4859375 0.90234375 0.209375 0.1953125
0 0.39296875 0.68125 0.1875 0.15625
0 0.23359375 0.82578125 0.1453125 0.190625
0 0.13046875 0.803125 0.2109375 0.1234375
0 0.05625 0.275 0.1125 0.215625
0 0.21875 0.509375 0.184375 0.1859375
0 0.25078125 0.20859375 0.175 0.1921875
0 0.746875 0.2515625 0.23125 0.2484375
0 0.8625 0.1125 0.159375 0.225
0 0.47578125 0.0609375 0.0953125 0.0984375
0 0.14375 0.13125 0.190625 0.1625
0 0.7078125 0.13359375 0.121875 0.2671875
0 0.64921875 0.52578125 0.1265625 0.13125
0 0.5125 0.7921875 0.0859375 0.1421875
0 0.4671875 0.7140625 0.1171875 0.153125
0 0.13359375 0.959375 0.1828125 0.08125
0 0.29921875 0.94453125 0.0984375 0.1109375
0 0.61484375 0.65546875 0.0671875 0.1765625
0 0.76171875 0.41171875 0.121875 0.1140625
0 0.5125 0.20625 0.140625 0.1484375
0 0.9078125 0.37890625 0.10625 0.1140625