0 0.60625 0.7390625 0.271875 0.2546875
0 0.85625 0.88984375 0.2875 0.1984375
0 0.8515625 0.66796875 0.2390625 0.2
0 0.84140625 0.5265625 0.2078125 0.1515625
0 0.8140625 0.34765625 0.371875 0.4265625
0 0.70078125 0.20078125 0.3671875 0.4015625
0 0.4828125 0.109375 0.146875 0.21875
0 0.38515625 0.19453125 0.178125 0.2625
0 0.109375 0.2515625 0.21875 0.428125
0 0.190625 0.12578125 0.1125 0.1671875
0 0.22109375 0.28984375 0.1078125 0.165625
0 0.05234375 0.58046875 0.1046875 0.2390625
0 0.13046875 0.60390625 0.153125 0.2359375
0 0.1890625 0.6515625 0.1296875 0.1875
0 0.190625 0.4953125 0.103125 0.1671875
0 0.10859375 0.79296875 0.1328125 0.1890625
0 0.25625 0.73984375 0.1015625 0.1109375
0 0.365625 0.846875 0.2078125 0.1671875
0 0.365625 0.66171875 0.2515625 0.2703125
0 0.4953125 0.92578125 0.1625 0.1484375
0 0.59453125 0.91171875 0.1015625 0.134375
0 0.5171875 0.3953125 0.1515625 0.209375
0 0.5046875 0.553125 0.1671875 0.2109375
0 0.35703125 0.428125 0.25625 0.2515625
0 0.67109375 0.946875 0.1171875 0.0953125