0 0.7671875 0.9359375 0.275 0.128125
0 0.66875 0.58359375 0.15625 0.1265625
0 0.60078125 0.8046875 0.096875 0.0984375
0 0.621875 0.87421875 0.0546875 0.0828125
0 0.58828125 0.89453125 0.0578125 0.059375
0 0.4625 0.9703125 0.078125 0.059375
0 0.39375 0.9515625 0.0734375 0.0515625
0 0.4640625 0.8953125 0.0890625 0.0703125
0 0.4390625 0.6140625 0.1078125 0.084375
0 0.2734375 0.61953125 0.1265625 0.09375
0 0.09375 0.5453125 0.1875 0.134375
0 0.0515625 0.425 0.1 0.0859375
0 0.02890625 0.75625 0.0578125 0.153125
0 0.1328125 0.27578125 0.13125 0.09375
0 0.40234375 0.4375 0.1046875 0.0984375
0 0.575 0.48125 0.075 0.0671875
0 0.6734375 0.496875 0.0859375 0.06875
0 0.784375 0.54375 0.165625 0.1046875
0 0.78671875 0.61328125 0.140625 0.08125
0 0.77734375 0.68203125 0.0953125 0.11875
0 0.80625 0.7765625 0.1484375 0.115625
0 0.7109375 0.796875 0.053125 0.0578125
0 0.5671875 0.6765625 0.075 0.096875
0 0.421875 0.83203125 0.065625 0.071875
0 0.32109375 0.7609375 0.075 0.0875
0 0.8 0.871875 0.128125 0.1109375
0 0.88359375 0.49296875 0.0875 0.096875
0 0.86796875 0.3546875 0.1609375 0.1
0 0.92265625 0.615625 0.109375 0.1234375