0 0.60703125 0.47421875 0.15625 0.1296875
0 0.609375 0.30703125 0.134375 0.146875
0 0.6203125 0.10234375 0.10625 0.125
0 0.56484375 0.0421875 0.078125 0.0578125
0 0.46171875 0.0296875 0.1203125 0.059375
0 0.5046875 0.07109375 0.08125 0.0703125
0 0.4921875 0.10078125 0.090625 0.0609375
0 0.50703125 0.14140625 0.084375 0.071875
0 0.490625 0.175 0.0890625 0.0765625
0 0.48671875 0.209375 0.0609375 0.0578125
0 0.49140625 0.23203125 0.059375 0.0453125
0 0.45859375 0.26328125 0.078125 0.0625
0 0.43671875 0.30546875 0.0625 0.040625
0 0.43671875 0.359375 0.1015625 0.0703125
0 0.37890625 0.421875 0.0921875 0.0859375
0 0.32734375 0.44375 0.065625 0.0578125
0 0.34375 0.475 0.0765625 0.078125
0 0.475 0.41875 0.0671875 0.053125
0 0.4046875 0.54375 0.0453125 0.05625
0 0.365625 0.2109375 0.1 0.1203125
0 0.25625 0.24375 0.08125 0.1140625
0 0.24921875 0.37578125 0.109375 0.0875
0 0.184375 0.4859375 0.090625 0.0828125
0 0.8609375 0.29296875 0.1171875 0.09375
0 0.06484375 0.62265625 0.1296875 0.1296875
0 0.47421875 0.55 0.109375 0.096875
0 0.4859375 0.65390625 0.0796875 0.0796875