0 0.59140625 0.53046875 0.0703125 0.1140625
0 0.559375 0.65234375 0.084375 0.0828125
0 0.509375 0.6125 0.0796875 0.0640625
0 0.79765625 0.334375 0.0875 0.0984375
0 0.78671875 0.38359375 0.053125 0.0625
0 0.81171875 0.51015625 0.053125 0.0859375
0 0.7421875 0.534375 0.0609375 0.075
0 0.80078125 0.68515625 0.046875 0.0515625
0 0.94296875 0.7640625 0.0734375 0.09375
0 0.9375 0.47890625 0.0765625 0.0609375
0 0.6796875 0.55546875 0.046875 0.08125
0 0.7234375 0.7421875 0.0515625 0.0640625
0 0.38515625 0.5328125 0.0671875 0.0546875
0 0.5390625 0.79921875 0.0859375 0.0875
0 0.41171875 0.61484375 0.04375 0.0765625
0 0.29140625 0.7890625 0.0609375 0.09375
0 0.2390625 0.79140625 0.0484375 0.0859375
0 0.140625 0.525 0.0734375 0.090625