0 0.31015625 0.07421875 0.125 0.134375
0 0.453125 0.11015625 0.1109375 0.1140625
0 0.2234375 0.140625 0.146875 0.146875
0 0.11875 0.1765625 0.125 0.109375
0 0.0890625 0.23359375 0.128125 0.103125
0 0.0703125 0.315625 0.1140625 0.1203125
0 0.03125 0.45078125 0.0625 0.1015625
0 0.025 0.5125 0.05 0.084375
0 0.08359375 0.53984375 0.1671875 0.1828125
0 0.05 0.70390625 0.1 0.1796875
0 0.034375 0.83046875 0.06875 0.2328125
0 0.0828125 0.7734375 0.140625 0.215625
0 0.115625 0.8671875 0.1578125 0.19375
0 0.2109375 0.82578125 0.1578125 0.2953125
0 0.30234375 0.403125 0.1234375 0.2078125
0 0.15703125 0.39609375 0.2 0.175
0 0.28828125 0.2890625 0.1375 0.1765625
0 0.434375 0.2765625 0.16875 0.2125
0 0.35703125 0.43125 0.165625 0.2546875
0 0.41796875 0.42890625 0.1375 0.1375
0 0.40625 0.546875 0.1359375 0.215625
0 0.534375 0.49765625 0.1609375 0.2421875
0 0.59453125 0.35234375 0.171875 0.1859375
0 0.56796875 0.17890625 0.1578125 0.2328125
0 0.53359375 0.03515625 0.1015625 0.0703125
0 0.6625 0.0484375 0.125 0.078125
0 0.74296875 0.08203125 0.0640625 0.115625
0 0.815625 0.07265625 0.09375 0.084375
0 0.95546875 0.50546875 0.0890625 0.1515625
0 0.96875 0.3890625 0.0625 0.14375
0 0.8796875 0.37578125 0.1453125 0.234375
0 0.95 0.11640625 0.1 0.1390625
0 0.63515625 0.728125 0.09375 0.228125
0 0.74921875 0.83515625 0.09375 0.221875
0 0.88359375 0.89765625 0.1109375 0.2046875
0 0.52890625 0.89921875 0.1171875 0.2015625
0 0.50546875 0.878125 0.1 0.20625
0 0.5671875 0.63359375 0.1015625 0.2046875
0 0.68828125 0.509375 0.109375 0.125
0 0.7953125 0.43984375 0.0765625 0.096875
0 0.3203125 0.8078125 0.084375 0.2328125
0 0.19296875 0.61484375 0.1828125 0.1953125
0 0.39296875 0.79609375 0.1078125 0.196875