0 0.540625 0.7328125 0.1390625 0.1203125
0 0.49453125 0.54609375 0.184375 0.1453125
0 0.54375 0.35078125 0.090625 0.0765625
0 0.41640625 0.4359375 0.103125 0.0875
0 0.78203125 0.71875 0.1078125 0.06875
0 0.465625 0.94609375 0.0828125 0.0890625
0 0.4578125 0.98203125 0.071875 0.0359375
0 0.39375 0.9703125 0.090625 0.059375
0 0.38828125 0.93984375 0.1 0.075
0 0.421875 0.89453125 0.06875 0.053125
0 0.29765625 0.803125 0.11875 0.10625
0 0.26328125 0.66796875 0.071875 0.1046875
0 0.23359375 0.60078125 0.075 0.0609375
0 0.28203125 0.56640625 0.0671875 0.0671875
0 0.36640625 0.63515625 0.096875 0.0734375
0 0.40234375 0.56796875 0.084375 0.0734375
0 0.2953125 0.4984375 0.078125 0.0640625
0 0.10546875 0.49609375 0.1140625 0.0796875
0 0.1546875 0.54375 0.140625 0.0890625
0 0.04609375 0.33515625 0.0921875 0.1078125