0 0.67578125 0.34921875 0.0609375 0.10625
0 0.66328125 0.4546875 0.06875 0.09375
0 0.440625 0.38203125 0.0984375 0.0796875
0 0.32734375 0.36015625 0.0671875 0.10625
0 0.115625 0.47109375 0.1296875 0.1359375
0 0.10546875 0.5484375 0.1 0.0859375
0 0.115625 0.65703125 0.0734375 0.0828125
0 0.27421875 0.68828125 0.1 0.0984375
0 0.284375 0.78203125 0.1015625 0.13125
0 0.1625 0.8328125 0.0703125 0.103125
0 0.1390625 0.92109375 0.0453125 0.0796875
0 0.41171875 0.553125 0.065625 0.103125
0 0.47109375 0.6859375 0.0796875 0.0734375
0 0.6390625 0.78125 0.0953125 0.09375
0 0.51953125 0.83125 0.0671875 0.103125
0 0.77265625 0.684375 0.1359375 0.159375
0 0.9234375 0.70078125 0.0796875 0.153125
0 0.928125 0.4515625 0.059375 0.1140625
0 0.89453125 0.75625 0.0625 0.0875
0 0.775 0.47578125 0.05 0.0734375
0 0.81328125 0.41484375 0.065625 0.0890625