0 0.90546875 0.18984375 0.1046875 0.1484375
0 0.53984375 0.50390625 0.1609375 0.1421875
0 0.2828125 0.36484375 0.1875 0.15625
0 0.1359375 0.2140625 0.175 0.1515625
0 0.0515625 0.08046875 0.090625 0.1359375
0 0.11328125 0.02109375 0.1609375 0.0421875
0 0.24375 0.06484375 0.1484375 0.1125
0 0.22421875 0.1578125 0.1734375 0.196875
0 0.40625 0.0671875 0.153125 0.134375
0 0.540625 0.1359375 0.134375 0.1734375
0 0.5390625 0.21953125 0.16875 0.1796875
0 0.66015625 0.3140625 0.146875 0.221875
0 0.5359375 0.37109375 0.165625 0.1734375
0 0.4234375 0.2234375 0.140625 0.16875
0 0.3796875 0.30546875 0.1484375 0.24375
0 0.31875 0.296875 0.1359375 0.165625
0 0.62578125 0.5046875 0.1203125 0.2140625