0 0.6203125 0.30078125 0.1078125 0.090625
0 0.7484375 0.3671875 0.165625 0.1296875
0 0.47265625 0.3703125 0.109375 0.0859375
0 0.44453125 0.14765625 0.08125 0.090625
0 0.5421875 0.14296875 0.071875 0.1265625
0 0.3953125 0.1453125 0.053125 0.0703125
0 0.3625 0.06328125 0.0796875 0.1
0 0.3203125 0.11640625 0.0796875 0.075
0 0.26015625 0.13125 0.0859375 0.078125
0 0.171875 0.1734375 0.1296875 0.115625
0 0.24453125 0.25859375 0.0875 0.065625
0 0.15 0.36640625 0.13125 0.0921875
0 0.16484375 0.4359375 0.1640625 0.1203125
0 0.221875 0.49375 0.1421875 0.0953125
0 0.28125 0.5234375 0.1171875 0.0890625
0 0.29296875 0.578125 0.0859375 0.0640625
0 0.24609375 0.6234375 0.071875 0.075
0 0.1765625 0.7625 0.196875 0.140625
0 0.39921875 0.5390625 0.084375 0.084375
0 0.4078125 0.5046875 0.0609375 0.065625
0 0.3890625 0.29453125 0.0625 0.059375
0 0.3359375 0.33515625 0.071875 0.09375
0 0.3984375 0.23125 0.06875 0.0625
0 0.48125 0.07734375 0.0609375 0.05
0 0.92734375 0.21015625 0.0578125 0.0859375
0 0.85390625 0.32265625 0.0859375 0.0859375
0 0.8375 0.0984375 0.115625 0.0984375