0 0.3875 0.35 0.18125 0.2171875
0 0.28828125 0.265625 0.1484375 0.2515625
0 0.17109375 0.465625 0.1796875 0.19375
0 0.0734375 0.3015625 0.146875 0.221875
0 0.165625 0.25078125 0.175 0.16875
0 0.56796875 0.28046875 0.2 0.2859375
0 0.4328125 0.65859375 0.1828125 0.31875
0 0.6015625 0.51640625 0.1265625 0.1953125
0 0.78828125 0.81328125 0.159375 0.2703125
0 0.7421875 0.80078125 0.1671875 0.25625
0 0.8859375 0.728125 0.159375 0.24375
0 0.78671875 0.44921875 0.1625 0.1671875
0 0.76484375 0.4 0.1484375 0.1859375
0 0.7828125 0.178125 0.1765625 0.209375
0 0.31015625 0.640625 0.2015625 0.2640625