0 0.7109375 0.24296875 0.1859375 0.1625
0 0.71484375 0.06015625 0.1015625 0.078125
0 0.6046875 0.03125 0.096875 0.0546875
0 0.41171875 0.0328125 0.096875 0.065625
0 0.18984375 0.3015625 0.146875 0.0953125
0 0.284375 0.49140625 0.09375 0.084375
0 0.29609375 0.4015625 0.09375 0.0921875
0 0.2078125 0.60859375 0.09375 0.0984375
0 0.52265625 0.50390625 0.071875 0.0859375
0 0.48359375 0.46171875 0.06875 0.0796875
0 0.56953125 0.5390625 0.0734375 0.08125
0 0.46953125 0.553125 0.0765625 0.0625
0 0.70078125 0.52109375 0.203125 0.153125
0 0.925 0.3125 0.15 0.115625
0 0.90546875 0.21484375 0.0671875 0.09375
0 0.8328125 0.24921875 0.0640625 0.078125
0 0.83828125 0.1359375 0.05 0.090625
0 0.7625 0.15703125 0.05 0.1234375
0 0.64140625 0.17109375 0.08125 0.15
0 0.53984375 0.23828125 0.0859375 0.13125
0 0.55546875 0.1390625 0.0875 0.08125
0 0.43046875 0.18125 0.078125 0.0765625
0 0.44140625 0.10625 0.071875 0.0859375
0 0.34453125 0.03203125 0.0765625 0.0640625
0 0.23671875 0.02109375 0.0796875 0.0421875
0 0.32734375 0.23515625 0.0765625 0.0859375
0 0.640625 0.325 0.08125 0.075
0 0.8625 0.48203125 0.1265625 0.08125
0 0.76484375 0.7234375 0.071875 0.078125
0 0.08125 0.121875 0.0640625 0.0796875
0 0.1390625 0.0171875 0.065625 0.034375