0 0.565625 0.26328125 0.1328125 0.1234375
0 0.36328125 0.2484375 0.1234375 0.103125
0 0.253125 0.096875 0.14375 0.1359375
0 0.05625 0.28125 0.0921875 0.1171875
0 0.2234375 0.35859375 0.1125 0.078125
0 0.128125 0.3875 0.08125 0.0640625
0 0.25 0.40234375 0.09375 0.0625
0 0.2421875 0.4671875 0.11875 0.075
0 0.4609375 0.440625 0.1484375 0.1046875
0 0.78359375 0.30390625 0.115625 0.1171875
0 0.9578125 0.31484375 0.084375 0.1140625
0 0.8609375 0.4375 0.090625 0.09375
0 0.93828125 0.41953125 0.0640625 0.08125
0 0.83125 0.5703125 0.140625 0.1125
0 0.66484375 0.565625 0.1125 0.115625
0 0.57890625 0.7015625 0.1859375 0.1046875
0 0.8234375 0.82109375 0.1625 0.1234375
0 0.9578125 0.625 0.075 0.103125
0 0.7390625 0.68359375 0.1125 0.090625
0 0.32265625 0.69296875 0.08125 0.0671875
0 0.140625 0.72265625 0.1265625 0.1125
0 0.03125 0.72109375 0.0625 0.0953125
0 0.0171875 0.671875 0.034375 0.09375
0 0.29453125 0.75234375 0.125 0.090625
0 0.19765625 0.790625 0.1140625 0.0875
0 0.05859375 0.87578125 0.1171875 0.1046875
0 0.4484375 0.83671875 0.146875 0.1234375
0 0.565625 0.9203125 0.1015625 0.075
0 0.38125 0.53671875 0.0953125 0.0890625
0 0.55390625 0.56328125 0.090625 0.0734375
0 0.55234375 0.4953125 0.075 0.0703125
0 0.73359375 0.4203125 0.0859375 0.071875
0 0.2328125 0.5703125 0.096875 0.059375
0 0.1328125 0.596875 0.08125 0.0671875