0 0.30078125 0.73203125 0.1953125 0.1578125
0 0.23671875 0.19609375 0.134375 0.146875
0 0.40546875 0.3265625 0.1515625 0.140625
0 0.3234375 0.4734375 0.1171875 0.175
0 0.3640625 0.19453125 0.1359375 0.1625
0 0.6484375 0.384375 0.1578125 0.15625
0 0.8046875 0.521875 0.184375 0.125
0 0.5421875 0.74609375 0.14375 0.178125
0 0.61953125 0.58359375 0.146875 0.175
0 0.753125 0.128125 0.1390625 0.175
0 0.17734375 0.90625 0.2078125 0.1875
0 0.29375 0.8953125 0.2375 0.209375
0 0.49453125 0.9015625 0.1328125 0.196875
0 0.7328125 0.69140625 0.134375 0.1859375
0 0.83515625 0.7375 0.1109375 0.2375
0 0.9078125 0.26796875 0.109375 0.13125
0 0.4875 0.18125 0.1296875 0.2265625