0 0.81328125 0.16015625 0.3390625 0.309375
0 0.16953125 0.184375 0.2046875 0.20625
0 0.45 0.065625 0.1375 0.13125
0 0.92421875 0.43125 0.1515625 0.196875
0 0.496875 0.3796875 0.1453125 0.1375
0 0.64453125 0.3046875 0.1921875 0.2203125
0 0.51875 0.64296875 0.221875 0.196875
0 0.321875 0.6640625 0.159375 0.171875
0 0.5140625 0.809375 0.175 0.128125
0 0.3765625 0.24609375 0.134375 0.1359375
0 0.25234375 0.3796875 0.175 0.159375
0 0.696875 0.6140625 0.128125 0.121875
0 0.8625 0.87734375 0.171875 0.1890625
0 0.903125 0.53984375 0.171875 0.1203125
0 0.83203125 0.38203125 0.1609375 0.1234375
0 0.13828125 0.26640625 0.1875 0.1546875
0 0.1484375 0.4328125 0.109375 0.14375
0 0.925 0.30859375 0.15 0.1390625