0 0.51484375 0.1265625 0.1625 0.2015625
0 0.6296875 0.04296875 0.1 0.0859375
0 0.61484375 0.16015625 0.0421875 0.090625
0 0.81640625 0.5703125 0.1859375 0.15
0 0.87578125 0.75546875 0.1171875 0.15625
0 0.69375 0.6671875 0.1359375 0.1921875
0 0.5984375 0.66875 0.1671875 0.2390625
0 0.73984375 0.28046875 0.121875 0.1359375
0 0.809375 0.1921875 0.13125 0.121875
0 0.8609375 0.40546875 0.0953125 0.0671875
0 0.24609375 0.24921875 0.1515625 0.203125
0 0.234375 0.1375 0.084375 0.1671875
0 0.42421875 0.3359375 0.13125 0.15
0 0.3796875 0.38046875 0.1078125 0.0859375
0 0.34921875 0.56875 0.1125 0.1796875
0 0.25703125 0.596875 0.1203125 0.2
0 0.06875 0.26484375 0.08125 0.15
0 0.0421875 0.35546875 0.084375 0.1796875
0 0.02578125 0.45859375 0.0515625 0.1015625
0 0.03125 0.07421875 0.0625 0.0765625
0 0.16953125 0.7671875 0.0765625 0.1390625
0 0.15 0.6578125 0.0859375 0.1421875
0 0.15546875 0.97109375 0.0859375 0.0578125
0 0.74375 0.934375 0.0578125 0.096875
0 0.79375 0.90078125 0.0625 0.1125
0 0.75625 0.7984375 0.05625 0.0546875
0 0.040625 0.76171875 0.05 0.1328125
0 0.25859375 0.4 0.1109375 0.10625
0 0.13125 0.39296875 0.090625 0.115625
0 0.1421875 0.23046875 0.084375 0.1359375
0 0.13359375 0.1359375 0.0546875 0.1265625
0 0.8609375 0.059375 0.0984375 0.09375