0 0.42890625 0.10859375 0.1046875 0.1390625
0 0.33828125 0.0484375 0.0703125 0.0875
0 0.30546875 0.15234375 0.171875 0.1703125
0 0.2015625 0.103125 0.0703125 0.0859375
0 0.165625 0.21015625 0.1984375 0.14375
0 0.07265625 0.2421875 0.090625 0.0859375
0 0.13359375 0.328125 0.240625 0.146875
0 0.17421875 0.37734375 0.1515625 0.115625
0 0.1046875 0.475 0.209375 0.165625
0 0.16484375 0.64296875 0.1203125 0.0984375
0 0.1578125 0.56328125 0.0640625 0.0921875
0 0.2171875 0.5328125 0.071875 0.05
0 0.24921875 0.459375 0.0640625 0.075
0 0.38359375 0.50546875 0.084375 0.0671875
0 0.31171875 0.50546875 0.0546875 0.0515625
0 0.44453125 0.46796875 0.09375 0.096875
0 0.48515625 0.540625 0.0671875 0.0546875
0 0.496875 0.471875 0.065625 0.0671875
0 0.46484375 0.365625 0.0640625 0.0734375
0 0.4765625 0.21640625 0.0640625 0.084375
0 0.50078125 0.17734375 0.0921875 0.1203125
0 0.6484375 0.075 0.1015625 0.0765625
0 0.61796875 0.14296875 0.078125 0.0875
0 0.628125 0.20625 0.0703125 0.065625
0 0.75546875 0.06171875 0.1078125 0.075
0 0.9703125 0.28515625 0.059375 0.1203125
0 0.81796875 0.396875 0.096875 0.096875
0 0.67578125 0.5640625 0.075 0.071875
0 0.78515625 0.69609375 0.103125 0.084375
0 0.865625 0.40859375 0.0609375 0.05625
0 0.80703125 0.4453125 0.0671875 0.05
0 0.65078125 0.403125 0.0859375 0.075
0 0.6734375 0.4484375 0.075 0.0671875
0 0.72265625 0.28359375 0.0734375 0.0953125
0 0.38828125 0.28046875 0.05 0.0359375
0 0.9640625 0.11953125 0.0609375 0.0765625