0 0.3703125 0.34375 0.11875 0.1375
0 0.26796875 0.46953125 0.1359375 0.1546875
0 0.21796875 0.5875 0.121875 0.140625
0 0.6765625 0.40390625 0.1765625 0.175
0 0.6 0.49375 0.1359375 0.1796875
0 0.534375 0.2515625 0.11875 0.1265625
0 0.5578125 0.18671875 0.0921875 0.0921875
0 0.64765625 0.146875 0.1 0.1015625
0 0.79296875 0.33515625 0.1234375 0.1359375
0 0.5953125 0.62109375 0.1578125 0.16875
0 0.6765625 0.721875 0.15625 0.1703125
0 0.9046875 0.8453125 0.153125 0.159375
0 0.39296875 0.896875 0.1640625 0.20625
0 0.30390625 0.95625 0.1078125 0.0875
0 0.2640625 0.72734375 0.175 0.1921875
0 0.434375 0.57578125 0.1515625 0.1921875
0 0.2140625 0.9875 0.0875 0.025
0 0.528125 0.840625 0.1 0.1234375
0 0.7328125 0.83359375 0.15625 0.1515625
0 0.41484375 0.47265625 0.1078125 0.1296875