0 0.44765625 0.2625 0.15 0.1484375
0 0.4453125 0.45234375 0.1765625 0.1390625
0 0.61015625 0.62265625 0.1109375 0.103125
0 0.43203125 0.5875 0.103125 0.0921875
0 0.19453125 0.26796875 0.13125 0.1046875
0 0.21015625 0.37734375 0.1171875 0.090625
0 0.24140625 0.44609375 0.075 0.0953125
0 0.321875 0.41328125 0.1015625 0.08125
0 0.23046875 0.48359375 0.0828125 0.06875
0 0.26171875 0.51796875 0.06875 0.0515625
0 0.2859375 0.565625 0.0734375 0.059375
0 0.23984375 0.621875 0.075 0.0546875
0 0.08828125 0.62265625 0.134375 0.0859375
0 0.23515625 0.10078125 0.0859375 0.0875
0 0.29921875 0.06484375 0.0828125 0.075
0 0.38984375 0.13359375 0.0828125 0.1109375
0 0.3671875 0.0453125 0.0671875 0.0671875
0 0.690625 0.221875 0.109375 0.090625
0 0.09296875 0.79765625 0.1140625 0.1328125