0 0.2890625 0.2359375 0.1984375 0.234375
0 0.35703125 0.13828125 0.1515625 0.1328125
0 0.26171875 0.6125 0.2578125 0.2265625
0 0.19765625 0.865625 0.1484375 0.15
0 0.45 0.8171875 0.1859375 0.284375
0 0.4015625 0.6765625 0.1171875 0.1140625
0 0.496875 0.6375 0.1359375 0.1609375
0 0.58203125 0.6109375 0.1671875 0.2015625
0 0.546875 0.51875 0.1171875 0.1171875
0 0.5390625 0.38984375 0.1328125 0.1359375
0 0.540625 0.3015625 0.1140625 0.115625
0 0.56875 0.20859375 0.1296875 0.1796875
0 0.59765625 0.0734375 0.1171875 0.13125
0 0.48984375 0.04765625 0.0796875 0.0953125
0 0.4109375 0.05078125 0.115625 0.1015625
0 0.45625 0.10625 0.090625 0.090625
0 0.09921875 0.0921875 0.1296875 0.1453125
0 0.12734375 0.2171875 0.128125 0.1046875
0 0.17578125 0.4515625 0.1 0.140625
0 0.1140625 0.55390625 0.071875 0.09375
0 0.11015625 0.62421875 0.10625 0.121875
0 0.03828125 0.60546875 0.0765625 0.1171875
0 0.69609375 0.6890625 0.153125 0.5578125
0 0.77421875 0.8328125 0.115625 0.2640625
0 0.915625 0.46328125 0.16875 0.2921875
0 0.946875 0.17265625 0.10625 0.2640625
0 0.8953125 0.184375 0.175 0.2265625
0 0.75703125 0.26796875 0.1546875 0.203125
0 0.690625 0.140625 0.1609375 0.1703125
0 0.74765625 0.36953125 0.1765625 0.175
0 0.39296875 0.3109375 0.115625 0.1640625
0 0.43828125 0.35859375 0.078125 0.1578125
0 0.0390625 0.9171875 0.078125 0.078125