0 0.52734375 0.5859375 0.178125 0.128125
0 0.378125 0.32578125 0.23125 0.196875
0 0.32578125 0.453125 0.08125 0.084375
0 0.4484375 0.465625 0.0625 0.06875
0 0.8453125 0.57890625 0.309375 0.2171875
0 0.8984375 0.8765625 0.203125 0.20625
0 0.7875 0.896875 0.140625 0.1484375
0 0.0765625 0.8671875 0.1109375 0.1109375
0 0.0609375 0.6 0.0921875 0.0671875
0 0.246875 0.40703125 0.0796875 0.0671875
0 0.24296875 0.34375 0.0734375 0.0625
0 0.596875 0.453125 0.0578125 0.06875
0 0.66015625 0.48203125 0.0625 0.0453125
0 0.72265625 0.40625 0.1140625 0.078125
0 0.690625 0.7390625 0.0609375 0.0734375
0 0.746875 0.746875 0.0546875 0.078125
0 0.78984375 0.678125 0.0546875 0.0703125
0 0.7953125 0.809375 0.0734375 0.0953125
0 0.54375 0.77421875 0.0640625 0.065625