0 0.26796875 0.8640625 0.1234375 0.1578125
0 0.18359375 0.721875 0.2140625 0.203125
0 0.165625 0.54765625 0.1671875 0.190625
0 0.44765625 0.66796875 0.175 0.2046875
0 0.74765625 0.38046875 0.240625 0.30625
0 0.6796875 0.190625 0.171875 0.3609375
0 0.3390625 0.23828125 0.1875 0.2859375
0 0.1046875 0.18671875 0.2046875 0.2609375
0 0.39453125 0.43828125 0.19375 0.2765625
0 0.6109375 0.8109375 0.0625 0.0734375
0 0.7625 0.84140625 0.040625 0.053125
0 0.68671875 0.8546875 0.0453125 0.065625
0 0.6875 0.896875 0.0453125 0.0515625
0 0.08203125 0.8265625 0.0796875 0.1453125
0 0.6 0.2796875 0.0640625 0.071875
0 0.878125 0.19765625 0.05625 0.0734375
0 0.54375 0.42890625 0.0578125 0.140625
0 0.5328125 0.51796875 0.0578125 0.0859375
0 0.53046875 0.9421875 0.1359375 0.115625