0 0.31171875 0.61171875 0.0578125 0.1078125
0 0.3421875 0.525 0.05 0.0828125
0 0.2734375 0.26015625 0.121875 0.1484375
0 0.0984375 0.2140625 0.084375 0.1296875
0 0.83125 0.5671875 0.125 0.125
0 0.89375 0.4609375 0.06875 0.071875
0 0.89765625 0.36328125 0.0875 0.075
0 0.72578125 0.33359375 0.1109375 0.10625
0 0.56484375 0.628125 0.0734375 0.0765625
0 0.6421875 0.659375 0.065625 0.0890625
0 0.19375 0.53046875 0.053125 0.0625
0 0.68125 0.50703125 0.0671875 0.0609375
0 0.86640625 0.1734375 0.05625 0.0734375
0 0.71640625 0.22109375 0.11875 0.109375
0 0.49296875 0.14921875 0.0859375 0.0765625
0 0.39765625 0.19375 0.0796875 0.0875
0 0.44140625 0.49296875 0.0546875 0.0765625
0 0.6 0.44296875 0.0515625 0.0484375