0 0.3828125 0.8578125 0.125 0.1171875
0 0.21015625 0.859375 0.1234375 0.0890625
0 0.6921875 0.78359375 0.1359375 0.0953125
0 0.4578125 0.665625 0.1140625 0.1421875
0 0.346875 0.628125 0.0703125 0.0625
0 0.63828125 0.6453125 0.0953125 0.115625
0 0.7078125 0.5140625 0.1578125 0.103125
0 0.50390625 0.46328125 0.059375 0.0875
0 0.83515625 0.89609375 0.1015625 0.0953125
0 0.7046875 0.88515625 0.0640625 0.0546875
0 0.10390625 0.5265625 0.1109375 0.071875
0 0.15625 0.70625 0.1125 0.0984375
0 0.83828125 0.603125 0.0765625 0.0984375
0 0.93125 0.634375 0.1234375 0.0953125
0 0.92578125 0.82421875 0.103125 0.10625
0 0.8984375 0.36171875 0.0953125 0.0734375
0 0.953125 0.3296875 0.09375 0.109375
0 0.378125 0.40625 0.0703125 0.059375