0 0.83515625 0.71875 0.3296875 0.390625
0 0.88828125 0.41328125 0.2234375 0.3015625
0 0.8765625 0.2140625 0.19375 0.178125
0 0.84140625 0.12265625 0.134375 0.1625
0 0.90703125 0.0734375 0.0921875 0.146875
0 0.72265625 0.075 0.2296875 0.15
0 0.59375 0.146875 0.30625 0.2546875
0 0.60703125 0.4328125 0.3390625 0.2890625
0 0.546875 0.5734375 0.1453125 0.1453125
0 0.77734375 0.44296875 0.1359375 0.1765625
0 0.44921875 0.65546875 0.196875 0.1546875
0 0.55703125 0.7921875 0.253125 0.1828125
0 0.71328125 0.89453125 0.378125 0.2078125
0 0.475 0.92890625 0.18125 0.1421875
0 0.20390625 0.9 0.3234375 0.2
0 0.3328125 0.828125 0.2453125 0.2453125
0 0.23203125 0.63046875 0.2484375 0.2421875
0 0.15859375 0.34375 0.3171875 0.4625
0 0.27890625 0.16015625 0.2375 0.290625
0 0.3828125 0.3046875 0.1796875 0.175
0 0.40546875 0.4453125 0.2109375 0.265625
0 0.49921875 0.3109375 0.1546875 0.18125
0 0.34765625 0.084375 0.159375 0.153125
0 0.08203125 0.1265625 0.1640625 0.1625
0 0.075 0.41953125 0.15 0.1828125
0 0.07265625 0.790625 0.096875 0.190625