0 0.29296875 0.6796875 0.20625 0.1734375
0 0.51640625 0.72265625 0.20625 0.240625
0 0.596875 0.7796875 0.0890625 0.1140625
0 0.68203125 0.865625 0.14375 0.146875
0 0.584375 0.91640625 0.1875 0.1671875
0 0.6234375 0.9765625 0.121875 0.046875
0 0.83203125 0.94921875 0.1515625 0.1015625
0 0.77734375 0.7796875 0.146875 0.1359375
0 0.8203125 0.68671875 0.15 0.15
0 0.9171875 0.7140625 0.1078125 0.11875
0 0.94453125 0.55 0.1109375 0.165625
0 0.7953125 0.51875 0.1953125 0.3671875
0 0.64453125 0.5953125 0.1515625 0.1671875
0 0.64921875 0.49609375 0.13125 0.11875
0 0.72109375 0.434375 0.1640625 0.16875
0 0.7640625 0.240625 0.3171875 0.4140625
0 0.86640625 0.240625 0.1375 0.1609375
0 0.48671875 0.1125 0.23125 0.203125
0 0.38828125 0.4625 0.1359375 0.1859375
0 0.44765625 0.51875 0.0859375 0.1546875
0 0.4765625 0.55546875 0.0734375 0.1203125
0 0.40859375 0.82734375 0.128125 0.15
0 0.27109375 0.821875 0.1078125 0.1265625
0 0.22734375 0.8546875 0.0875 0.1046875
0 0.15625 0.75078125 0.153125 0.1546875
0 0.09453125 0.68359375 0.159375 0.1671875
0 0.05546875 0.72734375 0.1109375 0.1296875
0 0.02421875 0.7 0.0484375 0.203125
0 0.04921875 0.5671875 0.0984375 0.115625
0 0.11953125 0.45234375 0.221875 0.2171875
0 0.190625 0.57109375 0.1765625 0.1609375
0 0.25234375 0.51015625 0.109375 0.1015625
0 0.2875 0.47734375 0.14375 0.1375
0 0.1640625 0.3 0.2015625 0.2078125
0 0.28203125 0.23125 0.1703125 0.175
0 0.3265625 0.32890625 0.125 0.2609375
0 0.15546875 0.11015625 0.1859375 0.2203125
0 0.2546875 0.05390625 0.278125 0.1078125
0 0.2640625 0.11875 0.1421875 0.178125
0 0.39453125 0.0875 0.1328125 0.175
0 0.4671875 0.03828125 0.090625 0.0765625
0 0.5671875 0.13515625 0.1359375 0.2015625