0 0.41484375 0.68125 0.2796875 0.171875
0 0.178125 0.8625 0.1328125 0.15
0 0.075 0.80546875 0.0765625 0.084375
0 0.56328125 0.821875 0.24375 0.1453125
0 0.50234375 0.871875 0.13125 0.084375
0 0.9 0.83515625 0.2 0.2015625
0 0.7984375 0.709375 0.0828125 0.0546875
0 0.746875 0.60078125 0.10625 0.0890625
0 0.29609375 0.509375 0.109375 0.0875
0 0.5796875 0.3265625 0.2046875 0.2125
0 0.50390625 0.53828125 0.0578125 0.078125
0 0.3640625 0.52890625 0.071875 0.0625
0 0.1234375 0.48125 0.078125 0.04375
0 0.10234375 0.55546875 0.078125 0.0640625
0 0.6296875 0.95546875 0.0734375 0.0546875