0 0.6484375 0.84609375 0.1328125 0.1265625
0 0.81953125 0.8328125 0.1296875 0.0984375
0 0.3328125 0.79921875 0.1421875 0.1046875
0 0.55625 0.66171875 0.125 0.15
0 0.6640625 0.6140625 0.075 0.0671875
0 0.37421875 0.65703125 0.103125 0.121875
0 0.29375 0.53203125 0.1640625 0.1140625
0 0.49296875 0.4640625 0.065625 0.090625
0 0.2 0.92421875 0.1078125 0.103125
0 0.3296875 0.9015625 0.0671875 0.059375
0 0.896875 0.4921875 0.115625 0.08125
0 0.86015625 0.675 0.11875 0.10625
0 0.171875 0.63203125 0.084375 0.103125
0 0.08203125 0.67109375 0.1296875 0.1046875
0 0.10390625 0.86015625 0.1109375 0.1140625
0 0.090625 0.396875 0.1 0.08125
0 0.0421875 0.37109375 0.084375 0.1171875
0 0.61328125 0.39609375 0.0734375 0.0640625