0 0.528125 0.2796875 0.1390625 0.134375
0 0.4859375 0.07890625 0.1390625 0.1390625
0 0.34140625 0.096875 0.10625 0.103125
0 0.24765625 0.0953125 0.0828125 0.09375
0 0.0546875 0.33203125 0.109375 0.1140625
0 0.0453125 0.5015625 0.090625 0.10625
0 0.1859375 0.46171875 0.0890625 0.0828125
0 0.15234375 0.41796875 0.05625 0.0484375
0 0.20703125 0.30703125 0.09375 0.075
0 0.275 0.39296875 0.1046875 0.0875
0 0.51484375 0.515625 0.071875 0.071875
0 0.62578125 0.48984375 0.1140625 0.1015625
0 0.67890625 0.33046875 0.1125 0.1265625
0 0.5953125 0.20078125 0.1171875 0.11875
0 0.6328125 0.034375 0.084375 0.06875
0 0.7515625 0.0328125 0.06875 0.065625
0 0.8015625 0.13984375 0.0765625 0.090625
0 0.90546875 0.196875 0.140625 0.115625
0 0.83359375 0.27890625 0.0984375 0.065625
0 0.8796875 0.3859375 0.15 0.0859375
0 0.85390625 0.39609375 0.103125 0.0484375
0 0.87265625 0.64765625 0.1390625 0.078125
0 0.7703125 0.53984375 0.0546875 0.0453125
0 0.74765625 0.46015625 0.0515625 0.059375
0 0.42109375 0.58125 0.0796875 0.0625
0 0.296875 0.63828125 0.065625 0.06875
0 0.41953125 0.4578125 0.0578125 0.053125
0 0.45390625 0.3390625 0.0296875 0.0796875
0 0.43046875 0.10859375 0.046875 0.0703125
0 0.428125 0.03984375 0.0640625 0.075
0 0.03828125 0.1015625 0.071875 0.0875
0 0.10859375 0.30703125 0.0953125 0.0671875