0 0.45078125 0.30390625 0.15 0.13125
0 0.44609375 0.23046875 0.1484375 0.1296875
0 0.5859375 0.16640625 0.1515625 0.153125
0 0.60703125 0.38828125 0.15 0.1703125
0 0.696875 0.4421875 0.178125 0.1328125
0 0.85546875 0.290625 0.1625 0.128125
0 0.7765625 0.22265625 0.16875 0.14375
0 0.446875 0.56875 0.1609375 0.1015625
0 0.3296875 0.38125 0.14375 0.1296875
0 0.76796875 0.1265625 0.1453125 0.1046875
0 0.634375 0.07109375 0.175 0.140625
0 0.89765625 0.0640625 0.1375 0.1046875
0 0.57890625 0.30390625 0.109375 0.1125
0 0.453125 0.4453125 0.1453125 0.1234375
0 0.48515625 0.37734375 0.14375 0.1296875
0 0.9484375 0.15625 0.103125 0.159375