0 0.4359375 0.234375 0.1859375 0.13125
0 0.4625 0.31953125 0.2140625 0.1359375
0 0.109375 0.28203125 0.121875 0.2453125
0 0.06953125 0.53046875 0.1328125 0.1765625
0 0.1125 0.65390625 0.1625 0.1265625
0 0.140625 0.75859375 0.096875 0.1671875
0 0.1609375 0.91796875 0.1546875 0.121875
0 0.26015625 0.7703125 0.1328125 0.209375
0 0.1765625 0.47109375 0.09375 0.20625
0 0.165625 0.33515625 0.1125 0.13125
0 0.209375 0.06328125 0.1265625 0.0890625
0 0.56875 0.5109375 0.1953125 0.25625
0 0.4359375 0.515625 0.1859375 0.1875
0 0.37421875 0.60234375 0.15625 0.2234375
0 0.2984375 0.30859375 0.090625 0.1171875
0 0.4359375 0.13359375 0.0828125 0.103125
0 0.21875 0.6125 0.053125 0.0703125
0 0.30703125 0.4546875 0.0625 0.0875
0 0.55859375 0.11484375 0.053125 0.059375
0 0.896875 0.0859375 0.1078125 0.1078125