0 0.53671875 0.3734375 0.2578125 0.2578125
0 0.42734375 0.25625 0.23125 0.3109375
0 0.33359375 0.11640625 0.259375 0.1828125
0 0.16328125 0.325 0.234375 0.221875
0 0.115625 0.4921875 0.2234375 0.2078125
0 0.05859375 0.5546875 0.1171875 0.165625
0 0.13515625 0.65703125 0.2296875 0.2125
0 0.33828125 0.71796875 0.1734375 0.18125
0 0.37109375 0.84375 0.14375 0.1640625
0 0.5015625 0.8578125 0.1453125 0.178125
0 0.49921875 0.94765625 0.1078125 0.1046875
0 0.82109375 0.703125 0.209375 0.1828125
0 0.7953125 0.546875 0.2359375 0.2109375
0 0.65078125 0.5640625 0.20625 0.2140625
0 0.64296875 0.7734375 0.1015625 0.14375
0 0.6203125 0.85859375 0.0890625 0.134375
0 0.484375 0.5 0.2234375 0.1609375
0 0.3453125 0.459375 0.1984375 0.234375
0 0.81875 0.37421875 0.1453125 0.1515625
0 0.80859375 0.94765625 0.1984375 0.1046875
0 0.9578125 0.40390625 0.084375 0.1390625
0 0.77421875 0.1546875 0.1703125 0.159375
0 0.70703125 0.94765625 0.0765625 0.1046875
0 0.17734375 0.08671875 0.2171875 0.1734375
0 0.025 0.715625 0.05 0.128125
0 0.10859375 0.79609375 0.1359375 0.1421875
0 0.94921875 0.50625 0.1015625 0.14375