0 0.6203125 0.3171875 0.0609375 0.1078125
0 0.63125 0.40859375 0.0515625 0.0828125
0 0.809375 0.61640625 0.1265625 0.15
0 0.97109375 0.5796875 0.0578125 0.13125
0 0.17265625 0.58515625 0.128125 0.1265625
0 0.16328125 0.7078125 0.0703125 0.0734375
0 0.20234375 0.79765625 0.0890625 0.078125
0 0.3703125 0.7484375 0.1125 0.109375
0 0.3859375 0.41328125 0.075 0.078125
0 0.30234375 0.41875 0.06875 0.090625
0 0.76171875 0.33828125 0.0546875 0.0640625
0 0.33359375 0.57265625 0.06875 0.0625
0 0.31328125 0.95390625 0.0578125 0.0734375
0 0.42734375 0.84609375 0.1203125 0.1125
0 0.66015625 0.81171875 0.0875 0.0796875
0 0.7265625 0.73046875 0.08125 0.0890625
0 0.55546875 0.48046875 0.05625 0.0765625
0 0.43515625 0.5953125 0.053125 0.05