0 0.2484375 0.29921875 0.0796875 0.1203125
0 0.28828125 0.29765625 0.053125 0.1
0 0.37421875 0.3921875 0.0734375 0.0375
0 0.38984375 0.42421875 0.084375 0.053125
0 0.33046875 0.4171875 0.05625 0.071875
0 0.27890625 0.38203125 0.0359375 0.0578125
0 0.30234375 0.43203125 0.0546875 0.0609375
0 0.29453125 0.46171875 0.0375 0.0421875
0 0.265625 0.45390625 0.0421875 0.040625
0 0.23515625 0.415625 0.040625 0.0421875
0 0.2140625 0.31484375 0.075 0.121875
0 0.184375 0.325 0.059375 0.0640625
0 0.19453125 0.3734375 0.065625 0.0921875
0 0.140625 0.34609375 0.071875 0.084375
0 0.15234375 0.39765625 0.05 0.0671875
0 0.2015625 0.43828125 0.0421875 0.0671875
0 0.165625 0.43984375 0.0484375 0.0703125
0 0.13828125 0.4140625 0.046875 0.05
0 0.07265625 0.3 0.0578125 0.071875
0 0.04375 0.27265625 0.0390625 0.065625
0 0.06796875 0.3265625 0.06875 0.0703125
0 0.0890625 0.390625 0.046875 0.0703125
0 0.1015625 0.42890625 0.0453125 0.05625
0 0.02890625 0.36484375 0.053125 0.059375
0 0.05859375 0.40859375 0.03125 0.0609375
0 0.78046875 0.45546875 0.034375 0.0609375
0 0.37734375 0.57109375 0.0453125 0.0578125