0 0.7375 0.10546875 0.1796875 0.1140625
0 0.79453125 0.1546875 0.0984375 0.0984375
0 0.26875 0.5328125 0.2890625 0.18125
0 0.18984375 0.4046875 0.1921875 0.159375
0 0.10234375 0.196875 0.09375 0.08125
0 0.0703125 0.503125 0.140625 0.15
0 0.14921875 0.6828125 0.153125 0.1125
0 0.075 0.75078125 0.0828125 0.10625
0 0.27890625 0.88046875 0.175 0.14375
0 0.81796875 0.62421875 0.0953125 0.096875
0 0.61875 0.371875 0.08125 0.10625
0 0.83828125 0.334375 0.1046875 0.09375
0 0.38515625 0.33671875 0.0703125 0.08125
0 0.47265625 0.1453125 0.0703125 0.0828125
0 0.80234375 0.434375 0.0671875 0.0875
0 0.4578125 0.55234375 0.075 0.0640625