0 0.4890625 0.2546875 0.1421875 0.1328125
0 0.68984375 0.2859375 0.1296875 0.1109375
0 0.83125 0.1625 0.1546875 0.146875
0 0.965625 0.38671875 0.06875 0.1234375
0 0.8015625 0.42421875 0.1171875 0.0859375
0 0.8875 0.47421875 0.0859375 0.0703125
0 0.765625 0.46171875 0.0984375 0.0703125
0 0.75859375 0.52578125 0.1234375 0.084375
0 0.5515625 0.45078125 0.1546875 0.115625
0 0.2671875 0.24453125 0.1234375 0.125
0 0.08671875 0.215625 0.1109375 0.121875
0 0.1625 0.3578125 0.0984375 0.1
0 0.09140625 0.32265625 0.0703125 0.0859375
0 0.16171875 0.49375 0.1484375 0.1234375
0 0.325 0.5265625 0.1203125 0.1234375
0 0.37734375 0.678125 0.1921875 0.1203125
0 0.1125 0.73984375 0.1703125 0.1359375
0 0.03359375 0.51796875 0.0671875 0.1078125
0 0.22578125 0.625 0.1171875 0.0984375
0 0.62890625 0.72734375 0.0859375 0.0734375
0 0.8 0.79765625 0.134375 0.121875
0 0.91640625 0.8234375 0.0890625 0.1015625
0 0.9390625 0.77734375 0.059375 0.096875
0 0.64375 0.7921875 0.13125 0.1
0 0.72890625 0.85078125 0.1203125 0.0953125
0 0.846875 0.95390625 0.128125 0.0921875
0 0.475 0.83984375 0.1546875 0.134375
0 0.34140625 0.8953125 0.10625 0.0828125
0 0.60703125 0.56171875 0.1015625 0.0953125
0 0.43359375 0.54921875 0.0953125 0.0796875
0 0.45078125 0.48359375 0.08125 0.0765625
0 0.290625 0.36953125 0.090625 0.078125
0 0.74453125 0.62890625 0.1 0.065625
0 0.8359375 0.6765625 0.0859375 0.0734375