0 0.9703125 0.6765625 0.059375 0.128125
0 0.8421875 0.584375 0.1546875 0.1046875
0 0.6828125 0.41640625 0.1 0.084375
0 0.74609375 0.29453125 0.1046875 0.10625
0 0.70859375 0.51875 0.1140625 0.0890625
0 0.1734375 0.5625 0.3140625 0.221875
0 0.38125 0.83515625 0.1921875 0.178125
0 0.49140625 0.87109375 0.078125 0.178125
0 0.56875 0.87109375 0.0984375 0.0984375
0 0.5484375 0.7828125 0.09375 0.1453125
0 0.16171875 0.83359375 0.184375 0.1328125
0 0.43515625 0.98203125 0.1140625 0.0359375
0 0.72421875 0.9109375 0.0984375 0.0828125
0 0.80078125 0.90390625 0.0953125 0.09375
0 0.9125 0.8703125 0.1046875 0.096875
0 0.29765625 0.8421875 0.0640625 0.078125
0 0.3203125 0.9484375 0.0515625 0.08125
0 0.3875 0.9453125 0.0625 0.0953125
0 0.45234375 0.91953125 0.053125 0.0921875
0 0.48203125 0.6375 0.0796875 0.090625
0 0.45546875 0.5234375 0.1 0.121875
0 0.5234375 0.53125 0.0953125 0.078125
0 0.4 0.5015625 0.1 0.0609375
0 0.503125 0.45390625 0.0765625 0.06875
0 0.17421875 0.3859375 0.0796875 0.0765625
0 0.22109375 0.4984375 0.0546875 0.053125
0 0.16875 0.45078125 0.0625 0.0734375