0 0.5875 0.79296875 0.1578125 0.190625
0 0.20625 0.18359375 0.1375 0.190625
0 0.35 0.21796875 0.0640625 0.08125
0 0.8265625 0.3546875 0.109375 0.1203125
0 0.82578125 0.6609375 0.125 0.121875
0 0.609375 0.359375 0.028125 0.078125
0 0.24765625 0.79765625 0.1625 0.1109375
0 0.62890625 0.34765625 0.0546875 0.05625
0 0.55078125 0.32890625 0.0625 0.06875
0 0.35390625 0.2796875 0.05625 0.0578125
0 0.421875 0.3265625 0.04375 0.059375
0 0.57890625 0.38203125 0.0484375 0.0765625
0 0.58203125 0.16640625 0.0671875 0.0734375
0 0.57890625 0.1 0.0625 0.090625
0 0.50859375 0.1328125 0.0515625 0.059375
0 0.4265625 0.025 0.03125 0.04375
0 0.46171875 0.24296875 0.0515625 0.05625
0 0.5390625 0.21875 0.0421875 0.0671875
0 0.4796875 0.17421875 0.04375 0.0578125
0 0.5171875 0.17890625 0.04375 0.059375
0 0.428125 0.18515625 0.0453125 0.0515625
0 0.35703125 0.1125 0.0234375 0.0375