0 0.34453125 0.3984375 0.090625 0.11875
0 0.23125 0.50625 0.0578125 0.090625
0 0.2140625 0.6953125 0.0765625 0.084375
0 0.265625 0.73984375 0.10625 0.0796875
0 0.309375 0.65078125 0.05625 0.059375
0 0.3703125 0.5796875 0.08125 0.09375
0 0.496875 0.540625 0.0734375 0.065625
0 0.540625 0.5296875 0.071875 0.0921875
0 0.384375 0.68828125 0.0640625 0.1359375
0 0.446875 0.778125 0.0875 0.1375
0 0.33671875 0.90078125 0.078125 0.1171875
0 0.290625 0.975 0.05 0.05
0 0.72578125 0.7734375 0.075 0.059375
0 0.721875 0.8234375 0.084375 0.0890625
0 0.8890625 0.65390625 0.0890625 0.0703125
0 0.97890625 0.75703125 0.0421875 0.1609375
0 0.75390625 0.41875 0.05625 0.0625
0 0.70859375 0.35546875 0.05625 0.071875
0 0.63359375 0.3546875 0.0453125 0.06875
0 0.64375 0.45546875 0.0546875 0.0921875