0 0.26171875 0.8828125 0.096875 0.2078125
0 0.0578125 0.93046875 0.0734375 0.084375
0 0.065625 0.79921875 0.0859375 0.0734375
0 0.190625 0.2953125 0.071875 0.1984375
0 0.37265625 0.09375 0.078125 0.0671875
0 0.35546875 0.434375 0.046875 0.103125
0 0.7078125 0.34609375 0.053125 0.0734375
0 0.72578125 0.25390625 0.0421875 0.04375
0 0.44140625 0.59921875 0.0359375 0.084375
0 0.4015625 0.46796875 0.046875 0.08125
0 0.540625 0.42890625 0.0328125 0.0703125
0 0.42734375 0.12421875 0.065625 0.125
0 0.440625 0.7421875 0.0375 0.0625