0 0.33046875 0.415625 0.15625 0.1328125
0 0.39140625 0.2953125 0.1140625 0.090625
0 0.47578125 0.06875 0.1390625 0.134375
0 0.68046875 0.1765625 0.115625 0.1453125
0 0.7484375 0.0875 0.1171875 0.1
0 0.2109375 0.2484375 0.1265625 0.146875
0 0.20625 0.49921875 0.125 0.1140625
0 0.2203125 0.7109375 0.1890625 0.1625
0 0.35078125 0.928125 0.203125 0.1421875
0 0.7453125 0.70234375 0.1375 0.0984375
0 0.51015625 0.459375 0.1125 0.1140625
0 0.60859375 0.3921875 0.0875 0.0890625
0 0.92734375 0.8359375 0.1453125 0.153125
0 0.50390625 0.7 0.10625 0.1015625
0 0.6984375 0.8046875 0.1171875 0.0921875