0 0.440625 0.09140625 0.096875 0.121875
0 0.33671875 0.17734375 0.0625 0.1515625
0 0.275 0.1859375 0.071875 0.1390625
0 0.44921875 0.3296875 0.1390625 0.1640625
0 0.6171875 0.2359375 0.1375 0.1359375
0 0.6328125 0.0984375 0.1734375 0.140625
0 0.5703125 0.03671875 0.08125 0.0734375
0 0.7546875 0.12578125 0.1234375 0.2234375
0 0.8625 0.1515625 0.090625 0.15
0 0.80625 0.3265625 0.1703125 0.165625
0 0.9265625 0.33359375 0.140625 0.1671875
0 0.9046875 0.13359375 0.1359375 0.1625
0 0.6375 0.584375 0.165625 0.1765625
0 0.76171875 0.70703125 0.1828125 0.225
0 0.77421875 0.91328125 0.3234375 0.165625
0 0.371875 0.80234375 0.146875 0.11875
0 0.46171875 0.7 0.0796875 0.140625
0 0.42734375 0.88828125 0.1078125 0.2234375
0 0.10546875 0.17578125 0.0859375 0.1046875
0 0.89375 0.60546875 0.090625 0.2125
0 0.9125 0.5390625 0.1203125 0.1828125
0 0.68984375 0.53515625 0.14375 0.1640625
0 0.55546875 0.434375 0.121875 0.1515625
0 0.3328125 0.41015625 0.0984375 0.1859375