0 0.5140625 0.0890625 0.128125 0.178125
0 0.21796875 0.05703125 0.0671875 0.0734375
0 0.07109375 0.1640625 0.1421875 0.15625
0 0.22421875 0.20703125 0.078125 0.096875
0 0.296875 0.11953125 0.0734375 0.078125
0 0.49296875 0.31796875 0.0625 0.0875
0 0.45078125 0.546875 0.1484375 0.1875
0 0.42734375 0.61171875 0.0453125 0.059375
0 0.33203125 0.6859375 0.0703125 0.071875
0 0.509375 0.69921875 0.075 0.0828125
0 0.68828125 0.71875 0.0515625 0.0875
0 0.72734375 0.925 0.046875 0.0734375
0 0.61640625 0.66171875 0.0484375 0.0765625
0 0.53984375 0.5375 0.0484375 0.096875
0 0.56640625 0.58359375 0.05625 0.075
0 0.5046875 0.49140625 0.0453125 0.065625
0 0.41875 0.24921875 0.0453125 0.084375
0 0.46328125 0.853125 0.0609375 0.0609375
0 0.5078125 0.890625 0.065625 0.0671875
0 0.409375 0.6765625 0.0640625 0.121875
0 0.415625 0.49609375 0.090625 0.0953125