0 0.30546875 0.3796875 0.1921875 0.284375
0 0.475 0.19765625 0.178125 0.315625
0 0.6625 0.290625 0.2125 0.25
0 0.88046875 0.37578125 0.1703125 0.3953125
0 0.7140625 0.58359375 0.165625 0.2359375
0 0.46171875 0.51015625 0.171875 0.4375
0 0.1375 0.17578125 0.25 0.3515625
0 0.090625 0.5078125 0.18125 0.240625
0 0.040625 0.82265625 0.08125 0.1703125
0 0.0890625 0.778125 0.1359375 0.303125
0 0.1296875 0.709375 0.19375 0.284375
0 0.33984375 0.81171875 0.178125 0.3625
0 0.41875 0.83125 0.165625 0.24375
0 0.6234375 0.728125 0.1609375 0.253125
0 0.91484375 0.71953125 0.16875 0.3890625
0 0.7484375 0.7703125 0.125 0.2171875
0 0.76015625 0.925 0.1390625 0.15
0 0.14296875 0.178125 0.2640625 0.35625
0 0.2265625 0.62578125 0.16875 0.3421875
0 0.83203125 0.5421875 0.13125 0.3578125