0 0.41953125 0.64140625 0.2015625 0.2421875
0 0.39375 0.78125 0.1640625 0.234375
0 0.51953125 0.64140625 0.140625 0.1953125
0 0.36796875 0.90625 0.140625 0.171875
0 0.20078125 0.82265625 0.1796875 0.21875
0 0.2171875 0.71171875 0.1125 0.1390625
0 0.3296875 0.5875 0.1671875 0.2046875
0 0.28359375 0.5421875 0.1328125 0.1953125
0 0.27890625 0.33515625 0.209375 0.1921875
0 0.09609375 0.40625 0.1515625 0.1296875
0 0.1015625 0.50234375 0.16875 0.1703125
0 0.171875 0.55078125 0.1359375 0.1390625
0 0.08671875 0.65546875 0.11875 0.1453125
0 0.0625 0.84296875 0.125 0.1359375
0 0.009375 0.825 0.01875 0.1
0 0.0375 0.63828125 0.075 0.1296875
0 0.1328125 0.08515625 0.109375 0.146875
0 0.09765625 0.24453125 0.0765625 0.09375
0 0.30390625 0.04375 0.1015625 0.0875
0 0.46953125 0.05078125 0.1234375 0.1015625
0 0.51015625 0.1765625 0.0890625 0.115625
0 0.5765625 0.21484375 0.09375 0.096875
0 0.53828125 0.27734375 0.1 0.0984375
0 0.53203125 0.34765625 0.140625 0.128125
0 0.48671875 0.43984375 0.178125 0.2
0 0.3765625 0.3953125 0.134375 0.1375
0 0.4203125 0.29296875 0.096875 0.1359375
0 0.40234375 0.25234375 0.0859375 0.1328125
0 0.36015625 0.20859375 0.084375 0.109375
0 0.42734375 0.17890625 0.10625 0.1328125
0 0.3140625 0.14296875 0.121875 0.140625
0 0.6328125 0.05390625 0.10625 0.0890625
0 0.67265625 0.19921875 0.071875 0.103125
0 0.68046875 0.28515625 0.084375 0.090625
0 0.6828125 0.38359375 0.10625 0.115625
0 0.72109375 0.4828125 0.146875 0.1796875
0 0.60703125 0.51875 0.1265625 0.1359375
0 0.6484375 0.68359375 0.15625 0.2109375
0 0.70234375 0.70078125 0.146875 0.1765625
0 0.92109375 0.590625 0.1578125 0.215625
0 0.94921875 0.36015625 0.1015625 0.1484375
0 0.92109375 0.3046875 0.078125 0.096875
0 0.92421875 0.20546875 0.084375 0.1015625
0 0.8734375 0.190625 0.090625 0.1
0 0.8625 0.25859375 0.078125 0.115625
0 0.85390625 0.3859375 0.0953125 0.1046875
0 0.8578125 0.0921875 0.1234375 0.090625
0 0.78203125 0.08671875 0.075 0.096875
0 0.74375 0.1 0.0640625 0.1015625
0 0.2390625 0.03984375 0.078125 0.0796875