0 0.346875 0.1890625 0.2015625 0.1984375
0 0.3453125 0.40546875 0.190625 0.1515625
0 0.19453125 0.77890625 0.1796875 0.175
0 0.646875 0.28203125 0.2015625 0.1859375
0 0.5296875 0.25546875 0.0953125 0.0828125
0 0.5890625 0.35234375 0.21875 0.2015625
0 0.4609375 0.43203125 0.1578125 0.1296875
0 0.4359375 0.49921875 0.1546875 0.128125
0 0.3625 0.5359375 0.08125 0.0890625
0 0.45 0.5875 0.175 0.1390625
0 0.54375 0.653125 0.1796875 0.15625
0 0.63984375 0.62578125 0.1984375 0.140625
0 0.75390625 0.60234375 0.15625 0.078125
0 0.70859375 0.66875 0.1484375 0.0984375
0 0.684375 0.7453125 0.1296875 0.1234375
0 0.7296875 0.48984375 0.15625 0.1546875
0 0.78203125 0.428125 0.0859375 0.11875