0 0.44140625 0.2578125 0.11875 0.2328125
0 0.5203125 0.3078125 0.096875 0.1390625
0 0.646875 0.33203125 0.1234375 0.1625
0 0.60546875 0.10703125 0.125 0.1296875
0 0.53203125 0.171875 0.0625 0.1015625
0 0.28984375 0.11171875 0.1671875 0.1640625
0 0.76328125 0.25390625 0.1984375 0.178125
0 0.540625 0.63828125 0.11875 0.1921875
0 0.884375 0.175 0.16875 0.1453125
0 0.7296875 0.11796875 0.13125 0.1328125
0 0.5046875 0.03984375 0.0875 0.0796875
0 0.353125 0.02734375 0.10625 0.0546875
0 0.74296875 0.53671875 0.1875 0.215625
0 0.8140625 0.69296875 0.2046875 0.15
0 0.8765625 0.93984375 0.15625 0.1203125
0 0.80625 0.86328125 0.084375 0.1328125
0 0.6765625 0.95 0.115625 0.1
0 0.63984375 0.8453125 0.1890625 0.190625
0 0.4984375 0.91171875 0.146875 0.1765625
0 0.3484375 0.88671875 0.10625 0.2046875
0 0.23515625 0.81328125 0.225 0.334375
0 0.35625 0.6890625 0.1515625 0.2046875
0 0.3390625 0.58359375 0.125 0.0953125
0 0.275 0.3625 0.115625 0.278125
0 0.16015625 0.059375 0.1234375 0.11875
0 0.11640625 0.340625 0.109375 0.1046875
0 0.19296875 0.36875 0.1046875 0.1546875
0 0.24921875 0.25 0.1125 0.1109375
0 0.33671875 0.20234375 0.1140625 0.1171875
0 0.57578125 0.4015625 0.109375 0.1
0 0.5375 0.51015625 0.0390625 0.1296875
0 0.3828125 0.44140625 0.1265625 0.1265625
0 0.48359375 0.5421875 0.1015625 0.1046875
0 0.41484375 0.5359375 0.1078125 0.1140625
0 0.45 0.7015625 0.0546875 0.1453125
0 0.06484375 0.63828125 0.1296875 0.1609375
0 0.1078125 0.6046875 0.0984375 0.0984375
0 0.05234375 0.45 0.1046875 0.1125
0 0.20546875 0.62734375 0.0890625 0.18125
0 0.634375 0.70859375 0.16875 0.1140625
0 0.91796875 0.64453125 0.15 0.15
0 0.91875 0.5109375 0.1625 0.203125
0 0.875 0.371875 0.171875 0.15
0 0.9328125 0.25234375 0.134375 0.1265625