0 0.115625 0.33046875 0.075 0.1328125
0 0.0703125 0.38359375 0.059375 0.06875
0 0.19296875 0.409375 0.04375 0.0625
0 0.1453125 0.70625 0.0796875 0.0828125
0 0.3703125 0.67578125 0.08125 0.1125
0 0.63046875 0.67265625 0.078125 0.065625
0 0.45703125 0.5234375 0.078125 0.065625
0 0.5140625 0.46328125 0.0796875 0.0625
0 0.490625 0.371875 0.071875 0.0515625
0 0.38515625 0.31328125 0.0484375 0.075
0 0.23203125 0.709375 0.0734375 0.1078125
0 0.22265625 0.56640625 0.053125 0.096875
0 0.55 0.35234375 0.0640625 0.0546875
0 0.6109375 0.53984375 0.0578125 0.06875
0 0.55703125 0.91015625 0.040625 0.075