0 0.4265625 0.16015625 0.1984375 0.1671875
0 0.14375 0.71015625 0.1625 0.1390625
0 0.08203125 0.90859375 0.1109375 0.1453125
0 0.690625 0.31328125 0.190625 0.1609375
0 0.5796875 0.25625 0.078125 0.090625
0 0.6359375 0.38515625 0.203125 0.1765625
0 0.79453125 0.48359375 0.0875 0.10625
0 0.73984375 0.5359375 0.14375 0.128125
0 0.37734375 0.39375 0.175 0.146875
0 0.478125 0.421875 0.13125 0.0984375
0 0.43984375 0.4875 0.134375 0.103125
0 0.35625 0.50234375 0.0796875 0.0875
0 0.44453125 0.57734375 0.153125 0.14375
0 0.5203125 0.665625 0.1703125 0.103125
0 0.61484375 0.7703125 0.1171875 0.13125
0 0.61171875 0.640625 0.1453125 0.1171875
0 0.7140625 0.65859375 0.1546875 0.115625