0 0.63671875 0.17578125 0.1703125 0.153125
0 0.6484375 0.24921875 0.1109375 0.0875
0 0.72578125 0.31328125 0.15625 0.13125
0 0.521875 0.29375 0.1625 0.1453125
0 0.74375 0.53359375 0.1765625 0.1203125
0 0.778125 0.4515625 0.165625 0.1015625
0 0.92109375 0.5078125 0.146875 0.125
0 0.484375 0.153125 0.071875 0.0765625
0 0.28984375 0.396875 0.109375 0.1046875
0 0.4828125 0.42265625 0.1578125 0.0921875
0 0.5765625 0.68828125 0.1078125 0.1984375
0 0.71796875 0.65234375 0.159375 0.0984375
0 0.75078125 0.8515625 0.1375 0.1578125
0 0.8515625 0.70546875 0.1796875 0.121875
0 0.29921875 0.19609375 0.0921875 0.090625
0 0.21484375 0.19140625 0.0765625 0.0796875
0 0.634375 0.4765625 0.1421875 0.1109375
0 0.71484375 0.7390625 0.1140625 0.140625
0 0.46640625 0.540625 0.08125 0.06875
0 0.64375 0.40078125 0.0828125 0.071875
0 0.49765625 0.646875 0.0984375 0.115625
0 0.56328125 0.6078125 0.1171875 0.071875
0 0.57890625 0.7921875 0.14375 0.1140625