0 0.64140625 0.86015625 0.1484375 0.11875
0 0.7453125 0.81640625 0.078125 0.0734375
0 0.89296875 0.8140625 0.1265625 0.0765625
0 0.875 0.95078125 0.125 0.0984375
0 0.8046875 0.2625 0.1328125 0.16875
0 0.68515625 0.43515625 0.0828125 0.075
0 0.48125 0.46640625 0.0796875 0.0609375
0 0.08203125 0.640625 0.1640625 0.15625
0 0.159375 0.74375 0.134375 0.1296875
0 0.17734375 0.8359375 0.0984375 0.078125
0 0.03046875 0.8484375 0.0609375 0.096875
0 0.14609375 0.5046875 0.18125 0.1453125
0 0.08125 0.4203125 0.1625 0.140625
0 0.09296875 0.2703125 0.146875 0.1125
0 0.37578125 0.59765625 0.0484375 0.0984375
0 0.38984375 0.91171875 0.075 0.0890625
0 0.26796875 0.90390625 0.0515625 0.0875
0 0.271875 0.77109375 0.0578125 0.0640625
0 0.253125 0.63671875 0.078125 0.084375
0 0.265625 0.54609375 0.0640625 0.065625
0 0.2359375 0.49765625 0.0671875 0.0453125
0 0.24296875 0.40546875 0.05 0.0734375
0 0.546875 0.39375 0.053125 0.059375
0 0.72109375 0.534375 0.0734375 0.075
0 0.78046875 0.634375 0.071875 0.0859375
0 0.8875 0.58125 0.0859375 0.10625
0 0.9640625 0.6421875 0.053125 0.0890625
0 0.5625 0.64140625 0.1078125 0.11875
0 0.584375 0.69609375 0.0828125 0.075
0 0.51640625 0.95234375 0.0796875 0.0625