0 0.66796875 0.34296875 0.0640625 0.0953125
0 0.83046875 0.53046875 0.0828125 0.125
0 0.9421875 0.52265625 0.078125 0.0703125
0 0.971875 0.55 0.05625 0.08125
0 0.95703125 0.6921875 0.065625 0.0953125
0 0.8484375 0.771875 0.1171875 0.096875
0 0.7609375 0.678125 0.115625 0.1109375
0 0.64765625 0.678125 0.0484375 0.075
0 0.678125 0.75390625 0.0921875 0.1171875
0 0.84921875 0.91875 0.0984375 0.1109375
0 0.87421875 0.86875 0.0671875 0.08125
0 0.6484375 0.47109375 0.0421875 0.06875
0 0.7421875 0.58125 0.0421875 0.0765625
0 0.55078125 0.65859375 0.075 0.0703125
0 0.56796875 0.59765625 0.0515625 0.06875
0 0.54453125 0.38671875 0.0671875 0.06875
0 0.33359375 0.41796875 0.1203125 0.1203125
0 0.30703125 0.321875 0.0921875 0.0859375
0 0.15703125 0.4078125 0.0703125 0.053125
0 0.21484375 0.47734375 0.0453125 0.0765625
0 0.190625 0.6359375 0.065625 0.11875
0 0.234375 0.63515625 0.0546875 0.075
0 0.2921875 0.7390625 0.06875 0.103125
0 0.07734375 0.63046875 0.05625 0.0921875
0 0.06171875 0.43828125 0.0734375 0.1421875
0 0.07265625 0.70625 0.0578125 0.084375
0 0.78515625 0.91953125 0.053125 0.078125
0 0.59453125 0.83671875 0.046875 0.0734375
0 0.46171875 0.48125 0.0625 0.0703125