0 0.659375 0.8234375 0.1734375 0.1390625
0 0.8625 0.8046875 0.1609375 0.1
0 0.16796875 0.6140625 0.1234375 0.0859375
0 0.53984375 0.87578125 0.05 0.10625
0 0.02890625 0.72578125 0.0578125 0.0984375
0 0.24609375 0.31484375 0.08125 0.065625
0 0.53671875 0.51015625 0.0734375 0.0765625
0 0.3125 0.43984375 0.0640625 0.0453125
0 0.4796875 0.78828125 0.059375 0.1109375
0 0.315625 0.9234375 0.084375 0.0609375
0 0.23515625 0.934375 0.05 0.0703125
0 0.81171875 0.36484375 0.0515625 0.0578125
0 0.271875 0.7046875 0.0578125 0.0625
0 0.3546875 0.86640625 0.0640625 0.053125