0 0.378125 0.384375 0.078125 0.096875
0 0.43203125 0.471875 0.0515625 0.0734375
0 0.60625 0.5203125 0.065625 0.1
0 0.8453125 0.503125 0.0984375 0.125
0 0.7078125 0.77578125 0.08125 0.0984375
0 0.6265625 0.7671875 0.0609375 0.1203125
0 0.74296875 0.75078125 0.0515625 0.071875
0 0.584375 0.584375 0.053125 0.075
0 0.41328125 0.54375 0.1078125 0.1375
0 0.48359375 0.61875 0.1 0.0921875
0 0.4375 0.65234375 0.0703125 0.109375
0 0.32109375 0.5609375 0.0828125 0.1015625
0 0.18203125 0.3578125 0.109375 0.1171875
0 0.2125 0.39921875 0.0640625 0.0734375
0 0.15859375 0.48984375 0.0546875 0.059375
0 0.04375 0.49296875 0.0875 0.0796875
0 0.11015625 0.565625 0.0671875 0.0859375
0 0.18828125 0.69296875 0.0625 0.075
0 0.26953125 0.75078125 0.040625 0.0875
0 0.071875 0.76015625 0.0921875 0.1125
0 0.02734375 0.625 0.0375 0.0671875