0 0.6453125 0.4046875 0.1484375 0.1328125
0 0.55078125 0.28203125 0.121875 0.1390625
0 0.47578125 0.10625 0.1015625 0.1125
0 0.7734375 0.14765625 0.128125 0.103125
0 0.790625 0.02265625 0.09375 0.0453125
0 0.9140625 0.26875 0.1046875 0.1
0 0.41171875 0.38671875 0.115625 0.1046875
0 0.415625 0.25859375 0.084375 0.0625
0 0.334375 0.13671875 0.0734375 0.0671875
0 0.3265625 0.21328125 0.0703125 0.071875
0 0.2890625 0.3078125 0.0921875 0.1203125
0 0.22421875 0.48671875 0.1546875 0.109375
0 0.3390625 0.48671875 0.1328125 0.10625
0 0.37265625 0.534375 0.078125 0.065625
0 0.24609375 0.60625 0.084375 0.078125
0 0.18828125 0.7671875 0.1484375 0.10625
0 0.08828125 0.13046875 0.1140625 0.1140625
0 0.04453125 0.1421875 0.0890625 0.1125
0 0.146875 0.09375 0.090625 0.0671875
0 0.190625 0.3703125 0.0828125 0.084375
0 0.38828125 0.21875 0.0796875 0.0890625
0 0.3875 0.0421875 0.0796875 0.0578125