0 0.7046875 0.60390625 0.0734375 0.1
0 0.809375 0.3796875 0.0953125 0.13125
0 0.91875 0.35625 0.084375 0.078125
0 0.94375 0.31953125 0.0734375 0.0859375
0 0.8859375 0.1890625 0.0734375 0.1
0 0.76015625 0.1421875 0.1234375 0.10625
0 0.7015625 0.25703125 0.125 0.1203125
0 0.5921875 0.2875 0.0546875 0.078125
0 0.6015625 0.20625 0.103125 0.125
0 0.71953125 0.0296875 0.1078125 0.059375
0 0.7578125 0.04296875 0.075 0.0859375
0 0.65 0.48671875 0.0484375 0.071875
0 0.71015625 0.3546875 0.05 0.0796875
0 0.5046875 0.33359375 0.08125 0.0765625
0 0.53828125 0.3875 0.05625 0.0734375
0 0.5734375 0.596875 0.0734375 0.0734375
0 0.3625 0.62421875 0.1296875 0.13125
0 0.3640625 0.725 0.1 0.09375
0 0.19609375 0.68359375 0.075 0.059375
0 0.23203125 0.60078125 0.053125 0.0796875
0 0.16484375 0.4546875 0.0765625 0.1234375
0 0.20703125 0.44296875 0.0625 0.078125
0 0.234375 0.32734375 0.078125 0.1078125
0 0.0578125 0.49140625 0.065625 0.0953125
0 0.09609375 0.68046875 0.0875 0.146875
0 0.03203125 0.41953125 0.0640625 0.0890625
0 0.6578125 0.0296875 0.059375 0.059375
0 0.4984375 0.15 0.053125 0.0765625
0 0.46796875 0.528125 0.0671875 0.0765625