0 0.58984375 0.56328125 0.175 0.1125
0 0.5359375 0.74765625 0.1296875 0.11875
0 0.28671875 0.7453125 0.1 0.071875
0 0.38046875 0.35234375 0.1125 0.0765625
0 0.6015625 0.42265625 0.0921875 0.065625
0 0.7828125 0.79609375 0.0875 0.0921875
0 0.94921875 0.46484375 0.1 0.1125
0 0.96171875 0.29609375 0.075 0.096875
0 0.78515625 0.55078125 0.096875 0.096875
0 0.6859375 0.6203125 0.0875 0.05
0 0.76015625 0.66796875 0.1171875 0.0625
0 0.6734375 0.77578125 0.084375 0.040625
0 0.71953125 0.9359375 0.10625 0.071875
0 0.5703125 0.9734375 0.053125 0.053125
0 0.44453125 0.8703125 0.0609375 0.078125
0 0.41328125 0.93359375 0.0484375 0.0671875
0 0.7375 0.46953125 0.075 0.05625
0 0.775 0.428125 0.06875 0.053125
0 0.634375 0.90078125 0.0375 0.053125
0 0.60078125 0.840625 0.05 0.05
0 0.54453125 0.90234375 0.0578125 0.078125
0 0.36015625 0.94921875 0.04375 0.05
0 0.8515625 0.84140625 0.071875 0.0796875
0 0.25546875 0.9734375 0.053125 0.046875