0 0.9171875 0.45703125 0.165625 0.2546875
0 0.82734375 0.4609375 0.134375 0.16875
0 0.79453125 0.62578125 0.2125 0.2796875
0 0.6921875 0.6328125 0.1859375 0.2015625
0 0.70625 0.78515625 0.2171875 0.24375
0 0.54296875 0.69296875 0.2 0.1796875
0 0.4390625 0.715625 0.253125 0.3390625
0 0.590625 0.89296875 0.228125 0.2140625
0 0.559375 0.42421875 0.171875 0.325
0 0.66328125 0.41796875 0.184375 0.1671875
0 0.878125 0.33046875 0.1796875 0.2046875
0 0.971875 0.3171875 0.05625 0.1125
0 0.546875 0.240625 0.16875 0.1515625
0 0.58828125 0.13515625 0.11875 0.19375
0 0.67109375 0.1015625 0.125 0.1671875
0 0.36640625 0.08125 0.1078125 0.15
0 0.4375 0.24609375 0.0640625 0.0671875
0 0.44765625 0.328125 0.1078125 0.1609375
0 0.26015625 0.29921875 0.24375 0.315625
0 0.1984375 0.05546875 0.103125 0.1109375