0 0.765625 0.92734375 0.2125 0.1453125
0 0.6515625 0.7984375 0.1890625 0.1828125
0 0.53515625 0.77109375 0.115625 0.1140625
0 0.24609375 0.56953125 0.203125 0.1375
0 0.08359375 0.6234375 0.1359375 0.1796875
0 0.39609375 0.91015625 0.2453125 0.1796875
0 0.3546875 0.78125 0.1109375 0.128125
0 0.30859375 0.67578125 0.140625 0.125
0 0.51484375 0.4375 0.14375 0.1734375
0 0.61015625 0.4609375 0.153125 0.153125
0 0.70546875 0.596875 0.15625 0.134375
0 0.77109375 0.7609375 0.1828125 0.1671875
0 0.8046875 0.7296875 0.140625 0.1265625
0 0.84296875 0.6296875 0.125 0.103125
0 0.91015625 0.63359375 0.1203125 0.0890625
0 0.94296875 0.56796875 0.1 0.0875
0 0.8390625 0.565625 0.1515625 0.1203125
0 0.875 0.5234375 0.1203125 0.065625
0 0.85625 0.478125 0.15 0.0921875
0 0.8921875 0.39921875 0.159375 0.1171875
0 0.74921875 0.38203125 0.159375 0.115625
0 0.8015625 0.32109375 0.140625 0.1375
0 0.7125 0.30390625 0.140625 0.190625
0 0.63671875 0.22421875 0.1171875 0.1453125
0 0.54453125 0.21953125 0.109375 0.140625
0 0.37734375 0.265625 0.1078125 0.1171875
0 0.828125 0.12890625 0.203125 0.178125
0 0.94375 0.17109375 0.1125 0.1078125
0 0.94453125 0.12109375 0.1109375 0.1046875
0 0.85390625 0.9546875 0.1421875 0.090625
0 0.87421875 0.88359375 0.14375 0.159375
0 0.4609375 0.734375 0.0828125 0.1125
0 0.24609375 0.93125 0.0671875 0.065625