0 0.521875 0.6515625 0.2765625 0.1703125
0 0.296875 0.7421875 0.1296875 0.1078125
0 0.040625 0.775 0.065625 0.0859375
0 0.10625 0.71875 0.078125 0.06875
0 0.5578125 0.86171875 0.1359375 0.10625
0 0.615625 0.8203125 0.2265625 0.140625
0 0.66328125 0.96015625 0.0765625 0.071875
0 0.54921875 0.33515625 0.275 0.171875
0 0.35078125 0.4953125 0.0875 0.0828125
0 0.28203125 0.49609375 0.0703125 0.084375
0 0.17578125 0.60859375 0.0640625 0.0640625
0 0.40625 0.5125 0.0734375 0.0671875
0 0.50703125 0.54609375 0.0421875 0.05625
0 0.596875 0.41640625 0.090625 0.065625
0 0.65546875 0.4796875 0.0609375 0.0546875
0 0.71640625 0.60390625 0.1 0.0609375
0 0.703125 0.515625 0.0484375 0.04375
0 0.734375 0.48125 0.0484375 0.0546875
0 0.7609375 0.43203125 0.0453125 0.0625