0 0.725 0.7703125 0.184375 0.16875
0 0.71484375 0.69609375 0.11875 0.0984375
0 0.77109375 0.6125 0.1671875 0.146875
0 0.58125 0.69140625 0.1765625 0.1609375
0 0.7234375 0.396875 0.1859375 0.1390625
0 0.78046875 0.46484375 0.1734375 0.11875
0 0.9 0.36953125 0.1578125 0.140625
0 0.58671875 0.8359375 0.0796875 0.084375
0 0.3296875 0.66015625 0.11875 0.115625
0 0.50625 0.57890625 0.1640625 0.109375
0 0.51875 0.296875 0.1296875 0.20625
0 0.6640625 0.290625 0.1671875 0.115625
0 0.6375 0.090625 0.153125 0.1703125
0 0.77578125 0.20078125 0.1890625 0.140625
0 0.396875 0.84921875 0.1 0.1
0 0.31796875 0.878125 0.084375 0.0875
0 0.63515625 0.4828125 0.1515625 0.125
0 0.63515625 0.20859375 0.128125 0.15
0 0.45625 0.47109375 0.0875 0.0765625
0 0.66640625 0.553125 0.0890625 0.0796875
0 0.45546875 0.36015625 0.109375 0.125
0 0.52890625 0.378125 0.1234375 0.084375
0 0.48984375 0.19765625 0.153125 0.128125