0 0.409375 0.3609375 0.0625 0.0953125
0 0.43984375 0.46171875 0.05 0.109375
0 0.5953125 0.5375 0.0546875 0.0921875
0 0.8203125 0.56484375 0.078125 0.103125
0 0.64140625 0.82109375 0.0671875 0.1
0 0.5703125 0.76171875 0.05 0.0984375
0 0.55859375 0.58828125 0.046875 0.1
0 0.4578125 0.60625 0.0984375 0.1015625
0 0.40078125 0.55 0.09375 0.1046875
0 0.39921875 0.640625 0.04375 0.1109375
0 0.32109375 0.50546875 0.08125 0.1375
0 0.25 0.4515625 0.0421875 0.05625
0 0.221875 0.4625 0.0875 0.084375
0 0.16484375 0.4359375 0.0515625 0.0765625
0 0.19765625 0.31015625 0.103125 0.1140625
0 0.08984375 0.49296875 0.0859375 0.1078125
0 0.040625 0.3953125 0.0734375 0.084375
0 0.01953125 0.6515625 0.0390625 0.103125
0 0.065625 0.66328125 0.05 0.059375
0 0.1390625 0.64140625 0.0734375 0.0875
0 0.209375 0.7140625 0.0703125 0.0859375
0 0.78203125 0.70234375 0.0359375 0.05
0 0.50703125 0.73359375 0.053125 0.065625
0 0.2796875 0.35234375 0.0265625 0.0546875