0 0.3078125 0.62421875 0.196875 0.2875
0 0.4796875 0.803125 0.1828125 0.3171875
0 0.66640625 0.70625 0.215625 0.253125
0 0.88203125 0.61796875 0.1765625 0.396875
0 0.7125 0.4125 0.16875 0.2390625
0 0.4609375 0.490625 0.178125 0.4390625
0 0.14375 0.82578125 0.25625 0.3484375
0 0.09140625 0.4984375 0.1828125 0.24375
0 0.03828125 0.184375 0.0765625 0.171875
0 0.084375 0.2296875 0.140625 0.3046875
0 0.12578125 0.29765625 0.1984375 0.2875
0 0.33515625 0.19140625 0.184375 0.365625
0 0.4125 0.1703125 0.16875 0.2453125
0 0.61953125 0.26953125 0.165625 0.25625
0 0.9109375 0.27265625 0.175 0.390625
0 0.74375 0.225 0.1296875 0.2171875
0 0.753125 0.07265625 0.140625 0.1453125
0 0.14921875 0.8234375 0.2703125 0.353125
0 0.22421875 0.37890625 0.1734375 0.34375
0 0.83125 0.4515625 0.1375 0.359375