0 0.621875 0.109375 0.2234375 0.2046875
0 0.19375 0.065625 0.1328125 0.1296875
0 0.15859375 0.2015625 0.2015625 0.165625
0 0.23125 0.321875 0.190625 0.175
0 0.32265625 0.28359375 0.2046875 0.196875
0 0.34921875 0.16875 0.1953125 0.1546875
0 0.4859375 0.15078125 0.2046875 0.21875
0 0.43671875 0.0296875 0.1765625 0.059375
0 0.51875 0.27890625 0.1796875 0.14375
0 0.6359375 0.3703125 0.190625 0.171875
0 0.6140625 0.45234375 0.1890625 0.175
0 0.55546875 0.45625 0.1875 0.215625
0 0.6 0.5296875 0.1859375 0.1515625
0 0.5828125 0.63359375 0.2 0.1828125
0 0.35 0.4953125 0.2125 0.1921875
0 0.4578125 0.50625 0.178125 0.2078125
0 0.903125 0.53203125 0.19375 0.1546875
0 0.83828125 0.37421875 0.171875 0.1921875
0 0.7328125 0.46640625 0.1671875 0.1671875