0 0.48515625 0.63359375 0.1 0.0671875
0 0.8078125 0.65546875 0.209375 0.1171875
0 0.715625 0.546875 0.0984375 0.0859375
0 0.71953125 0.48046875 0.0765625 0.0453125
0 0.85390625 0.3453125 0.0984375 0.08125
0 0.33125 0.65078125 0.0984375 0.0828125
0 0.221875 0.56328125 0.1515625 0.0875
0 0.70078125 0.9078125 0.09375 0.0953125
0 0.6125 0.7046875 0.0640625 0.0765625
0 0.60859375 0.49453125 0.075 0.05
0 0.43828125 0.434375 0.075 0.0625
0 0.79921875 0.734375 0.121875 0.084375
0 0.48125 0.8546875 0.06875 0.075