0 0.49296875 0.06796875 0.121875 0.115625
0 0.6390625 0.08828125 0.171875 0.1640625
0 0.684375 0.24609375 0.153125 0.125
0 0.6 0.3046875 0.171875 0.1546875
0 0.13515625 0.215625 0.1859375 0.1609375
0 0.07109375 0.35625 0.1171875 0.1078125
0 0.3046875 0.31484375 0.109375 0.096875
0 0.2796875 0.23203125 0.09375 0.0953125
0 0.2234375 0.36875 0.0921875 0.065625
0 0.38515625 0.05234375 0.1078125 0.1046875
0 0.32890625 0.0265625 0.0859375 0.053125
0 0.2015625 0.02421875 0.1 0.0484375
0 0.7640625 0.096875 0.1015625 0.1109375
0 0.884375 0.1171875 0.0671875 0.084375
0 0.890625 0.25546875 0.0609375 0.0640625
0 0.94765625 0.3390625 0.1046875 0.11875
0 0.89609375 0.39296875 0.1046875 0.10625
0 0.875 0.50546875 0.1859375 0.1015625
0 0.7484375 0.3984375 0.1578125 0.13125
0 0.6078125 0.5234375 0.0953125 0.1109375
0 0.528125 0.5265625 0.0625 0.075
0 0.4171875 0.54765625 0.0765625 0.0796875
0 0.79609375 0.75703125 0.14375 0.115625
0 0.74453125 0.54609375 0.053125 0.065625
0 0.74453125 0.6296875 0.065625 0.05625