0 0.53828125 0.159375 0.26875 0.290625
0 0.43671875 0.0625 0.1265625 0.125
0 0.2953125 0.2265625 0.1203125 0.11875
0 0.31328125 0.3015625 0.1234375 0.121875
0 0.0609375 0.24140625 0.0953125 0.128125
0 0.090625 0.075 0.121875 0.15
0 0.0390625 0.82421875 0.078125 0.1390625
0 0.86015625 0.659375 0.25625 0.25
0 0.84765625 0.52890625 0.2703125 0.2015625
0 0.83984375 0.43515625 0.25 0.2453125
0 0.784375 0.35078125 0.1546875 0.1671875
0 0.4765625 0.546875 0.196875 0.1734375
0 0.675 0.75234375 0.153125 0.2515625
0 0.834375 0.87265625 0.265625 0.2546875
0 0.72578125 0.93828125 0.2046875 0.1234375
0 0.87109375 0.09375 0.2046875 0.1515625
0 0.70234375 0.2640625 0.0703125 0.096875
0 0.64609375 0.30859375 0.078125 0.075