0 0.5296875 0.63125 0.10625 0.08125
0 0.84140625 0.546875 0.21875 0.146875
0 0.71875 0.47421875 0.1078125 0.0984375
0 0.7015625 0.41015625 0.08125 0.05625
0 0.784375 0.23828125 0.1078125 0.09375
0 0.38984375 0.69765625 0.1078125 0.0953125
0 0.25703125 0.65078125 0.159375 0.109375
0 0.8234375 0.8203125 0.1046875 0.10625
0 0.67265625 0.65625 0.075 0.084375
0 0.60078125 0.459375 0.08125 0.0609375
0 0.4203125 0.4578125 0.08125 0.071875
0 0.859375 0.6234375 0.1296875 0.1
0 0.59765625 0.84140625 0.078125 0.0828125