0 0.45390625 0.28125 0.0671875 0.071875
0 0.54375 0.29609375 0.0703125 0.0796875
0 0.62890625 0.45234375 0.0546875 0.096875
0 0.5546875 0.4796875 0.05625 0.078125
0 0.60625 0.55703125 0.05625 0.0859375
0 0.54921875 0.77421875 0.0546875 0.065625
0 0.80703125 0.60703125 0.0703125 0.084375
0 0.9765625 0.57265625 0.046875 0.0890625
0 0.7171875 0.615625 0.0515625 0.0734375
0 0.79140625 0.50234375 0.071875 0.0796875
0 0.8546875 0.4171875 0.0578125 0.0625
0 0.96171875 0.3609375 0.0765625 0.075
0 0.840625 0.34765625 0.0734375 0.1265625
0 0.17578125 0.471875 0.0421875 0.0421875
0 0.184375 0.4078125 0.053125 0.059375
0 0.0796875 0.37890625 0.0546875 0.0609375
0 0.10546875 0.3015625 0.046875 0.0796875
0 0.0578125 0.26328125 0.046875 0.0640625
0 0.1671875 0.74765625 0.0421875 0.0484375
0 0.1453125 0.76953125 0.04375 0.0390625
0 0.3953125 0.6921875 0.046875 0.0625
0 0.49921875 0.70859375 0.0484375 0.0703125
0 0.475 0.7765625 0.0421875 0.0578125
0 0.6375 0.73671875 0.0484375 0.071875
0 0.89453125 0.6203125 0.0390625 0.0796875
0 0.7296875 0.2578125 0.0625 0.08125
0 0.6703125 0.14375 0.0625 0.09375
0 0.35625 0.5 0.08125 0.090625
0 0.5 0.59921875 0.0671875 0.078125
0 0.55625 0.6578125 0.05625 0.071875
0 0.42578125 0.57109375 0.059375 0.071875
0 0.10625 0.40078125 0.034375 0.0484375
0 0.0453125 0.34296875 0.046875 0.0625