0 0.41171875 0.46796875 0.1546875 0.121875
0 0.42890625 0.284375 0.1359375 0.1421875
0 0.4390625 0.07734375 0.10625 0.1390625
0 0.1765625 0.25859375 0.1234375 0.096875
0 0.10859375 0.0953125 0.084375 0.0796875
0 0.5640625 0.096875 0.0765625 0.0796875
0 0.61328125 0.02421875 0.1109375 0.0484375
0 0.515625 0.03203125 0.075 0.0640625
0 0.49296875 0.10703125 0.065625 0.0578125
0 0.43828125 0.1390625 0.0546875 0.0796875
0 0.46328125 0.19609375 0.0609375 0.0625
0 0.5578125 0.17421875 0.0734375 0.0609375
0 0.54140625 0.22265625 0.053125 0.0359375
0 0.58125 0.26640625 0.05625 0.0421875
0 0.68046875 0.23828125 0.0859375 0.090625
0 0.76484375 0.296875 0.065625 0.1078125
0 0.590625 0.3578125 0.0828125 0.0625
0 0.61484375 0.43828125 0.0859375 0.0921875
0 0.66640625 0.496875 0.075 0.065625
0 0.76171875 0.409375 0.096875 0.071875
0 0.82890625 0.52421875 0.0796875 0.0703125
0 0.92109375 0.6640625 0.128125 0.0921875
0 0.68125 0.453125 0.0484375 0.059375
0 0.53515625 0.41796875 0.065625 0.0640625
0 0.8265625 0.2421875 0.1296875 0.0859375
0 0.52578125 0.55234375 0.10625 0.103125
0 0.4875 0.6484375 0.09375 0.0828125
0 0.59609375 0.55390625 0.0421875 0.065625