0 0.46640625 0.8046875 0.246875 0.2421875
0 0.6125 0.7140625 0.109375 0.0890625
0 0.57109375 0.63203125 0.046875 0.1734375
0 0.815625 0.684375 0.0921875 0.1515625
0 0.890625 0.9234375 0.1125 0.153125
0 0.8140625 0.9578125 0.071875 0.084375
0 0.671875 0.89140625 0.1359375 0.1328125
0 0.10078125 0.84609375 0.1625 0.1609375
0 0.184375 0.590625 0.05 0.184375
0 0.11171875 0.20234375 0.2140625 0.3578125
0 0.371875 0.253125 0.2703125 0.3375
0 0.75234375 0.30859375 0.196875 0.265625
0 0.8796875 0.4109375 0.1515625 0.2296875
0 0.76796875 0.54296875 0.115625 0.15
0 0.69140625 0.66953125 0.1484375 0.140625
0 0.63046875 0.56953125 0.0796875 0.1125
0 0.31328125 0.775 0.1328125 0.125
0 0.321875 0.68046875 0.121875 0.0984375
0 0.30546875 0.928125 0.090625 0.084375
0 0.303125 0.8671875 0.0984375 0.0953125
0 0.11875 0.66640625 0.1296875 0.184375
0 0.23046875 0.56484375 0.103125 0.121875
0 0.2296875 0.4890625 0.11875 0.0921875
0 0.359375 0.45859375 0.115625 0.0875
0 0.48046875 0.521875 0.0640625 0.203125
0 0.50078125 0.06796875 0.1953125 0.1359375
0 0.70703125 0.12421875 0.240625 0.1640625
0 0.64609375 0.38828125 0.1046875 0.1359375
0 0.53828125 0.44140625 0.096875 0.15625
0 0.51015625 0.596875 0.090625 0.1234375
0 0.425 0.55546875 0.0703125 0.0859375
0 0.1921875 0.390625 0.1359375 0.1
0 0.31796875 0.3484375 0.065625 0.0765625