0 0.6890625 0.57265625 0.1359375 0.225
0 0.43125 0.80859375 0.090625 0.134375
0 0.04296875 0.62890625 0.0859375 0.1671875
0 0.23203125 0.63515625 0.1265625 0.2015625
0 0.61875 0.79375 0.11875 0.1703125
0 0.64609375 0.73046875 0.0859375 0.1171875
0 0.7328125 0.95625 0.115625 0.0875
0 0.5015625 0.54296875 0.10625 0.16875
0 0.8140625 0.225 0.1546875 0.2
0 0.8328125 0.453125 0.109375 0.1140625
0 0.82265625 0.62421875 0.0875 0.0703125
0 0.5890625 0.9109375 0.0734375 0.090625
0 0.71171875 0.1875 0.090625 0.06875
0 0.33515625 0.9203125 0.0984375 0.11875