0 0.2171875 0.803125 0.1546875 0.1203125
0 0.29765625 0.55546875 0.1515625 0.13125
0 0.425 0.40234375 0.1859375 0.171875
0 0.53515625 0.428125 0.140625 0.1671875
0 0.66640625 0.3453125 0.178125 0.1125
0 0.55234375 0.7421875 0.209375 0.18125
0 0.63125 0.80859375 0.1859375 0.1359375
0 0.484375 0.9015625 0.1625 0.109375
0 0.3984375 0.7203125 0.16875 0.1296875
0 0.37578125 0.60234375 0.171875 0.1375
0 0.24140625 0.61640625 0.1453125 0.1265625
0 0.56015625 0.53203125 0.115625 0.096875
0 0.68359375 0.46171875 0.1703125 0.1453125
0 0.7234375 0.5765625 0.1421875 0.1875
0 0.784375 0.55625 0.14375 0.0953125