0 0.4921875 0.0765625 0.1265625 0.1203125
0 0.3484375 0.09453125 0.109375 0.09375
0 0.60234375 0.20625 0.10625 0.11875
0 0.5359375 0.27734375 0.140625 0.1296875
0 0.68046875 0.334375 0.1234375 0.13125
0 0.62265625 0.4953125 0.0890625 0.109375
0 0.91015625 0.1921875 0.146875 0.1265625
0 0.8296875 0.2765625 0.0921875 0.0578125
0 0.81328125 0.13671875 0.0875 0.0875
0 0.75625 0.02578125 0.071875 0.0515625
0 0.875 0.65234375 0.14375 0.109375
0 0.42578125 0.56953125 0.071875 0.0515625
0 0.27890625 0.384375 0.0875 0.071875
0 0.046875 0.32265625 0.09375 0.0953125
0 0.04140625 0.5 0.0828125 0.09375
0 0.2734375 0.70390625 0.075 0.146875