0 0.60390625 0.4234375 0.140625 0.1171875
0 0.509375 0.5640625 0.0859375 0.06875
0 0.3890625 0.4 0.084375 0.0609375
0 0.34453125 0.53203125 0.090625 0.0875
0 0.73984375 0.1515625 0.1140625 0.0765625
0 0.434375 0.0890625 0.1 0.1171875
0 0.35703125 0.18046875 0.0796875 0.0609375
0 0.31640625 0.1453125 0.0765625 0.0703125
0 0.2703125 0.0921875 0.1046875 0.084375
0 0.51640625 0.2765625 0.1125 0.1
0 0.25703125 0.31796875 0.08125 0.0953125
0 0.43125 0.4453125 0.0484375 0.0390625
0 0.225 0.63046875 0.084375 0.0609375
0 0.22265625 0.50859375 0.0953125 0.0671875
0 0.1640625 0.375 0.109375 0.096875
0 0.3625 0.06328125 0.0734375 0.0703125