0 0.13125 0.59296875 0.04375 0.06875
0 0.065625 0.459375 0.0328125 0.0984375
0 0.17265625 0.5671875 0.053125 0.0609375
0 0.21875 0.5546875 0.0375 0.0453125
0 0.253125 0.471875 0.059375 0.065625
0 0.33203125 0.62109375 0.0375 0.053125
0 0.30859375 0.65390625 0.0453125 0.04375
0 0.390625 0.7296875 0.0546875 0.1140625
0 0.40078125 0.66640625 0.040625 0.0875
0 0.4375 0.628125 0.05 0.05
0 0.509375 0.7328125 0.04375 0.053125
0 0.60546875 0.82890625 0.040625 0.0734375
0 0.553125 0.54765625 0.0546875 0.0875
0 0.45390625 0.4328125 0.0546875 0.0828125
0 0.546875 0.25625 0.046875 0.0734375
0 0.809375 0.6296875 0.05625 0.053125
0 0.803125 0.52265625 0.0375 0.0546875
0 0.82421875 0.43203125 0.034375 0.075
0 0.73828125 0.43671875 0.0296875 0.059375
0 0.01640625 0.471875 0.0328125 0.046875
0 0.0109375 0.35078125 0.021875 0.0484375
0 0.90546875 0.271875 0.05 0.0671875
0 0.025 0.159375 0.05 0.1125
0 0.09375 0.08046875 0.065625 0.0671875