0 0.94765625 0.65703125 0.1046875 0.2828125
0 0.8890625 0.7859375 0.1453125 0.196875
0 0.9421875 0.47890625 0.115625 0.1984375
0 0.81953125 0.615625 0.0984375 0.1703125
0 0.80234375 0.675 0.0765625 0.14375
0 0.8359375 0.63203125 0.0625 0.0875
0 0.3609375 0.61796875 0.140625 0.1828125
0 0.2921875 0.68515625 0.1390625 0.1984375
0 0.2515625 0.60625 0.0828125 0.1546875
0 0.10078125 0.4625 0.1328125 0.175
0 0.03671875 0.58046875 0.0734375 0.1359375
0 0.05078125 0.5640625 0.071875 0.071875
0 0.11953125 0.68359375 0.0734375 0.071875
0 0.09765625 0.6234375 0.0671875 0.078125
0 0.02734375 0.2421875 0.0546875 0.25
0 0.290625 0.0734375 0.0625 0.0765625
0 0.2828125 0.096875 0.059375 0.075
0 0.19765625 0.24609375 0.0859375 0.140625
0 0.48828125 0.9421875 0.1015625 0.115625
0 0.175 0.95 0.153125 0.1
0 0.2015625 0.9046875 0.1375 0.1625
0 0.184375 0.8375 0.0953125 0.1046875
0 0.5859375 0.84140625 0.096875 0.1859375
0 0.63203125 0.884375 0.0875 0.1796875
0 0.63046875 0.78828125 0.115625 0.265625
0 0.47890625 0.59765625 0.1 0.1734375
0 0.67578125 0.29921875 0.0953125 0.1828125
0 0.65859375 0.4296875 0.0953125 0.18125
0 0.725 0.4515625 0.0984375 0.175
0 0.71328125 0.20078125 0.0796875 0.140625
0 0.46796875 0.215625 0.109375 0.203125
0 0.5203125 0.07734375 0.1125 0.1546875
0 0.46953125 0.4765625 0.09375 0.140625
0 0.3203125 0.45234375 0.125 0.215625
0 0.3171875 0.37421875 0.115625 0.1421875
0 0.36640625 0.8828125 0.0859375 0.1140625
0 0.31015625 0.8578125 0.103125 0.1375
0 0.27734375 0.8703125 0.090625 0.1078125
0 0.2828125 0.903125 0.0671875 0.0828125
0 0.24921875 0.7734375 0.09375 0.0984375
0 0.45703125 0.83203125 0.0703125 0.1359375
0 0.73671875 0.86875 0.1171875 0.1796875