0 0.6671875 0.6359375 0.14375 0.1109375
0 0.60703125 0.78828125 0.134375 0.15625
0 0.7 0.471875 0.1265625 0.1203125
0 0.72421875 0.34921875 0.146875 0.125
0 0.7328125 0.146875 0.134375 0.1078125
0 0.678125 0.2265625 0.11875 0.1015625
0 0.89453125 0.12890625 0.178125 0.153125
0 0.8625 0.53515625 0.165625 0.115625
0 0.940625 0.59296875 0.115625 0.125
0 0.396875 0.6203125 0.159375 0.1234375
0 0.26640625 0.53359375 0.13125 0.121875
0 0.35859375 0.22890625 0.1765625 0.1484375
0 0.4640625 0.05 0.165625 0.1
0 0.5671875 0.15625 0.153125 0.1265625
0 0.6140625 0.31171875 0.18125 0.1390625
0 0.546875 0.4421875 0.1484375 0.1109375
0 0.57421875 0.55859375 0.115625 0.11875
0 0.45078125 0.390625 0.128125 0.1046875
0 0.8390625 0.3578125 0.1578125 0.140625