0 0.5546875 0.728125 0.1390625 0.1125
0 0.4390625 0.7234375 0.1109375 0.1453125
0 0.43828125 0.54765625 0.09375 0.0796875
0 0.63046875 0.58046875 0.121875 0.1109375
0 0.6890625 0.68828125 0.153125 0.1140625
0 0.7703125 0.5421875 0.1203125 0.1140625
0 0.70546875 0.503125 0.1359375 0.096875
0 0.884375 0.48046875 0.15 0.0890625
0 0.625 0.40703125 0.16875 0.1265625
0 0.74609375 0.3109375 0.1484375 0.125
0 0.87265625 0.2734375 0.1484375 0.23125
0 0.8265625 0.403125 0.1546875 0.115625
0 0.61640625 0.30859375 0.1265625 0.1078125