0 0.17265625 0.47890625 0.084375 0.090625
0 0.3890625 0.36171875 0.0796875 0.1
0 0.44609375 0.3953125 0.06875 0.0734375
0 0.4390625 0.4484375 0.109375 0.1078125
0 0.36796875 0.55 0.0453125 0.0609375
0 0.3296875 0.66171875 0.0765625 0.084375
0 0.3515625 0.68671875 0.075 0.06875
0 0.478125 0.5359375 0.0859375 0.096875
0 0.521875 0.496875 0.0875 0.0828125
0 0.5546875 0.6296875 0.1296875 0.1375
0 0.44140625 0.9125 0.134375 0.121875
0 0.3703125 0.7296875 0.0546875 0.0546875
0 0.38359375 0.6578125 0.059375 0.078125
0 0.45390625 0.64296875 0.0671875 0.0828125
0 0.41328125 0.71015625 0.05625 0.0703125
0 0.77890625 0.68671875 0.096875 0.1046875
0 0.7671875 0.76328125 0.103125 0.1265625
0 0.753125 0.5609375 0.1125 0.1125
0 0.6625 0.71015625 0.115625 0.2015625
0 0.91484375 0.509375 0.1078125 0.1015625
0 0.84921875 0.4453125 0.065625 0.0796875
0 0.98671875 0.62578125 0.0265625 0.0828125
0 0.8984375 0.35078125 0.065625 0.1015625
0 0.57109375 0.27109375 0.0609375 0.0828125
0 0.6859375 0.26953125 0.0734375 0.06875