0 0.44375 0.6484375 0.1171875 0.1703125
0 0.33515625 0.51875 0.075 0.1328125
0 0.21640625 0.21484375 0.1203125 0.159375
0 0.38984375 0.3609375 0.090625 0.140625
0 0.375 0.1453125 0.1421875 0.1578125
0 0.54921875 0.29296875 0.1484375 0.1375
0 0.69296875 0.44140625 0.128125 0.15625
0 0.72109375 0.67578125 0.065625 0.10625
0 0.73515625 0.63046875 0.0546875 0.0796875
0 0.9734375 0.5546875 0.053125 0.115625
0 0.9234375 0.3328125 0.109375 0.13125
0 0.8265625 0.26796875 0.146875 0.140625
0 0.5 0.40390625 0.08125 0.0921875
0 0.58828125 0.553125 0.08125 0.109375
0 0.53515625 0.628125 0.065625 0.08125
0 0.1390625 0.43984375 0.0515625 0.0859375
0 0.82578125 0.49296875 0.0640625 0.0828125