0 0.275 0.378125 0.146875 0.1234375
0 0.40625 0.29296875 0.1203125 0.11875
0 0.471875 0.14296875 0.0734375 0.1125
0 0.540625 0.375 0.1125 0.08125
0 0.89140625 0.42421875 0.2171875 0.1765625
0 0.83984375 0.1453125 0.11875 0.1234375
0 0.7734375 0.1109375 0.078125 0.071875
0 0.70546875 0.0984375 0.0875 0.0703125
0 0.6578125 0.075 0.0890625 0.071875
0 0.59140625 0.1234375 0.0953125 0.0953125
0 0.60703125 0.15390625 0.0921875 0.075
0 0.8703125 0.16484375 0.11875 0.1109375
0 0.76875 0.253125 0.0875 0.0703125
0 0.67265625 0.3421875 0.09375 0.103125
0 0.6265625 0.3 0.0734375 0.0671875
0 0.43984375 0.53828125 0.096875 0.0828125
0 0.69140625 0.515625 0.0921875 0.0734375
0 0.61640625 0.5328125 0.06875 0.0796875
0 0.79453125 0.49375 0.1140625 0.075
0 0.74296875 0.53828125 0.059375 0.0484375
0 0.72890625 0.5859375 0.0859375 0.0625
0 0.7640625 0.634375 0.05625 0.05
0 0.81328125 0.74921875 0.1109375 0.0703125
0 0.18125 0.1203125 0.1234375 0.103125
0 0.2359375 0.021875 0.065625 0.04375
0 0.16796875 0.03515625 0.053125 0.0546875
0 0.12421875 0.315625 0.1109375 0.090625
0 0.61875 0.21875 0.0734375 0.0546875
0 0.534375 0.1984375 0.071875 0.071875
0 0.54296875 0.26484375 0.0546875 0.053125