0 0.80625 0.16640625 0.1828125 0.1109375
0 0.69296875 0.3328125 0.1984375 0.1421875
0 0.73125 0.29296875 0.1234375 0.1234375
0 0.88359375 0.30859375 0.1625 0.13125
0 0.93671875 0.36875 0.1265625 0.090625
0 0.8921875 0.534375 0.215625 0.159375
0 0.22578125 0.240625 0.15 0.0921875
0 0.878125 0.8140625 0.1703125 0.140625
0 0.603125 0.41171875 0.1765625 0.115625
0 0.49140625 0.24453125 0.1265625 0.0875
0 0.659375 0.1546875 0.084375 0.0640625
0 0.63359375 0.21796875 0.1125 0.1203125
0 0.31640625 0.06796875 0.11875 0.0890625
0 0.26953125 0.14609375 0.1234375 0.1078125
0 0.34453125 0.47109375 0.0921875 0.078125
0 0.46484375 0.41484375 0.1015625 0.0859375
0 0.425 0.77265625 0.0828125 0.125
0 0.478125 0.75703125 0.0796875 0.1546875
0 0.5625 0.84140625 0.1515625 0.1671875
0 0.59609375 0.77421875 0.1296875 0.1734375
0 0.7234375 0.68515625 0.1359375 0.1296875
0 0.803125 0.6828125 0.1921875 0.121875
0 0.725 0.57734375 0.1484375 0.134375
0 0.51171875 0.50390625 0.140625 0.1015625
0 0.59453125 0.55546875 0.1546875 0.1640625
0 0.3 0.3875 0.1015625 0.109375
0 0.28203125 0.5078125 0.1109375 0.1046875
0 0.73984375 0.80390625 0.1609375 0.11875
0 0.7453125 0.94609375 0.153125 0.1078125
0 0.4203125 0.55546875 0.109375 0.0734375