0 0.128125 0.16640625 0.196875 0.10625
0 0.6734375 0.45703125 0.2484375 0.140625
0 0.7171875 0.35234375 0.140625 0.1359375
0 0.92578125 0.40625 0.146875 0.15
0 0.828125 0.584375 0.1234375 0.0828125
0 0.25625 0.66015625 0.103125 0.109375
0 0.46640625 0.23671875 0.0484375 0.0515625
0 0.559375 0.23515625 0.04375 0.059375
0 0.5421875 0.2484375 0.0390625 0.0390625
0 0.52265625 0.284375 0.028125 0.0421875
0 0.58046875 0.18125 0.0375 0.0640625
0 0.35234375 0.41875 0.065625 0.0921875
0 0.0234375 0.390625 0.046875 0.065625
0 0.11171875 0.425 0.06875 0.0578125
0 0.053125 0.4328125 0.0765625 0.0625
0 0.29140625 0.62421875 0.065625 0.0546875
0 0.20546875 0.51875 0.0421875 0.059375
0 0.83203125 0.8328125 0.15625 0.1046875