0 0.9109375 0.4953125 0.178125 0.346875
0 0.759375 0.5765625 0.115625 0.2984375
0 0.6671875 0.65234375 0.25 0.29375
0 0.671875 0.85 0.1953125 0.25
0 0.5578125 0.771875 0.128125 0.1625
0 0.525 0.9046875 0.1625 0.190625
0 0.39140625 0.7671875 0.2359375 0.2828125
0 0.33203125 0.2453125 0.1625 0.1390625
0 0.40703125 0.05546875 0.0921875 0.1109375
0 0.26171875 0.02734375 0.1640625 0.0546875
0 0.58359375 0.09296875 0.103125 0.1765625
0 0.66171875 0.07890625 0.109375 0.1375
0 0.5921875 0.25703125 0.2015625 0.1484375
0 0.5796875 0.34921875 0.1609375 0.190625
0 0.14296875 0.42578125 0.0421875 0.0671875
0 0.05625 0.37109375 0.06875 0.078125
0 0.28046875 0.50546875 0.04375 0.0671875
0 0.41875 0.525 0.040625 0.05625
0 0.88984375 0.3375 0.1578125 0.13125
0 0.83828125 0.47734375 0.134375 0.1359375