0 0.60078125 0.45703125 0.1953125 0.146875
0 0.58671875 0.26484375 0.1515625 0.14375
0 0.3421875 0.215625 0.1125 0.0921875
0 0.35234375 0.61953125 0.1265625 0.0984375
0 0.58359375 0.596875 0.103125 0.0828125
0 0.83828125 0.26953125 0.1046875 0.1078125
0 0.93203125 0.628125 0.121875 0.1296875
0 0.909375 0.7953125 0.09375 0.1109375
0 0.78984375 0.509375 0.115625 0.1140625
0 0.70703125 0.42109375 0.096875 0.0671875
0 0.7890625 0.38984375 0.128125 0.084375
0 0.72734375 0.26640625 0.090625 0.0578125
0 0.80546875 0.11953125 0.1203125 0.0921875
0 0.6671875 0.0515625 0.0625 0.0625
0 0.52265625 0.1265625 0.0765625 0.0890625
0 0.50546875 0.0578125 0.0609375 0.0765625
0 0.72578125 0.57890625 0.084375 0.0703125
0 0.75390625 0.62734375 0.078125 0.0671875
0 0.71484375 0.1359375 0.0484375 0.0609375
0 0.66953125 0.1875 0.0578125 0.0578125
0 0.62734375 0.115625 0.0734375 0.0890625
0 0.45625 0.03125 0.0546875 0.0578125
0 0.91484375 0.2390625 0.0875 0.0921875
0 0.35859375 0.00703125 0.0609375 0.0140625