0 0.32734375 0.16171875 0.1359375 0.3171875
0 0.64921875 0.3546875 0.13125 0.246875
0 0.86953125 0.70859375 0.146875 0.1359375
0 0.9015625 0.6390625 0.096875 0.2125
0 0.73828125 0.49921875 0.090625 0.184375
0 0.61328125 0.653125 0.1015625 0.2515625
0 0.48359375 0.6890625 0.121875 0.2015625
0 0.4671875 0.7875 0.1828125 0.103125
0 0.62890625 0.7390625 0.1890625 0.1375
0 0.4796875 0.09921875 0.115625 0.1984375
0 0.640625 0.15390625 0.1234375 0.23125
0 0.64375 0.12265625 0.2046875 0.1671875
0 0.89375 0.48671875 0.1265625 0.103125
0 0.7828125 0.64296875 0.1203125 0.125