0 0.37578125 0.69375 0.1703125 0.171875
0 0.484375 0.784375 0.20625 0.1828125
0 0.528125 0.90546875 0.18125 0.1890625
0 0.7828125 0.94921875 0.16875 0.1015625
0 0.6625 0.90078125 0.2015625 0.1703125
0 0.68125 0.78203125 0.2234375 0.2078125
0 0.77578125 0.75546875 0.1953125 0.2390625
0 0.83984375 0.88984375 0.19375 0.1890625
0 0.46640625 0.5765625 0.19375 0.2
0 0.5125 0.68203125 0.140625 0.15
0 0.56171875 0.57890625 0.1828125 0.2015625
0 0.6390625 0.6484375 0.15625 0.1546875
0 0.65 0.5703125 0.2546875 0.209375
0 0.45625 0.38046875 0.2234375 0.1953125
0 0.4140625 0.5046875 0.165625 0.1515625
0 0.39765625 0.61640625 0.1875 0.1796875
0 0.28359375 0.54453125 0.1640625 0.1578125
0 0.13203125 0.6234375 0.1890625 0.2015625
0 0.05546875 0.46015625 0.1109375 0.1328125
0 0.3703125 0.9296875 0.215625 0.140625