0 0.4390625 0.925 0.1546875 0.125
0 0.18125 0.8125 0.14375 0.128125
0 0.21875 0.6421875 0.171875 0.134375
0 0.26796875 0.55390625 0.165625 0.1359375
0 0.40859375 0.42890625 0.1875 0.1359375
0 0.36328125 0.6125 0.1875 0.1640625
0 0.36796875 0.73515625 0.1796875 0.1375
0 0.50234375 0.76015625 0.20625 0.1828125
0 0.60390625 0.82109375 0.209375 0.159375
0 0.53203125 0.6640625 0.184375 0.1109375
0 0.6515625 0.59296875 0.140625 0.0953125
0 0.6625 0.51328125 0.2078125 0.1421875
0 0.64921875 0.41875 0.1796875 0.1375
0 0.64765625 0.3453125 0.18125 0.09375
0 0.52734375 0.45625 0.1578125 0.15
0 0.55703125 0.53203125 0.115625 0.1375
0 0.7546875 0.62578125 0.146875 0.15625
0 0.79921875 0.5421875 0.1484375 0.0984375