0 0.15625 0.84765625 0.1 0.0921875
0 0.57421875 0.87265625 0.171875 0.153125
0 0.75859375 0.5734375 0.146875 0.08125
0 0.78671875 0.6453125 0.1328125 0.1359375
0 0.62578125 0.615625 0.146875 0.1046875
0 0.50234375 0.6890625 0.1734375 0.13125
0 0.5453125 0.53828125 0.1359375 0.1265625
0 0.6421875 0.5359375 0.14375 0.109375
0 0.6234375 0.4546875 0.1546875 0.14375
0 0.62734375 0.35078125 0.15 0.1015625
0 0.38984375 0.45546875 0.1609375 0.1171875
0 0.4953125 0.46640625 0.1375 0.146875
0 0.328125 0.646875 0.190625 0.153125
0 0.31953125 0.75859375 0.1484375 0.11875
0 0.465625 0.8 0.16875 0.1734375
0 0.384375 0.94140625 0.15625 0.1171875
0 0.16484375 0.6828125 0.159375 0.109375
0 0.2375 0.59296875 0.153125 0.1484375