0 0.6140625 0.70859375 0.3296875 0.5125
0 0.13515625 0.46796875 0.2703125 0.4015625
0 0.17578125 0.2578125 0.1453125 0.203125
0 0.24609375 0.33359375 0.1578125 0.14375
0 0.3328125 0.13984375 0.1625 0.1078125
0 0.45625 0.103125 0.23125 0.20625
0 0.58046875 0.30625 0.203125 0.1765625
0 0.71875 0.140625 0.165625 0.2046875
0 0.82421875 0.1484375 0.2203125 0.1484375
0 0.95078125 0.6578125 0.0984375 0.228125
0 0.77734375 0.4515625 0.2046875 0.2046875
0 0.78671875 0.75390625 0.1953125 0.209375
0 0.290625 0.78046875 0.2578125 0.271875
0 0.1953125 0.90703125 0.1875 0.1859375
0 0.58515625 0.93125 0.1046875 0.1078125
0 0.9 0.81484375 0.2 0.1828125
0 0.34609375 0.87734375 0.1578125 0.2453125
0 0.34921875 0.4953125 0.1390625 0.14375
0 0.446875 0.2125 0.103125 0.15
0 0.50234375 0.28359375 0.134375 0.1640625
0 0.79453125 0.02265625 0.1921875 0.0453125
0 0.634375 0.0453125 0.1125 0.090625
0 0.36484375 0.3625 0.0890625 0.178125
0 0.253125 0.6234375 0.1328125 0.1265625
0 0.52890625 0.7921875 0.15625 0.1625
0 0.11328125 0.6765625 0.11875 0.1234375