0 0.43125 0.30859375 0.1046875 0.128125
0 0.2921875 0.39140625 0.1203125 0.1421875
0 0.20546875 0.48515625 0.1078125 0.1296875
0 0.6984375 0.46953125 0.1609375 0.1578125
0 0.59609375 0.528125 0.115625 0.1703125
0 0.6171875 0.278125 0.10625 0.1171875
0 0.66171875 0.22578125 0.0828125 0.084375
0 0.759375 0.21875 0.090625 0.0921875
0 0.83203125 0.4453125 0.109375 0.1265625
0 0.5484375 0.64609375 0.1421875 0.1546875
0 0.590625 0.76875 0.1390625 0.15625
0 0.7625 0.94453125 0.1375 0.1109375
0 0.90390625 0.9484375 0.1109375 0.103125
0 0.26328125 0.8375 0.1421875 0.19375
0 0.1484375 0.89453125 0.090625 0.146875
0 0.20078125 0.6328125 0.15625 0.1765625
0 0.4125 0.54921875 0.1296875 0.18125
0 0.05 0.903125 0.075 0.109375
0 0.409375 0.8296875 0.0859375 0.115625
0 0.6046875 0.89296875 0.1421875 0.1375
0 0.4296875 0.4453125 0.09375 0.121875