0 0.86328125 0.61171875 0.046875 0.0703125
0 0.9359375 0.4828125 0.0375 0.0984375
0 0.8234375 0.584375 0.05625 0.0640625
0 0.778125 0.56875 0.0390625 0.046875
0 0.7484375 0.48515625 0.0625 0.06875
0 0.6609375 0.6296875 0.0390625 0.0546875
0 0.68359375 0.66328125 0.0484375 0.046875
0 0.596875 0.73515625 0.0609375 0.115625
0 0.58984375 0.67109375 0.0453125 0.0890625
0 0.55625 0.63125 0.0515625 0.053125
0 0.478125 0.73203125 0.046875 0.0546875
0 0.37734375 0.82265625 0.04375 0.075
0 0.44453125 0.54453125 0.059375 0.0890625
0 0.54921875 0.43515625 0.059375 0.0859375
0 0.465625 0.25390625 0.05 0.075
0 0.184375 0.61328125 0.0578125 0.05625
0 0.19609375 0.50703125 0.0390625 0.05625
0 0.1796875 0.415625 0.0375 0.0765625
0 0.26484375 0.42421875 0.0328125 0.059375
0 0.9828125 0.49765625 0.034375 0.0484375
0 0.99140625 0.37734375 0.0171875 0.0484375
0 0.10703125 0.25078125 0.053125 0.06875
0 0.98125 0.18515625 0.0375 0.1140625
0 0.92734375 0.10234375 0.06875 0.0703125