0 0.4765625 0.3515625 0.159375 0.1734375
0 0.57421875 0.38359375 0.1390625 0.140625
0 0.7078125 0.77890625 0.1796875 0.146875
0 0.43203125 0.65859375 0.1609375 0.1359375
0 0.234375 0.72421875 0.1515625 0.1421875
0 0.19375 0.575 0.178125 0.134375
0 0.10859375 0.3703125 0.1640625 0.171875
0 0.75078125 0.23359375 0.1484375 0.096875
0 0.7484375 0.0890625 0.121875 0.11875
0 0.884375 0.184375 0.125 0.1359375
0 0.90859375 0.41328125 0.178125 0.1484375
0 0.40625 0.903125 0.1546875 0.1140625
0 0.2890625 0.834375 0.175 0.1625