0 0.26953125 0.6421875 0.215625 0.165625
0 0.85703125 0.50234375 0.1796875 0.1484375
0 0.98984375 0.72109375 0.0203125 0.1734375
0 0.8828125 0.23828125 0.1515625 0.1109375
0 0.95078125 0.36875 0.075 0.078125
0 0.709375 0.61640625 0.125 0.1109375
0 0.55859375 0.62265625 0.109375 0.0859375
0 0.4359375 0.69765625 0.078125 0.09375
0 0.37578125 0.9046875 0.0953125 0.0875
0 0.53515625 0.9046875 0.0796875 0.0640625
0 0.42109375 0.8984375 0.0359375 0.05
0 0.6 0.94765625 0.0828125 0.0703125
0 0.63125 0.85 0.065625 0.046875
0 0.584375 0.821875 0.0828125 0.090625
0 0.53984375 0.74296875 0.0640625 0.046875
0 0.525 0.70859375 0.071875 0.0703125
0 0.14296875 0.39453125 0.1078125 0.0921875
0 0.2109375 0.4921875 0.0640625 0.0828125
0 0.2671875 0.57421875 0.121875 0.084375
0 0.303125 0.50859375 0.0765625 0.075
0 0.41171875 0.49765625 0.0828125 0.075
0 0.22734375 0.78828125 0.146875 0.11875
0 0.209375 0.96171875 0.228125 0.0765625