0 0.38515625 0.840625 0.1171875 0.2234375
0 0.36484375 0.8765625 0.203125 0.1859375
0 0.5390625 0.890625 0.125 0.21875
0 0.68515625 0.8265625 0.1421875 0.33125
0 0.51640625 0.3015625 0.134375 0.221875
0 0.50859375 0.2078125 0.1859375 0.14375
0 0.36171875 0.27109375 0.2015625 0.153125
0 0.13671875 0.30703125 0.1578125 0.1515625
0 0.1171875 0.35859375 0.05625 0.1703125
0 0.103125 0.534375 0.1421875 0.115625
0 0.26328125 0.51328125 0.0921875 0.1859375
0 0.37265625 0.6515625 0.1203125 0.2609375
0 0.22265625 0.37890625 0.128125 0.1046875
0 0.375 0.171875 0.13125 0.134375