0 0.28359375 0.7875 0.1609375 0.146875
0 0.38984375 0.85859375 0.0546875 0.1296875
0 0.45078125 0.8734375 0.090625 0.05625
0 0.4640625 0.78671875 0.078125 0.125
0 0.4359375 0.7671875 0.053125 0.059375
0 0.3421875 0.8890625 0.046875 0.1
0 0.29453125 0.95078125 0.0953125 0.0828125
0 0.27109375 0.90546875 0.053125 0.1078125
0 0.2015625 0.8828125 0.05 0.090625
0 0.20859375 0.7796875 0.053125 0.065625
0 0.084375 0.7390625 0.15625 0.10625
0 0.046875 0.68515625 0.0890625 0.0890625
0 0.1578125 0.61171875 0.18125 0.10625
0 0.14453125 0.5546875 0.140625 0.08125
0 0.24375 0.55390625 0.0625 0.0484375
0 0.18125 0.48203125 0.2953125 0.1796875
0 0.4515625 0.515625 0.0859375 0.0828125
0 0.41484375 0.46953125 0.084375 0.0640625
0 0.49375 0.54609375 0.0671875 0.0625
0 0.51640625 0.45390625 0.0546875 0.06875
0 0.7046875 0.48125 0.0796875 0.0765625
0 0.7828125 0.365625 0.0890625 0.0796875
0 0.81015625 0.65234375 0.1265625 0.090625
0 0.93125 0.8109375 0.1109375 0.0859375
0 0.79609375 0.9625 0.0796875 0.075
0 0.6015625 0.96015625 0.115625 0.06875
0 0.684375 0.9640625 0.090625 0.071875
0 0.575 0.890625 0.071875 0.0640625
0 0.6921875 0.7390625 0.0875 0.0921875
0 0.59140625 0.80625 0.08125 0.0546875
0 0.4 0.9765625 0.075 0.040625
0 0.45234375 0.37421875 0.0671875 0.06875
0 0.21171875 0.31484375 0.0796875 0.0875
0 0.18515625 0.36328125 0.053125 0.0671875
0 0.23515625 0.41171875 0.0625 0.0515625
0 0.91015625 0.20078125 0.115625 0.08125
0 0.9234375 0.53046875 0.0625 0.06875