0 0.328125 0.22734375 0.1625 0.240625
0 0.31640625 0.10390625 0.2109375 0.2078125
0 0.16328125 0.0203125 0.1296875 0.040625
0 0.16640625 0.6234375 0.175 0.4703125
0 0.46484375 0.47578125 0.15 0.2453125
0 0.66015625 0.37578125 0.134375 0.284375
0 0.715625 0.18671875 0.1234375 0.2234375
0 0.765625 0.07734375 0.0953125 0.0953125
0 0.86328125 0.1078125 0.1140625 0.125
0 0.5796875 0.79296875 0.190625 0.4140625
0 0.68515625 0.77734375 0.1453125 0.3734375
0 0.89765625 0.68828125 0.15 0.3296875
0 0.82890625 0.70859375 0.0796875 0.109375
0 0.73828125 0.68046875 0.140625 0.1015625
0 0.45703125 0.84453125 0.15625 0.1171875
0 0.7234375 0.4328125 0.0921875 0.1796875