0 0.69765625 0.690625 0.103125 0.1046875
0 0.80546875 0.55859375 0.1078125 0.1046875
0 0.5359375 0.81796875 0.103125 0.0890625
0 0.42109375 0.70390625 0.121875 0.115625
0 0.096875 0.6125 0.1328125 0.1734375
0 0.47109375 0.43046875 0.1515625 0.1015625
0 0.6703125 0.54765625 0.115625 0.1359375
0 0.45078125 0.54375 0.1453125 0.1515625
0 0.575 0.725 0.053125 0.0546875
0 0.86328125 0.43203125 0.115625 0.0953125
0 0.05859375 0.2515625 0.1171875 0.18125
0 0.78671875 0.3 0.1546875 0.128125
0 0.30078125 0.15 0.159375 0.121875