0 0.64609375 0.17421875 0.159375 0.1671875
0 0.53515625 0.078125 0.071875 0.0671875
0 0.528125 0.02421875 0.059375 0.046875
0 0.4078125 0.08046875 0.0625 0.0953125
0 0.3625 0.2890625 0.0609375 0.08125
0 0.0484375 0.4078125 0.096875 0.065625
0 0.26171875 0.63671875 0.1109375 0.090625
0 0.0796875 0.184375 0.084375 0.0765625
0 0.1453125 0.11015625 0.053125 0.053125
0 0.09765625 0.0609375 0.071875 0.078125
0 0.83515625 0.4265625 0.2484375 0.14375
0 0.6609375 0.4875 0.090625 0.071875
0 0.690625 0.55234375 0.115625 0.1
0 0.69375 0.453125 0.075 0.0578125
0 0.76875 0.25859375 0.05 0.109375
0 0.53671875 0.15390625 0.0640625 0.053125
0 0.740625 0.33671875 0.0875 0.075
0 0.5203125 0.44375 0.059375 0.053125
0 0.51484375 0.303125 0.053125 0.053125
0 0.5359375 0.275 0.0375 0.034375
0 0.52734375 0.2234375 0.0328125 0.046875
0 0.11171875 0.49921875 0.0703125 0.0578125