0 0.17734375 0.5734375 0.1546875 0.1234375
0 0.10390625 0.42734375 0.0828125 0.071875
0 0.1859375 0.1171875 0.0890625 0.0921875
0 0.77265625 0.18515625 0.23125 0.2234375
0 0.6453125 0.51484375 0.1 0.1
0 0.72578125 0.58203125 0.1265625 0.0890625
0 0.90625 0.51171875 0.1875 0.1140625
0 0.846875 0.30078125 0.1171875 0.1265625
0 0.76015625 0.39375 0.0890625 0.0734375
0 0.834375 0.42421875 0.0921875 0.075
0 0.7421875 0.496875 0.071875 0.0671875
0 0.7578125 0.53359375 0.0546875 0.0453125
0 0.76640625 0.55 0.078125 0.0421875
0 0.6609375 0.0765625 0.10625 0.0984375
0 0.5359375 0.04375 0.084375 0.0875