0 0.88125 0.453125 0.096875 0.1515625
0 0.8390625 0.1 0.071875 0.146875
0 0.7359375 0.10078125 0.0875 0.0875
0 0.73359375 0.92109375 0.0765625 0.090625
0 0.7796875 0.96640625 0.0625 0.0671875
0 0.84296875 0.97734375 0.0578125 0.0453125
0 0.85859375 0.896875 0.0625 0.078125
0 0.68671875 0.88515625 0.0703125 0.084375
0 0.54609375 0.76796875 0.0640625 0.084375
0 0.634375 0.7875 0.065625 0.075
0 0.515625 0.6796875 0.053125 0.0703125
0 0.59375 0.659375 0.06875 0.08125
0 0.4515625 0.5734375 0.05 0.0703125
0 0.41875 0.41328125 0.059375 0.0828125
0 0.46171875 0.44296875 0.0671875 0.06875
0 0.37890625 0.396875 0.0515625 0.0546875
0 0.3203125 0.253125 0.0875 0.0734375
0 0.53828125 0.2 0.06875 0.0953125
0 0.59375 0.209375 0.053125 0.084375
0 0.48359375 0.1921875 0.0515625 0.0859375
0 0.5984375 0.38828125 0.0609375 0.0625
0 0.6953125 0.3546875 0.0578125 0.071875
0 0.596875 0.1125 0.046875 0.078125