0 0.49140625 0.3 0.240625 0.225
0 0.90703125 0.50390625 0.1015625 0.0984375
0 0.890625 0.6046875 0.096875 0.0859375
0 0.87734375 0.68984375 0.1375 0.1296875
0 0.85 0.57109375 0.0875 0.0859375
0 0.8046875 0.5375 0.053125 0.0578125
0 0.79453125 0.5734375 0.03125 0.034375
0 0.98046875 0.571875 0.0359375 0.059375
0 0.71171875 0.46953125 0.046875 0.05
0 0.684375 0.51953125 0.0484375 0.05
0 0.6953125 0.57734375 0.0546875 0.04375
0 0.7375 0.64609375 0.04375 0.0578125
0 0.65 0.6875 0.0484375 0.071875
0 0.60546875 0.66953125 0.0421875 0.071875
0 0.4390625 0.4953125 0.09375 0.09375
0 0.3828125 0.440625 0.04375 0.0875
0 0.37890625 0.51484375 0.046875 0.0609375
0 0.2984375 0.47890625 0.06875 0.0984375
0 0.20859375 0.540625 0.1078125 0.1171875
0 0.1890625 0.69453125 0.15 0.11875
0 0.46640625 0.64921875 0.1109375 0.121875
0 0.0296875 0.5828125 0.059375 0.103125
0 0.0234375 0.68828125 0.046875 0.1390625
0 0.0625 0.5875 0.06875 0.0953125
0 0.1234375 0.59453125 0.0734375 0.078125
0 0.30703125 0.6015625 0.078125 0.1015625
0 0.57421875 0.5578125 0.0640625 0.0921875
0 0.5203125 0.54140625 0.05 0.0625
0 0.55859375 0.43046875 0.0515625 0.0609375
0 0.62890625 0.33046875 0.053125 0.0515625