0 0.384375 0.15859375 0.1734375 0.1796875
0 0.94375 0.44296875 0.1125 0.0984375
0 0.88203125 0.52734375 0.09375 0.0765625
0 0.728125 0.646875 0.10625 0.078125
0 0.94296875 0.2140625 0.08125 0.08125
0 0.184375 0.415625 0.2421875 0.15625
0 0.33984375 0.4875 0.1 0.0796875
0 0.30546875 0.55234375 0.1125 0.1078125
0 0.47578125 0.4390625 0.0546875 0.0734375
0 0.64609375 0.29453125 0.06875 0.08125
0 0.61015625 0.07890625 0.0578125 0.078125
0 0.50078125 0.025 0.0484375 0.05
0 0.48828125 0.0765625 0.0734375 0.0703125
0 0.47734375 0.16015625 0.0609375 0.0578125
0 0.2421875 0.2421875 0.065625 0.0875
0 0.2703125 0.321875 0.0828125 0.084375
0 0.1921875 0.521875 0.0984375 0.0703125
0 0.92890625 0.08203125 0.0625 0.0671875