0 0.7703125 0.13046875 0.1875 0.1109375
0 0.27109375 0.5203125 0.2609375 0.1828125
0 0.209375 0.38828125 0.171875 0.1375
0 0.37578125 0.41328125 0.078125 0.0828125
0 0.80234375 0.64296875 0.0875 0.1109375
0 0.68125 0.65390625 0.125 0.1625
0 0.1328125 0.1515625 0.0828125 0.0828125
0 0.0390625 0.16484375 0.078125 0.1578125
0 0.19765625 0.18984375 0.05625 0.0875
0 0.0640625 0.45234375 0.128125 0.1328125
0 0.05234375 0.71484375 0.06875 0.0875
0 0.1359375 0.6546875 0.1578125 0.1
0 0.24765625 0.86640625 0.1546875 0.1125
0 0.45390625 0.5453125 0.059375 0.065625
0 0.6265625 0.4015625 0.0640625 0.11875
0 0.85 0.3734375 0.075 0.0703125
0 0.94609375 0.37578125 0.090625 0.071875
0 0.82890625 0.17890625 0.0953125 0.071875
0 0.484375 0.0484375 0.078125 0.096875
0 0.60859375 0.028125 0.0734375 0.05625
0 0.4984375 0.14296875 0.075 0.0703125
0 0.334375 0.19375 0.059375 0.0875
0 0.40078125 0.21015625 0.0515625 0.065625
0 0.4421875 0.25625 0.0375 0.046875
0 0.41015625 0.25546875 0.0484375 0.046875
0 0.40390625 0.33984375 0.05625 0.0765625
0 0.334375 0.31015625 0.0484375 0.059375
0 0.3015625 0.24765625 0.0546875 0.075
0 0.496875 0.3484375 0.0640625 0.0609375
0 0.70546875 0.56015625 0.05 0.05
0 0.80703125 0.459375 0.05 0.0890625