0 0.61953125 0.4375 0.25625 0.665625
0 0.390625 0.82578125 0.203125 0.3484375
0 0.43203125 0.51640625 0.1765625 0.3265625
0 0.14296875 0.6328125 0.2546875 0.4734375
0 0.10703125 0.95546875 0.1296875 0.0890625
0 0.73359375 0.77734375 0.125 0.246875
0 0.68828125 0.91640625 0.1078125 0.1421875
0 0.946875 0.88125 0.10625 0.15625
0 0.72578125 0.290625 0.14375 0.3640625
0 0.6984375 0.09140625 0.115625 0.1828125
0 0.54140625 0.11640625 0.1296875 0.2328125
0 0.46875 0.1875 0.1625 0.296875
0 0.2875 0.63515625 0.1609375 0.2
0 0.31015625 0.51328125 0.159375 0.20625
0 0.10078125 0.81171875 0.15625 0.165625