0 0.52421875 0.6125 0.0671875 0.1015625
0 0.54609375 0.54375 0.06875 0.0828125
0 0.0484375 0.33203125 0.0890625 0.10625
0 0.375 0.13203125 0.0953125 0.1046875
0 0.3921875 0.30390625 0.0546875 0.084375
0 0.4859375 0.23046875 0.09375 0.1375
0 0.47890625 0.2921875 0.05625 0.0859375
0 0.6875 0.53203125 0.096875 0.0671875
0 0.65390625 0.440625 0.090625 0.1265625
0 0.7515625 0.5015625 0.0484375 0.075
0 0.8578125 0.28828125 0.0609375 0.0734375
0 0.91796875 0.28515625 0.0796875 0.0953125
0 0.92578125 0.4421875 0.0578125 0.053125
0 0.9125 0.52109375 0.034375 0.0828125
0 0.796875 0.56171875 0.04375 0.0640625
0 0.703125 0.66953125 0.0828125 0.10625
0 0.36328125 0.43046875 0.0328125 0.06875
0 0.3546875 0.21328125 0.0625 0.0859375
0 0.1984375 0.13359375 0.0640625 0.0734375
0 0.7859375 0.41484375 0.0671875 0.09375
0 0.69921875 0.240625 0.0328125 0.103125
0 0.55625 0.3140625 0.0484375 0.0796875
0 0.51953125 0.48125 0.065625 0.0828125