0 0.74765625 0.5640625 0.1328125 0.103125
0 0.640625 0.678125 0.1046875 0.103125
0 0.61328125 0.83984375 0.05625 0.1046875
0 0.490625 0.63125 0.103125 0.065625
0 0.12578125 0.6703125 0.2234375 0.140625
0 0.25625 0.92578125 0.1015625 0.1078125
0 0.32890625 0.94375 0.06875 0.0625
0 0.3984375 0.9390625 0.0796875 0.0578125
0 0.44921875 0.95078125 0.08125 0.059375
0 0.50234375 0.8875 0.084375 0.0828125
0 0.4796875 0.86171875 0.084375 0.0625
0 0.221875 0.91484375 0.1046875 0.0953125
0 0.2984375 0.8046875 0.0796875 0.0578125
0 0.37109375 0.6953125 0.0796875 0.0921875
0 0.42578125 0.72421875 0.065625 0.0578125
0 0.54921875 0.4484375 0.0875 0.0703125
0 0.31015625 0.53046875 0.084375 0.059375
0 0.3796875 0.49609375 0.0578125 0.071875
0 0.215625 0.57734375 0.10625 0.0578125
0 0.25546875 0.521875 0.053125 0.040625
0 0.25703125 0.471875 0.0796875 0.05
0 0.21171875 0.43359375 0.05 0.0421875
0 0.13515625 0.33359375 0.1046875 0.0546875
0 0.90078125 0.79140625 0.1125 0.0859375
0 0.8765625 0.921875 0.053125 0.08125
0 0.934375 0.87109375 0.046875 0.0484375
0 0.909375 0.58828125 0.1015625 0.075
0 0.45234375 0.8015625 0.0671875 0.04375
0 0.5390625 0.80078125 0.0625 0.0625
0 0.515625 0.73828125 0.046875 0.046875