0 0.70625 0.55390625 0.15625 0.0921875
0 0.615625 0.66640625 0.05 0.065625
0 0.13359375 0.62734375 0.165625 0.075
0 0.309375 0.67421875 0.0859375 0.06875
0 0.459375 0.634375 0.0859375 0.0609375
0 0.678125 0.7828125 0.090625 0.0609375
0 0.08359375 0.36015625 0.1359375 0.065625
0 0.675 0.45390625 0.0703125 0.0484375
0 0.56796875 0.8921875 0.06875 0.046875
0 0.696875 0.84765625 0.090625 0.0703125
0 0.57421875 0.46796875 0.0625 0.053125
0 0.7984375 0.53984375 0.1375 0.0703125
0 0.8609375 0.6921875 0.140625 0.0734375
0 0.39140625 0.4609375 0.0765625 0.0515625