0 0.453125 0.21796875 0.134375 0.146875
0 0.3265625 0.4359375 0.2171875 0.128125
0 0.3671875 0.56015625 0.0953125 0.115625
0 0.6484375 0.646875 0.1140625 0.0890625
0 0.8609375 0.5125 0.0671875 0.0828125
0 0.9609375 0.4078125 0.078125 0.071875
0 0.98046875 0.2140625 0.0390625 0.075
0 0.6921875 0.2828125 0.1015625 0.0921875
0 0.5515625 0.11171875 0.075 0.078125
0 0.59296875 0.04140625 0.059375 0.0765625
0 0.63046875 0.02890625 0.0625 0.0484375
0 0.26328125 0.0484375 0.1171875 0.096875
0 0.17890625 0.42109375 0.11875 0.09375
0 0.2328125 0.51953125 0.059375 0.0546875
0 0.2203125 0.56015625 0.0640625 0.0546875
0 0.0203125 0.69921875 0.040625 0.0859375
0 0.06484375 0.1609375 0.1 0.1140625
0 0.19375 0.17421875 0.1140625 0.1328125
0 0.25078125 0.25234375 0.0609375 0.071875
0 0.30859375 0.20703125 0.075 0.065625
0 0.35859375 0.0796875 0.0640625 0.065625