0 0.4390625 0.55703125 0.19375 0.1234375
0 0.61796875 0.31875 0.1875 0.175
0 0.70546875 0.36953125 0.0625 0.0765625
0 0.91484375 0.86328125 0.1390625 0.1421875
0 0.17265625 0.9 0.1546875 0.121875
0 0.0796875 0.9125 0.159375 0.140625
0 0.1265625 0.590625 0.253125 0.175
0 0.25390625 0.403125 0.1171875 0.0984375
0 0.346875 0.609375 0.1203125 0.0859375
0 0.6625 0.58671875 0.0515625 0.0953125
0 0.9375 0.640625 0.103125 0.0703125
0 0.5421875 0.459375 0.071875 0.0921875
0 0.41875 0.45 0.075 0.0609375
0 0.3515625 0.4890625 0.05625 0.05
0 0.2296875 0.803125 0.0640625 0.0859375
0 0.246875 0.50546875 0.071875 0.053125
0 0.2734375 0.7390625 0.0671875 0.0796875
0 0.68828125 0.44375 0.059375 0.0609375