0 0.2890625 0.88359375 0.171875 0.1296875
0 0.16328125 0.3671875 0.1015625 0.121875
0 0.3078125 0.4265625 0.0875 0.0796875
0 0.53359375 0.45 0.06875 0.0796875
0 0.80234375 0.44375 0.325 0.20625
0 0.8359375 0.590625 0.1921875 0.15
0 0.9578125 0.796875 0.084375 0.184375
0 0.88515625 0.81328125 0.09375 0.096875
0 0.715625 0.83125 0.0671875 0.0734375
0 0.58359375 0.940625 0.0828125 0.109375
0 0.45703125 0.9609375 0.0828125 0.078125
0 0.409375 0.628125 0.096875 0.1015625
0 0.50078125 0.65 0.0734375 0.059375
0 0.628125 0.57421875 0.0625 0.078125
0 0.61953125 0.65546875 0.0921875 0.1046875
0 0.70546875 0.60234375 0.084375 0.0875
0 0.7984375 0.76796875 0.065625 0.0875
0 0.29609375 0.35625 0.1296875 0.1609375
0 0.17421875 0.6515625 0.078125 0.0671875
0 0.059375 0.66015625 0.084375 0.08125
0 0.23046875 0.84296875 0.090625 0.0890625
0 0.54375 0.84453125 0.075 0.0640625
0 0.61171875 0.77890625 0.046875 0.065625
0 0.7 0.775 0.071875 0.0828125