0 0.44296875 0.28203125 0.165625 0.1359375
0 0.44375 0.05 0.134375 0.1
0 0.18828125 0.3 0.1375 0.1078125
0 0.4578125 0.1484375 0.0921875 0.11875
0 0.4984375 0.059375 0.0796875 0.084375
0 0.5734375 0.0515625 0.10625 0.103125
0 0.6796875 0.18828125 0.1171875 0.1421875
0 0.6203125 0.35625 0.1125 0.1
0 0.59375 0.42734375 0.096875 0.084375
0 0.7234375 0.33671875 0.078125 0.075
0 0.73828125 0.2625 0.11875 0.115625
0 0.89375 0.4796875 0.115625 0.1078125
0 0.78046875 0.525 0.078125 0.078125
0 0.69921875 0.4953125 0.1046875 0.0703125
0 0.953125 0.621875 0.09375 0.109375
0 0.46796875 0.65078125 0.1109375 0.0828125
0 0.5796875 0.56328125 0.0875 0.0796875
0 0.09140625 0.1046875 0.0796875 0.0796875