0 0.871875 0.06953125 0.21875 0.1390625
0 0.74453125 0.08828125 0.103125 0.10625
0 0.61015625 0.15859375 0.075 0.065625
0 0.84296875 0.396875 0.3140625 0.14375
0 0.621875 0.39375 0.096875 0.109375
0 0.515625 0.4140625 0.171875 0.0875
0 0.4171875 0.671875 0.184375 0.14375
0 0.32734375 0.5640625 0.0578125 0.0578125
0 0.45859375 0.5296875 0.0625 0.06875
0 0.596875 0.5390625 0.06875 0.06875
0 0.72578125 0.58046875 0.1109375 0.08125
0 0.65625 0.5125 0.059375 0.0375
0 0.55703125 0.48203125 0.0625 0.040625
0 0.41015625 0.4734375 0.0453125 0.0390625
0 0.321875 0.44296875 0.028125 0.075
0 0.075 0.3828125 0.1171875 0.05625
0 0.0484375 0.42421875 0.0734375 0.0515625
0 0.25546875 0.615625 0.0765625 0.0625
0 0.96171875 0.4265625 0.0765625 0.06875