0 0.57109375 0.809375 0.19375 0.16875
0 0.896875 0.865625 0.196875 0.21875
0 0.678125 0.8265625 0.1046875 0.1671875
0 0.7484375 0.69453125 0.0625 0.090625
0 0.55546875 0.5078125 0.1703125 0.2046875
0 0.48359375 0.66640625 0.2078125 0.240625
0 0.38203125 0.48515625 0.265625 0.259375
0 0.6359375 0.43125 0.1640625 0.2171875
0 0.7375 0.23828125 0.140625 0.196875
0 0.8453125 0.1421875 0.16875 0.1421875
0 0.88984375 0.28359375 0.1109375 0.1109375
0 0.94375 0.4140625 0.1109375 0.134375
0 0.95625 0.521875 0.0875 0.11875
0 0.928125 0.67109375 0.103125 0.2015625
0 0.86328125 0.57109375 0.1171875 0.25
0 0.896875 0.6828125 0.1515625 0.1390625
0 0.18984375 0.921875 0.0765625 0.084375
0 0.70703125 0.140625 0.0859375 0.090625
0 0.1359375 0.2609375 0.0515625 0.0546875
0 0.14140625 0.4734375 0.0375 0.0484375
0 0.01640625 0.40546875 0.0328125 0.0703125
0 0.03359375 0.190625 0.034375 0.075
0 0.0734375 0.67578125 0.0390625 0.071875
0 0.0421875 0.8125 0.0390625 0.0796875
0 0.1078125 0.80390625 0.0515625 0.0578125
0 0.23046875 0.821875 0.0515625 0.0578125
0 0.3375 0.83984375 0.034375 0.065625
0 0.39921875 0.92578125 0.0453125 0.06875