0 0.2515625 0.184375 0.1359375 0.290625
0 0.28125 0.36796875 0.175 0.2296875
0 0.134375 0.45 0.190625 0.2625
0 0.01953125 0.19375 0.0390625 0.090625
0 0.44921875 0.83125 0.09375 0.2265625
0 0.29296875 0.7328125 0.0921875 0.0890625
0 0.459375 0.44609375 0.1515625 0.1046875
0 0.615625 0.21171875 0.1328125 0.096875
0 0.7578125 0.20546875 0.1765625 0.125
0 0.7953125 0.31796875 0.18125 0.30625
0 0.7796875 0.38671875 0.278125 0.3203125
0 0.675 0.03046875 0.165625 0.0609375
0 0.8140625 0.03984375 0.1875 0.0796875
0 0.61015625 0.6375 0.134375 0.23125
0 0.75625 0.6296875 0.1703125 0.171875
0 0.6953125 0.72890625 0.134375 0.15
0 0.7671875 0.7625 0.1125 0.1359375
0 0.515625 0.1234375 0.1578125 0.1984375