0 0.9359375 0.76640625 0.11875 0.1578125
0 0.5390625 0.4921875 0.175 0.1578125
0 0.2984375 0.65703125 0.203125 0.175
0 0.16796875 0.82265625 0.1890625 0.16875
0 0.09765625 0.94609375 0.1046875 0.1078125
0 0.165625 0.99296875 0.165625 0.0140625
0 0.290625 0.94765625 0.159375 0.1046875
0 0.2609375 0.86953125 0.1921875 0.2140625
0 0.45234375 0.9328125 0.1671875 0.134375
0 0.57890625 0.8578125 0.1515625 0.1859375
0 0.56875 0.775 0.1859375 0.196875
0 0.67890625 0.66875 0.16875 0.234375
0 0.54921875 0.625 0.1828125 0.1890625
0 0.453125 0.7828125 0.15625 0.18125
0 0.40078125 0.70546875 0.1734375 0.25625
0 0.340625 0.72109375 0.153125 0.1796875
0 0.62421875 0.48203125 0.1421875 0.225