0 0.596875 0.359375 0.09375 0.2921875
0 0.81953125 0.4046875 0.1109375 0.2984375
0 0.103125 0.69375 0.1390625 0.184375
0 0.1171875 0.53515625 0.096875 0.1328125
0 0.25546875 0.04375 0.1515625 0.0875
0 0.24921875 0.16171875 0.0984375 0.0859375
0 0.296875 0.30390625 0.10625 0.2125
0 0.43125 0.62578125 0.0984375 0.1234375
0 0.11796875 0.18125 0.0609375 0.1125
0 0.4421875 0.08359375 0.090625 0.1671875
0 0.6859375 0.77578125 0.0875 0.18125
0 0.1296875 0.065625 0.09375 0.13125
0 0.52265625 0.3328125 0.15 0.2484375
0 0.55546875 0.62734375 0.075 0.1265625
0 0.3734375 0.903125 0.065625 0.0953125
0 0.26328125 0.77890625 0.078125 0.0953125
0 0.896875 0.80625 0.05625 0.10625