0 0.46328125 0.11640625 0.1265625 0.1171875
0 0.3046875 0.11015625 0.10625 0.09375
0 0.2171875 0.0328125 0.09375 0.065625
0 0.05703125 0.0328125 0.0703125 0.065625
0 0.0421875 0.23359375 0.0625 0.10625
0 0.03203125 0.4453125 0.0640625 0.13125
0 0.14140625 0.41171875 0.0984375 0.078125
0 0.20546875 0.24765625 0.08125 0.0890625
0 0.2015625 0.353125 0.071875 0.059375
0 0.49921875 0.3203125 0.1234375 0.15
0 0.696875 0.23671875 0.1390625 0.1125
0 0.7484375 0.1453125 0.0703125 0.06875
0 0.83125 0.0421875 0.06875 0.0546875
0 0.8828125 0.16328125 0.0703125 0.0859375
0 0.94296875 0.23046875 0.1140625 0.1203125
0 0.67734375 0.51484375 0.1484375 0.1015625
0 0.48828125 0.53203125 0.0296875 0.0515625
0 0.2546875 0.68203125 0.103125 0.13125
0 0.85078125 0.69375 0.090625 0.0625
0 0.91484375 0.7234375 0.1546875 0.1234375
0 0.76328125 0.57421875 0.0578125 0.0578125
0 0.81796875 0.32890625 0.0765625 0.0671875
0 0.6265625 0.1125 0.04375 0.034375
0 0.63046875 0.08828125 0.0390625 0.0453125
0 0.6671875 0.13984375 0.0515625 0.05625
0 0.29609375 0.1953125 0.0703125 0.06875
0 0.19921875 0.12890625 0.040625 0.0421875
0 0.14140625 0.03828125 0.0609375 0.0765625
0 0.534375 0.07578125 0.0484375 0.0796875
0 0.44375 0.06328125 0.0609375 0.0578125
0 0.54921875 0.290625 0.053125 0.0640625
0 0.5609375 0.43359375 0.0453125 0.053125
0 0.665625 0.37421875 0.0953125 0.1046875
0 0.684375 0.4484375 0.040625 0.05
0 0.75546875 0.49375 0.0546875 0.05
0 0.52265625 0.41796875 0.04375 0.0484375
0 0.48984375 0.39609375 0.05625 0.059375
0 0.35078125 0.35703125 0.0703125 0.0609375
0 0.28125 0.31953125 0.04375 0.04375
0 0.93515625 0.4453125 0.1203125 0.0953125
0 0.85 0.44765625 0.0921875 0.071875