0 0.64609375 0.659375 0.109375 0.1015625
0 0.54765625 0.3421875 0.1015625 0.18125
0 0.703125 0.17109375 0.134375 0.1609375
0 0.87265625 0.0171875 0.0640625 0.034375
0 0.5609375 0.15625 0.115625 0.140625
0 0.4125 0.30859375 0.1078125 0.134375
0 0.28125 0.546875 0.1125 0.178125
0 0.215625 0.62890625 0.0609375 0.0765625
0 0.29375 0.696875 0.0765625 0.0953125
0 0.34921875 0.7578125 0.0578125 0.1203125
0 0.0609375 0.75234375 0.0671875 0.1
0 0.0703125 0.6921875 0.078125 0.0875
0 0.05078125 0.48984375 0.08125 0.134375
0 0.0921875 0.4125 0.08125 0.1125
0 0.15625 0.37109375 0.096875 0.11875
0 0.3484375 0.4359375 0.0703125 0.065625
0 0.45546875 0.4609375 0.0609375 0.0765625
0 0.54453125 0.484375 0.053125 0.0703125
0 0.51953125 0.58984375 0.0515625 0.09375
0 0.4296875 0.56953125 0.046875 0.0765625
0 0.6375 0.1953125 0.04375 0.09375
0 0.47109375 0.38984375 0.046875 0.05
0 0.65859375 0.49296875 0.046875 0.0828125