0 0.4078125 0.58984375 0.0890625 0.0796875
0 0.2859375 0.5828125 0.0609375 0.1109375
0 0.078125 0.3234375 0.1171875 0.1265625
0 0.228125 0.3984375 0.0984375 0.121875
0 0.290625 0.346875 0.0765625 0.0984375
0 0.33046875 0.24453125 0.1234375 0.115625
0 0.41171875 0.1875 0.1109375 0.11875
0 0.2796875 0.11640625 0.121875 0.125
0 0.159375 0.1828125 0.09375 0.1046875
0 0.2828125 0.0171875 0.065625 0.034375
0 0.44921875 0.39296875 0.075 0.0921875
0 0.51171875 0.33125 0.078125 0.0890625
0 0.53125 0.540625 0.0546875 0.0859375
0 0.63359375 0.61328125 0.09375 0.121875
0 0.61484375 0.72578125 0.1078125 0.103125
0 0.7828125 0.69296875 0.0953125 0.0890625
0 0.7671875 0.6125 0.06875 0.0859375
0 0.83046875 0.47109375 0.1046875 0.1234375
0 0.95078125 0.5015625 0.096875 0.121875
0 0.965625 0.4203125 0.06875 0.065625
0 0.87890625 0.69765625 0.0890625 0.1375
0 0.86484375 0.9609375 0.053125 0.05625
0 0.37890625 0.0265625 0.0671875 0.053125
0 0.7609375 0.32265625 0.0828125 0.103125
0 0.34375 0.46640625 0.053125 0.0875