0 0.71484375 0.49609375 0.171875 0.2515625
0 0.53828125 0.67265625 0.2265625 0.2359375
0 0.8765625 0.80390625 0.215625 0.15625
0 0.89765625 0.5671875 0.2046875 0.209375
0 0.89921875 0.40859375 0.1703125 0.13125
0 0.8875 0.303125 0.225 0.190625
0 0.89765625 0.1734375 0.1328125 0.1
0 0.95390625 0.11484375 0.0921875 0.1453125
0 0.79453125 0.15625 0.06875 0.0859375
0 0.6640625 0.0734375 0.1484375 0.1359375
0 0.68203125 0.22109375 0.15625 0.15
0 0.54765625 0.10625 0.1640625 0.1671875
0 0.39609375 0.17421875 0.128125 0.11875
0 0.41484375 0.125 0.0984375 0.090625
0 0.315625 0.18125 0.1140625 0.121875
0 0.20625 0.25859375 0.1828125 0.190625
0 0.08671875 0.23671875 0.1515625 0.1890625
0 0.43515625 0.303125 0.1421875 0.121875
0 0.52421875 0.284375 0.115625 0.1171875
0 0.5765625 0.33671875 0.0765625 0.1046875
0 0.50234375 0.50546875 0.203125 0.1828125
0 0.4921875 0.865625 0.1296875 0.1453125
0 0.73125 0.9171875 0.25625 0.165625
0 0.3265625 0.83359375 0.1375 0.1203125
0 0.071875 0.89609375 0.14375 0.1578125
0 0.33046875 0.55078125 0.1703125 0.215625
0 0.234375 0.62734375 0.0875 0.1015625
0 0.21328125 0.515625 0.203125 0.15625
0 0.26875 0.43125 0.10625 0.1390625
0 0.390625 0.4390625 0.1 0.128125
0 0.128125 0.35546875 0.09375 0.1
0 0.0734375 0.57890625 0.146875 0.1421875
0 0.22421875 0.0453125 0.1359375 0.090625
0 0.20546875 0.15 0.15 0.1546875
0 0.09296875 0.0421875 0.1296875 0.084375
0 0.5359375 0.02421875 0.11875 0.0484375
0 0.75234375 0.27265625 0.15 0.1703125
0 0.659375 0.36953125 0.1078125 0.1328125
0 0.66015625 0.62109375 0.15 0.1546875
0 0.15625 0.7796875 0.075 0.134375