0 0.46796875 0.73125 0.128125 0.121875
0 0.521875 0.94609375 0.1125 0.1078125
0 0.64296875 0.91640625 0.078125 0.075
0 0.6328125 0.85 0.071875 0.046875
0 0.725 0.76640625 0.096875 0.1140625
0 0.81953125 0.73359375 0.11875 0.078125
0 0.771875 0.6421875 0.0734375 0.103125
0 0.7703125 0.56484375 0.078125 0.059375
0 0.6296875 0.62578125 0.096875 0.0515625
0 0.6078125 0.5515625 0.0984375 0.065625
0 0.53984375 0.43828125 0.08125 0.0796875
0 0.4546875 0.353125 0.065625 0.06875
0 0.68125 0.47734375 0.0796875 0.0671875
0 0.7015625 0.5296875 0.0546875 0.05
0 0.846875 0.44453125 0.0828125 0.0703125
0 0.92734375 0.28984375 0.1328125 0.109375
0 0.2265625 0.78046875 0.1125 0.0875
0 0.51484375 0.82265625 0.0703125 0.06875
0 0.56875 0.91640625 0.075 0.059375
0 0.4921875 0.89140625 0.0609375 0.0734375
0 0.63203125 0.734375 0.0625 0.05
0 0.60625 0.7734375 0.065625 0.04375
0 0.775 0.42578125 0.078125 0.0515625
0 0.8015625 0.4609375 0.075 0.034375
0 0.59921875 0.43359375 0.0375 0.05