0 0.9046875 0.79921875 0.190625 0.2046875
0 0.840625 0.65703125 0.2296875 0.203125
0 0.77890625 0.19140625 0.2734375 0.2328125
0 0.86875 0.35546875 0.18125 0.1328125
0 0.85546875 0.26953125 0.2015625 0.1484375
0 0.55625 0.434375 0.1421875 0.2265625
0 0.5359375 0.34765625 0.1625 0.1734375
0 0.52734375 0.10625 0.2546875 0.2125
0 0.7671875 0.08203125 0.203125 0.1640625
0 0.68671875 0.0359375 0.1765625 0.071875
0 0.51875 0.81328125 0.159375 0.20625
0 0.521875 0.69296875 0.1609375 0.1390625
0 0.525 0.62109375 0.1765625 0.1640625
0 0.17578125 0.63828125 0.1734375 0.253125
0 0.228125 0.24140625 0.1359375 0.1015625
0 0.3828125 0.12109375 0.15 0.18125
0 0.3453125 0.0859375 0.15625 0.15
0 0.2828125 0.33515625 0.08125 0.171875
0 0.38671875 0.415625 0.0828125 0.1609375
0 0.4234375 0.375 0.090625 0.1421875
0 0.440625 0.75546875 0.096875 0.1234375
0 0.43984375 0.865625 0.1296875 0.15625
0 0.63203125 0.91640625 0.0859375 0.11875
0 0.71640625 0.853125 0.16875 0.16875
0 0.72578125 0.6796875 0.109375 0.125
0 0.90625 0.52734375 0.1453125 0.159375
0 0.734375 0.58046875 0.11875 0.14375
0 0.76875 0.54375 0.1375 0.1609375
0 0.44453125 0.953125 0.0765625 0.09375
0 0.3078125 0.98828125 0.065625 0.0234375
0 0.22578125 0.9078125 0.15625 0.1578125
0 0.26796875 0.68671875 0.128125 0.1546875
0 0.2375 0.78671875 0.121875 0.1140625
0 0.09140625 0.7015625 0.0859375 0.1921875
0 0.209375 0.48046875 0.0859375 0.2109375
0 0.06328125 0.28671875 0.1265625 0.1421875
0 0.04609375 0.38671875 0.0921875 0.1265625
0 0.51875 0.16796875 0.071875 0.1515625
0 0.55234375 0.23203125 0.1390625 0.1390625
0 0.35625 0.75390625 0.1234375 0.278125
0 0.05546875 0.17265625 0.1109375 0.1765625