0 0.0765625 0.51875 0.06875 0.125
0 0.134375 0.5328125 0.0859375 0.071875
0 0.21953125 0.4984375 0.0890625 0.1
0 0.34375 0.3375 0.0984375 0.13125
0 0.5953125 0.396875 0.1078125 0.1125
0 0.59921875 0.33125 0.071875 0.0859375
0 0.77734375 0.371875 0.1140625 0.115625
0 0.58984375 0.4640625 0.0875 0.13125
0 0.64453125 0.496875 0.0484375 0.0984375
0 0.6046875 0.565625 0.1359375 0.1546875
0 0.75625 0.6453125 0.0828125 0.1015625
0 0.7875 0.5984375 0.0578125 0.0734375
0 0.7765625 0.8390625 0.10625 0.121875
0 0.975 0.8875 0.05 0.0625
0 0.5875 0.69375 0.1125 0.128125
0 0.61171875 0.65078125 0.06875 0.0828125
0 0.384375 0.80234375 0.1140625 0.1171875
0 0.3828125 0.58359375 0.078125 0.0875
0 0.3390625 0.584375 0.09375 0.1375
0 0.18125 0.5921875 0.0734375 0.0921875
0 0.1296875 0.81015625 0.08125 0.0890625
0 0.1078125 0.90859375 0.0703125 0.1359375
0 0.484375 0.5203125 0.0734375 0.1015625
0 0.28203125 0.3875 0.0578125 0.0546875