0 0.45234375 0.73828125 0.1484375 0.146875
0 0.44609375 0.5484375 0.175 0.1359375
0 0.60859375 0.37578125 0.109375 0.103125
0 0.43046875 0.4140625 0.1015625 0.090625
0 0.1984375 0.73671875 0.13125 0.103125
0 0.2125 0.62734375 0.115625 0.0890625
0 0.2421875 0.5578125 0.0734375 0.09375
0 0.3234375 0.58984375 0.1 0.08125
0 0.23046875 0.52109375 0.08125 0.0671875
0 0.26171875 0.4859375 0.06875 0.05
0 0.28515625 0.43828125 0.071875 0.059375
0 0.2375 0.3828125 0.075 0.053125
0 0.08671875 0.384375 0.1328125 0.084375
0 0.2421875 0.90390625 0.084375 0.0859375
0 0.30703125 0.93828125 0.08125 0.0734375
0 0.396875 0.86796875 0.08125 0.109375
0 0.375 0.95703125 0.065625 0.065625
0 0.6953125 0.77421875 0.109375 0.0890625
0 0.08828125 0.209375 0.1125 0.13125