0 0.93125 0.3390625 0.1046875 0.0921875
0 0.80234375 0.04609375 0.1703125 0.0921875
0 0.83046875 0.178125 0.15625 0.128125
0 0.59609375 0.13359375 0.1390625 0.115625
0 0.5390625 0.34765625 0.1203125 0.1421875
0 0.48828125 0.53125 0.0875 0.078125
0 0.83203125 0.75390625 0.1140625 0.2140625
0 0.675 0.54921875 0.08125 0.06875
0 0.11171875 0.75546875 0.1421875 0.11875
0 0.196875 0.53828125 0.1234375 0.1125
0 0.15625 0.27265625 0.134375 0.125
0 0.178125 0.19609375 0.0921875 0.059375
0 0.03046875 0.1875 0.0609375 0.125
0 0.05234375 0.396875 0.1046875 0.14375
0 0.11484375 0.465625 0.1140625 0.1203125
0 0.05625 0.60234375 0.1078125 0.1234375
0 0.3640625 0.41796875 0.065625 0.084375
0 0.32265625 0.08671875 0.0859375 0.06875
0 0.25234375 0.109375 0.0609375 0.0640625
0 0.221875 0.38515625 0.08125 0.0734375
0 0.27109375 0.471875 0.0671875 0.0578125
0 0.44140625 0.50859375 0.05 0.059375
0 0.253125 0.60625 0.0515625 0.05
0 0.73046875 0.4625 0.065625 0.0640625
0 0.7640625 0.3609375 0.0953125 0.0734375
0 0.703125 0.16953125 0.096875 0.0765625