0 0.828125 0.14609375 0.2421875 0.153125
0 0.69453125 0.10859375 0.14375 0.115625
0 0.53828125 0.13203125 0.2140625 0.171875
0 0.27578125 0.09765625 0.2671875 0.1953125
0 0.10078125 0.215625 0.1875 0.1265625
0 0.37734375 0.24140625 0.2453125 0.153125
0 0.63515625 0.26171875 0.2828125 0.1515625
0 0.909375 0.33671875 0.18125 0.1203125
0 0.91015625 0.43125 0.1796875 0.121875
0 0.92265625 0.546875 0.1546875 0.134375
0 0.80859375 0.59609375 0.203125 0.1671875
0 0.61953125 0.69921875 0.215625 0.15
0 0.45234375 0.56171875 0.215625 0.1234375
0 0.46953125 0.41953125 0.2734375 0.13125
0 0.67109375 0.40703125 0.240625 0.146875
0 0.753125 0.82109375 0.284375 0.1921875
0 0.565625 0.8484375 0.1109375 0.115625
0 0.48203125 0.7625 0.1671875 0.146875
0 0.26796875 0.84375 0.2515625 0.178125
0 0.090625 0.75546875 0.18125 0.2046875
0 0.34375 0.6484375 0.321875 0.2296875
0 0.2078125 0.57890625 0.2625 0.190625
0 0.24140625 0.29375 0.275 0.215625
0 0.09296875 0.490625 0.1859375 0.171875
0 0.4828125 0.0796875 0.2078125 0.10625
0 0.17578125 0.04921875 0.1453125 0.0984375