0 0.56875 0.45390625 0.153125 0.109375
0 0.5453125 0.28515625 0.1203125 0.134375
0 0.50546875 0.05390625 0.0921875 0.1078125
0 0.5265625 0.1328125 0.046875 0.0734375
0 0.51328125 0.1859375 0.0640625 0.0625
0 0.78828125 0.2390625 0.1171875 0.0859375
0 0.8546875 0.0640625 0.0640625 0.0828125
0 0.46328125 0.09375 0.06875 0.078125
0 0.39140625 0.096875 0.078125 0.0734375
0 0.3390625 0.02265625 0.078125 0.0453125
0 0.29375 0.24140625 0.0953125 0.1453125
0 0.4265625 0.22734375 0.0671875 0.0515625
0 0.390625 0.259375 0.0609375 0.0703125
0 0.3796875 0.2921875 0.05625 0.0390625
0 0.39765625 0.3765625 0.084375 0.0578125
0 0.38515625 0.44765625 0.06875 0.0625
0 0.328125 0.50859375 0.078125 0.0375
0 0.31328125 0.46640625 0.05 0.059375
0 0.23359375 0.43203125 0.075 0.0625
0 0.22578125 0.33671875 0.0625 0.0859375
0 0.15546875 0.5640625 0.0796875 0.0578125
0 0.2203125 0.56171875 0.0546875 0.059375
0 0.39921875 0.15859375 0.0859375 0.065625
0 0.5234375 0.64921875 0.0703125 0.0828125
0 0.4625 0.5609375 0.096875 0.078125
0 0.4640625 0.41953125 0.0546875 0.0765625