0 0.09609375 0.5984375 0.1921875 0.35
0 0.23046875 0.48359375 0.1203125 0.3
0 0.303125 0.3890625 0.2546875 0.2984375
0 0.253125 0.19765625 0.1984375 0.253125
0 0.3828125 0.2484375 0.13125 0.1640625
0 0.38203125 0.10546875 0.1640625 0.203125
0 0.5453125 0.21484375 0.240625 0.2859375
0 0.72109375 0.7109375 0.1640625 0.1421875
0 0.69140625 0.91484375 0.09375 0.1203125
0 0.84140625 0.92421875 0.165625 0.0921875
0 0.509375 0.91328125 0.10625 0.1734375
0 0.43671875 0.93828125 0.1109375 0.1234375
0 0.46484375 0.7578125 0.203125 0.1515625
0 0.45625 0.66484375 0.1640625 0.19375
0 0.8640625 0.4921875 0.0421875 0.0671875
0 0.9609375 0.52578125 0.06875 0.078125
0 0.71328125 0.4453125 0.0453125 0.06875
0 0.5734375 0.45703125 0.0421875 0.05625
0 0.15625 0.74609375 0.159375 0.134375
0 0.175 0.5984375 0.1359375 0.1375