0 0.9125 0.59375 0.175 0.25
0 0.82109375 0.58046875 0.1171875 0.153125
0 0.803125 0.4109375 0.190625 0.3046875
0 0.71171875 0.36484375 0.21875 0.26875
0 0.72890625 0.23671875 0.215625 0.2296875
0 0.64140625 0.10703125 0.2265625 0.2140625
0 0.5703125 0.309375 0.1921875 0.1640625
0 0.4671875 0.2875 0.2203125 0.2859375
0 0.56171875 0.54453125 0.1453125 0.3140625
0 0.64765625 0.5828125 0.153125 0.1515625
0 0.8640625 0.69921875 0.1703125 0.159375
0 0.959375 0.73828125 0.065625 0.1234375
0 0.76484375 0.71015625 0.103125 0.1546875
0 0.6390625 0.8984375 0.115625 0.1484375
0 0.553125 0.87421875 0.1234375 0.190625
0 0.515625 0.75390625 0.125 0.146875
0 0.42890625 0.67578125 0.0984375 0.1515625
0 0.4078125 0.75390625 0.0859375 0.1203125
0 0.30703125 0.9171875 0.090625 0.1265625
0 0.25859375 0.6796875 0.2125 0.2921875
0 0.1296875 0.90703125 0.0703125 0.1625
0 0.440625 0.209375 0.0421875 0.0484375
0 0.48671875 0.12890625 0.028125 0.0609375
0 0.484375 0.08515625 0.028125 0.065625
0 0.371875 0.19765625 0.0296875 0.04375
0 0.3625 0.23046875 0.040625 0.0390625
0 0.41953125 0.43359375 0.04375 0.0609375
0 0.3875 0.53125 0.025 0.0484375
0 0.03046875 0.6265625 0.0515625 0.0890625
0 0.0890625 0.67109375 0.03125 0.0546875
0 0.12109375 0.646875 0.0265625 0.05625