0 0.43359375 0.18359375 0.1828125 0.1609375
0 0.584375 0.1390625 0.14375 0.1390625
0 0.4890625 0.27421875 0.2109375 0.203125
0 0.3390625 0.3625 0.1578125 0.1390625
0 0.20625 0.3671875 0.13125 0.115625
0 0.80703125 0.3 0.1765625 0.1328125
0 0.61875 0.33671875 0.1625 0.140625
0 0.45703125 0.34921875 0.190625 0.1421875
0 0.41875 0.46328125 0.1984375 0.171875
0 0.29921875 0.475 0.1765625 0.1390625
0 0.3234375 0.53203125 0.159375 0.1171875
0 0.41875 0.5765625 0.175 0.178125
0 0.28671875 0.59375 0.1765625 0.13125
0 0.315625 0.68828125 0.1625 0.1359375
0 0.51875 0.60546875 0.1921875 0.15625
0 0.6625 0.5109375 0.165625 0.128125
0 0.61328125 0.4515625 0.1921875 0.1640625
0 0.74609375 0.475 0.1296875 0.1078125