0 0.44296875 0.42109375 0.1109375 0.1265625
0 0.41015625 0.54140625 0.071875 0.11875
0 0.40078125 0.53671875 0.109375 0.1265625
0 0.3625 0.61171875 0.075 0.065625
0 0.1921875 0.51640625 0.1140625 0.115625
0 0.3046875 0.30078125 0.08125 0.0765625
0 0.328125 0.26796875 0.0765625 0.071875
0 0.3859375 0.07421875 0.090625 0.1140625
0 0.70234375 0.47578125 0.1 0.153125
0 0.565625 0.7234375 0.0796875 0.1078125
0 0.8953125 0.6578125 0.071875 0.096875
0 0.91015625 0.5875 0.0796875 0.0921875
0 0.775 0.6390625 0.075 0.08125
0 0.83203125 0.553125 0.0640625 0.0828125
0 0.9890625 0.2984375 0.021875 0.16875
0 0.971875 0.35703125 0.05625 0.1015625
0 0.7359375 0.290625 0.1171875 0.128125
0 0.51796875 0.31796875 0.121875 0.159375
0 0.40078125 0.35546875 0.0578125 0.0828125
0 0.6515625 0.6921875 0.078125 0.10625
0 0.834375 0.446875 0.046875 0.05625