0 0.9109375 0.51953125 0.178125 0.3359375
0 0.771875 0.41484375 0.1640625 0.340625
0 0.67890625 0.3453125 0.2234375 0.2625
0 0.6765625 0.15546875 0.20625 0.2515625
0 0.5609375 0.21953125 0.1671875 0.21875
0 0.51328125 0.084375 0.1546875 0.16875
0 0.390625 0.24921875 0.2484375 0.3109375
0 0.615625 0.75234375 0.1859375 0.1609375
0 0.59375 0.6421875 0.1625 0.1703125
0 0.6640625 0.9203125 0.1171875 0.1359375
0 0.57734375 0.9296875 0.090625 0.1359375
0 0.4125 0.9359375 0.096875 0.128125
0 0.2578125 0.96484375 0.178125 0.0703125
0 0.31328125 0.7546875 0.175 0.1234375
0 0.8984375 0.66328125 0.18125 0.1953125
0 0.84609375 0.528125 0.1359375 0.140625
0 0.484375 0.690625 0.1125 0.171875