0 0.4015625 0.50859375 0.0609375 0.128125
0 0.39296875 0.56796875 0.10625 0.1015625
0 0.365625 0.64453125 0.0578125 0.075
0 0.21171875 0.56015625 0.0953125 0.1265625
0 0.24765625 0.3453125 0.065625 0.0828125
0 0.2828125 0.29140625 0.065625 0.09375
0 0.31015625 0.096875 0.0734375 0.109375
0 0.6140625 0.68046875 0.0734375 0.1234375
0 0.5078125 0.48828125 0.0546875 0.096875
0 0.62578125 0.45625 0.078125 0.0859375
0 0.671875 0.475 0.0625 0.1359375
0 0.77109375 0.58515625 0.0578125 0.0734375
0 0.8421875 0.571875 0.065625 0.05625
0 0.8265625 0.490625 0.0375 0.05
0 0.91875 0.60390625 0.0515625 0.1
0 0.93515625 0.290625 0.065625 0.09375
0 0.6875 0.23515625 0.09375 0.1046875
0 0.46875 0.2875 0.0953125 0.115625
0 0.43671875 0.32109375 0.0609375 0.059375
0 0.3453125 0.38359375 0.0546875 0.0640625
0 0.40546875 0.41640625 0.1171875 0.1546875
0 0.14921875 0.02421875 0.0578125 0.0484375
0 0.2359375 0.0171875 0.04375 0.034375
0 0.97421875 0.1984375 0.0515625 0.15625