0 0.02265625 0.371875 0.0453125 0.09375
0 0.30078125 0.73359375 0.0984375 0.1015625
0 0.47421875 0.58671875 0.06875 0.1203125
0 0.43203125 0.52421875 0.0921875 0.14375
0 0.4265625 0.33046875 0.0890625 0.1125
0 0.47578125 0.33984375 0.0859375 0.1046875
0 0.87421875 0.31328125 0.084375 0.0984375
0 0.22421875 0.5375 0.0703125 0.0625
0 0.28203125 0.5875 0.075 0.071875
0 0.4015625 0.16953125 0.0828125 0.1125
0 0.5921875 0.13515625 0.0515625 0.0796875
0 0.6875 0.334375 0.05625 0.05625
0 0.096875 0.62421875 0.0515625 0.0765625