0 0.13125 0.7203125 0.2625 0.446875
0 0.090625 0.39296875 0.18125 0.1734375
0 0.1875 0.35234375 0.1578125 0.1828125
0 0.06015625 0.25625 0.065625 0.1453125
0 0.215625 0.18203125 0.1171875 0.146875
0 0.2546875 0.32265625 0.1078125 0.1421875
0 0.3859375 0.37265625 0.2484375 0.234375
0 0.534375 0.478125 0.1640625 0.1984375
0 0.32734375 0.5546875 0.2609375 0.2125
0 0.4125 0.82109375 0.18125 0.3515625
0 0.61171875 0.78515625 0.3765625 0.4296875
0 0.74375 0.6515625 0.39375 0.4203125
0 0.31015625 0.8765625 0.1859375 0.2125
0 0.8296875 0.4328125 0.2203125 0.2015625
0 0.92578125 0.409375 0.1484375 0.2375
0 0.909375 0.625 0.178125 0.19375
0 0.85703125 0.21484375 0.2859375 0.2796875
0 0.97421875 0.2328125 0.0515625 0.234375
0 0.721875 0.1046875 0.128125 0.153125
0 0.5609375 0.096875 0.175 0.19375
0 0.509375 0.153125 0.0953125 0.115625
0 0.4109375 0.16015625 0.190625 0.1609375
0 0.60390625 0.325 0.2640625 0.26875