0 0.35390625 0.66875 0.0671875 0.0984375
0 0.34453125 0.53046875 0.04375 0.0640625
0 0.225 0.23828125 0.1015625 0.1296875
0 0.059375 0.04375 0.0390625 0.071875
0 0.01875 0.0703125 0.0375 0.125
0 0.41875 0.409375 0.0609375 0.096875
0 0.3640625 0.190625 0.065625 0.1015625
0 0.29375 0.27421875 0.0625 0.0765625
0 0.5421875 0.27265625 0.09375 0.1125
0 0.49375 0.36171875 0.071875 0.08125
0 0.51015625 0.428125 0.059375 0.0703125
0 0.48984375 0.58359375 0.06875 0.0734375
0 0.575 0.5515625 0.065625 0.0703125
0 0.6984375 0.7015625 0.0453125 0.15
0 0.7546875 0.625 0.0515625 0.0984375
0 0.73203125 0.53125 0.0671875 0.128125
0 0.6765625 0.4109375 0.05625 0.0796875
0 0.7890625 0.3078125 0.059375 0.096875
0 0.853125 0.29765625 0.0703125 0.0953125
0 0.91796875 0.41953125 0.059375 0.1
0 0.95390625 0.63828125 0.05625 0.1390625
0 0.921875 0.621875 0.065625 0.0890625