0 0.43046875 0.28125 0.146875 0.15
0 0.5578125 0.22109375 0.1828125 0.153125
0 0.634375 0.10859375 0.1515625 0.1796875
0 0.89765625 0.1125 0.146875 0.1328125
0 0.7609375 0.1546875 0.1796875 0.140625
0 0.74765625 0.27421875 0.1953125 0.1765625
0 0.83203125 0.325 0.159375 0.215625
0 0.92265625 0.2109375 0.1546875 0.1625
0 0.4875 0.4171875 0.165625 0.175
0 0.559375 0.328125 0.1203125 0.13125
0 0.58046875 0.43984375 0.153125 0.178125
0 0.67265625 0.39296875 0.134375 0.1328125
0 0.6625 0.4703125 0.2296875 0.171875
0 0.4265625 0.60390625 0.1984375 0.1625
0 0.41796875 0.47265625 0.1453125 0.128125
0 0.43125 0.3609375 0.1625 0.153125
0 0.30234375 0.40078125 0.14375 0.134375
0 0.1765625 0.28515625 0.1609375 0.1765625
0 0.05390625 0.42109375 0.10625 0.1171875
0 0.48671875 0.0515625 0.2015625 0.103125