0 0.6328125 0.8578125 0.209375 0.16875
0 0.5109375 0.8140625 0.19375 0.184375
0 0.6359375 0.59765625 0.1609375 0.1484375
0 0.80625 0.60234375 0.1390625 0.146875
0 0.759375 0.521875 0.159375 0.1046875
0 0.63828125 0.52109375 0.1640625 0.146875
0 0.60234375 0.43515625 0.178125 0.1546875
0 0.60546875 0.33515625 0.175 0.1234375
0 0.4828125 0.471875 0.153125 0.1515625
0 0.55234375 0.5328125 0.1546875 0.140625
0 0.52578125 0.68125 0.1703125 0.1265625
0 0.35390625 0.79140625 0.16875 0.1234375
0 0.340625 0.68046875 0.1859375 0.1546875
0 0.246875 0.6375 0.171875 0.1515625
0 0.18828125 0.74765625 0.1765625 0.125
0 0.2015625 0.9015625 0.1046875 0.096875
0 0.4515625 0.95234375 0.165625 0.0953125
0 0.3734375 0.47421875 0.1625 0.146875