0 0.86171875 0.64921875 0.090625 0.1140625
0 0.6609375 0.49453125 0.0859375 0.109375
0 0.64375 0.928125 0.053125 0.078125
0 0.66171875 0.88984375 0.0609375 0.1
0 0.63515625 0.81796875 0.06875 0.08125
0 0.6328125 0.71171875 0.0859375 0.1234375
0 0.60859375 0.88984375 0.06875 0.1125
0 0.5578125 0.8484375 0.071875 0.096875
0 0.5671875 0.7953125 0.0703125 0.1140625
0 0.578125 0.75859375 0.06875 0.10625
0 0.41875 0.7171875 0.0828125 0.0828125
0 0.42734375 0.64453125 0.084375 0.1015625
0 0.52578125 0.6578125 0.06875 0.0609375
0 0.57578125 0.6328125 0.06875 0.121875
0 0.5015625 0.57265625 0.0859375 0.0859375