0 0.6109375 0.8359375 0.0890625 0.1609375
0 0.6171875 0.6484375 0.125 0.115625
0 0.57421875 0.4125 0.1390625 0.2
0 0.62890625 0.34453125 0.15 0.1859375
0 0.7421875 0.5296875 0.0921875 0.1859375
0 0.80078125 0.46328125 0.1015625 0.13125
0 0.85234375 0.328125 0.071875 0.14375
0 0.75 0.16171875 0.11875 0.2125
0 0.7703125 0.05234375 0.084375 0.1046875
0 0.71015625 0.253125 0.10625 0.2
0 0.73671875 0.62265625 0.1328125 0.165625
0 0.725 0.71640625 0.0640625 0.096875
0 0.35546875 0.86015625 0.0984375 0.0890625
0 0.4109375 0.9265625 0.065625 0.078125
0 0.1515625 0.88671875 0.0734375 0.0890625
0 0.025 0.28125 0.05 0.09375
0 0.575 0.56015625 0.1625 0.1640625
0 0.56015625 0.84296875 0.0765625 0.1234375
0 0.675 0.740625 0.11875 0.221875