0 0.5609375 0.8671875 0.1859375 0.184375
0 0.37109375 0.94296875 0.1796875 0.1109375
0 0.13359375 0.83515625 0.115625 0.1359375
0 0.14453125 0.6625 0.1640625 0.1703125
0 0.3046875 0.765625 0.175 0.1265625
0 0.440625 0.80390625 0.18125 0.1734375
0 0.5265625 0.7921875 0.1234375 0.146875
0 0.4984375 0.69140625 0.184375 0.109375
0 0.7984375 0.6765625 0.1265625 0.1703125
0 0.8796875 0.5703125 0.140625 0.134375
0 0.76875 0.57734375 0.159375 0.1234375
0 0.62890625 0.640625 0.165625 0.1265625
0 0.64296875 0.559375 0.146875 0.1078125
0 0.55 0.5484375 0.15625 0.1328125
0 0.6203125 0.47109375 0.1796875 0.140625
0 0.63671875 0.353125 0.1640625 0.1625
0 0.49453125 0.4734375 0.15 0.171875
0 0.38671875 0.434375 0.16875 0.165625
0 0.22734375 0.56953125 0.1734375 0.190625
0 0.3140625 0.63515625 0.2046875 0.1640625