0 0.396875 0.3734375 0.0546875 0.10625
0 0.34375 0.38125 0.0625 0.075
0 0.22421875 0.46953125 0.065625 0.11875
0 0.1625 0.63359375 0.053125 0.0671875
0 0.1953125 0.70703125 0.0921875 0.084375
0 0.33046875 0.56015625 0.05 0.0625
0 0.41796875 0.51875 0.090625 0.078125
0 0.390625 0.5703125 0.04375 0.071875
0 0.34140625 0.69765625 0.0609375 0.121875
0 0.3859375 0.7859375 0.05625 0.1375
0 0.296875 0.85 0.0875 0.10625
0 0.2171875 0.92734375 0.0375 0.1
0 0.71875 0.76484375 0.0984375 0.171875
0 0.96328125 0.76953125 0.0734375 0.159375
0 0.61953125 0.85 0.0984375 0.1125
0 0.83359375 0.69296875 0.075 0.09375
0 0.90859375 0.4078125 0.04375 0.10625
0 0.7703125 0.434375 0.046875 0.0765625
0 0.6625 0.37578125 0.065625 0.09375
0 0.65078125 0.46953125 0.0359375 0.10625
0 0.5421875 0.53671875 0.096875 0.0828125
0 0.7453125 0.39375 0.05 0.065625