0 0.66640625 0.58359375 0.08125 0.1296875
0 0.6640625 0.871875 0.10625 0.140625
0 0.87890625 0.9765625 0.0921875 0.046875
0 0.5390625 0.65078125 0.140625 0.13125
0 0.59140625 0.421875 0.0984375 0.153125
0 0.5078125 0.35625 0.0484375 0.0703125
0 0.36015625 0.26875 0.071875 0.140625
0 0.328125 0.33125 0.0453125 0.071875
0 0.06875 0.64296875 0.1375 0.2203125
0 0.05 0.515625 0.1 0.115625
0 0.16640625 0.3921875 0.0578125 0.071875
0 0.3296875 0.53046875 0.09375 0.09375
0 0.35703125 0.696875 0.140625 0.1671875
0 0.43046875 0.61640625 0.0765625 0.090625
0 0.40859375 0.53671875 0.0640625 0.0796875
0 0.06484375 0.26875 0.0796875 0.1171875