0 0.3296875 0.61640625 0.1078125 0.0921875
0 0.1734375 0.39140625 0.0765625 0.1390625
0 0.2328125 0.29921875 0.075 0.0640625
0 0.61328125 0.31328125 0.0671875 0.1171875
0 0.7625 0.27578125 0.0640625 0.1
0 0.83203125 0.171875 0.125 0.0859375
0 0.93984375 0.2296875 0.1 0.1203125
0 0.76640625 0.04296875 0.0921875 0.0859375
0 0.696875 0.64296875 0.0734375 0.08125
0 0.4546875 0.23984375 0.059375 0.0796875
0 0.640625 0.21875 0.0875 0.065625
0 0.33125 0.68515625 0.0890625 0.0921875
0 0.22421875 0.409375 0.0609375 0.0890625