0 0.05 0.46875 0.1 0.09375
0 0.04765625 0.24140625 0.0953125 0.1046875
0 0.60234375 0.14921875 0.1890625 0.184375
0 0.825 0.3875 0.2453125 0.1421875
0 0.66171875 0.46484375 0.1046875 0.06875
0 0.69453125 0.53515625 0.1203125 0.0921875
0 0.51171875 0.44296875 0.06875 0.0625
0 0.80625 0.01875 0.15 0.0375
0 0.4625 0.028125 0.0625 0.05625
0 0.471875 0.07578125 0.0703125 0.0703125
0 0.35859375 0.09375 0.0671875 0.0921875
0 0.3453125 0.31875 0.08125 0.11875
0 0.265625 0.66015625 0.1359375 0.103125
0 0.11953125 0.55234375 0.1015625 0.0890625
0 0.49609375 0.1515625 0.071875 0.0640625
0 0.8109375 0.50234375 0.0984375 0.059375