0 0.43359375 0.36015625 0.159375 0.184375
0 0.39296875 0.55703125 0.19375 0.2578125
0 0.33984375 0.73828125 0.1796875 0.2546875
0 0.16953125 0.4859375 0.1734375 0.18125
0 0.1609375 0.3015625 0.184375 0.1890625
0 0.05390625 0.3375 0.0921875 0.15
0 0.2578125 0.13671875 0.096875 0.1234375
0 0.22421875 0.021875 0.1015625 0.04375
0 0.7359375 0.59140625 0.2078125 0.3046875
0 0.69765625 0.78515625 0.153125 0.3375
0 0.7421875 0.125 0.04375 0.05625
0 0.678125 0.1359375 0.0484375 0.0625
0 0.6765625 0.09375 0.0328125 0.0453125
0 0.57578125 0.10859375 0.05 0.0609375
0 0.62421875 0.17734375 0.05 0.05
0 0.63515625 0.37734375 0.05 0.0609375
0 0.696875 0.35703125 0.04375 0.0515625
0 0.9171875 0.78125 0.0609375 0.0953125
0 0.6375 0.72421875 0.0609375 0.078125
0 0.6515625 0.6390625 0.0421875 0.0703125
0 0.56015625 0.54765625 0.053125 0.10625
0 0.4578125 0.4859375 0.046875 0.0734375
0 0.12890625 0.82734375 0.1796875 0.265625