0 0.51171875 0.15390625 0.090625 0.134375
0 0.3375 0.1203125 0.1734375 0.2046875
0 0.16640625 0.446875 0.0859375 0.14375
0 0.0625 0.59140625 0.06875 0.146875
0 0.11953125 0.71640625 0.0828125 0.1796875
0 0.19765625 0.67109375 0.1109375 0.2109375
0 0.28828125 0.64921875 0.0921875 0.1578125
0 0.32734375 0.60703125 0.1421875 0.203125
0 0.403125 0.56328125 0.1484375 0.18125
0 0.49921875 0.49453125 0.2046875 0.2234375
0 0.40390625 0.33515625 0.165625 0.165625
0 0.2984375 0.3 0.1 0.1109375
0 0.26015625 0.42890625 0.1015625 0.2140625
0 0.33828125 0.22265625 0.04375 0.0875
0 0.453125 0.27265625 0.146875 0.1609375
0 0.55859375 0.1578125 0.0890625 0.109375
0 0.4375 0.14765625 0.0796875 0.1046875
0 0.83359375 0.2796875 0.10625 0.115625
0 0.75078125 0.165625 0.053125 0.0734375
0 0.734375 0.23203125 0.0546875 0.0546875
0 0.6828125 0.184375 0.065625 0.0609375
0 0.7015625 0.56328125 0.109375 0.1265625