0 0.68125 0.57265625 0.078125 0.0984375
0 0.75546875 0.48046875 0.1 0.109375
0 0.7953125 0.28515625 0.0640625 0.0859375
0 0.746875 0.228125 0.1 0.0890625
0 0.603125 0.26796875 0.109375 0.146875
0 0.621875 0.103125 0.10625 0.1109375
0 0.54453125 0.19296875 0.0921875 0.1390625
0 0.5859375 0.396875 0.071875 0.0796875
0 0.62890625 0.6015625 0.0828125 0.128125
0 0.29921875 0.1765625 0.13125 0.109375
0 0.23125 0.28203125 0.1234375 0.171875
0 0.128125 0.39375 0.0796875 0.090625
0 0.01953125 0.3296875 0.0390625 0.171875
0 0.3734375 0.6671875 0.0578125 0.1015625
0 0.36015625 0.55546875 0.0609375 0.090625
0 0.4578125 0.48515625 0.0984375 0.1046875
0 0.29140625 0.6515625 0.0546875 0.090625
0 0.246875 0.6171875 0.0453125 0.065625
0 0.1171875 0.67109375 0.0546875 0.090625
0 0.64609375 0.39296875 0.0625 0.0890625
0 0.7015625 0.3421875 0.0453125 0.059375
0 0.5671875 0.453125 0.075 0.0640625
0 0.31171875 0.2546875 0.065625 0.08125