0 0.103125 0.1703125 0.20625 0.19375
0 0.17109375 0.31953125 0.2203125 0.1921875
0 0.2 0.78828125 0.2640625 0.21875
0 0.121875 0.61875 0.1765625 0.1234375
0 0.12890625 0.70546875 0.196875 0.1375
0 0.4390625 0.56171875 0.128125 0.2234375
0 0.453125 0.65 0.1546875 0.165625
0 0.44375 0.8953125 0.24375 0.209375
0 0.203125 0.909375 0.1953125 0.178125
0 0.27890625 0.959375 0.1703125 0.08125
0 0.503125 0.1859375 0.1484375 0.2
0 0.49140625 0.30625 0.15625 0.13125
0 0.48359375 0.37734375 0.16875 0.15625
0 0.8328125 0.38515625 0.159375 0.246875
0 0.753125 0.77734375 0.13125 0.0953125
0 0.590625 0.8859375 0.140625 0.175
0 0.62578125 0.92421875 0.1484375 0.1421875
0 0.7046875 0.6796875 0.0703125 0.171875
0 0.60703125 0.5921875 0.0734375 0.159375
0 0.5671875 0.63046875 0.0828125 0.1390625
0 0.57734375 0.25 0.090625 0.1203125
0 0.58515625 0.1390625 0.121875 0.15
0 0.396875 0.07578125 0.0796875 0.1171875
0 0.30859375 0.13203125 0.1609375 0.1609375
0 0.2875 0.30546875 0.103125 0.1203125
0 0.096875 0.44453125 0.1375 0.153125
0 0.271875 0.403125 0.1109375 0.1390625
0 0.234375 0.4375 0.1296875 0.1546875
0 0.58671875 0.0484375 0.0703125 0.096875
0 0.72734375 0.01796875 0.0609375 0.0359375
0 0.8015625 0.11171875 0.15 0.15
0 0.74453125 0.3296875 0.1203125 0.1484375
0 0.78203125 0.23203125 0.1171875 0.109375
0 0.921875 0.32734375 0.0734375 0.190625
0 0.78828125 0.53984375 0.071875 0.2109375
0 0.93046875 0.74296875 0.1390625 0.1359375
0 0.95078125 0.64609375 0.0984375 0.1203125
0 0.4578125 0.83046875 0.0625 0.15
0 0.4296875 0.76328125 0.1328125 0.1328125
0 0.6609375 0.25703125 0.10625 0.278125
0 0.9296875 0.8578125 0.1203125 0.171875