0 0.06328125 0.78359375 0.1265625 0.1390625
0 0.39140625 0.3640625 0.0625 0.13125
0 0.41875 0.0671875 0.0609375 0.0671875
0 0.46640625 0.10546875 0.0625 0.11875
0 0.51953125 0.109375 0.04375 0.078125
0 0.596875 0.04921875 0.071875 0.0890625
0 0.62421875 0.14765625 0.0578125 0.090625
0 0.73828125 0.221875 0.0671875 0.090625
0 0.60078125 0.30078125 0.0703125 0.0828125
0 0.6921875 0.31796875 0.08125 0.071875
0 0.58203125 0.49765625 0.053125 0.078125
0 0.65546875 0.50390625 0.0640625 0.0578125
0 0.68203125 0.56328125 0.0734375 0.065625
0 0.6546875 0.62890625 0.0828125 0.0734375
0 0.55625 0.66640625 0.0484375 0.0890625
0 0.53125 0.85 0.0421875 0.09375
0 0.62890625 0.94921875 0.034375 0.0734375
0 0.6828125 0.7875 0.05625 0.0609375
0 0.8015625 0.50859375 0.05625 0.0828125
0 0.903125 0.5578125 0.0578125 0.053125
0 0.86015625 0.67265625 0.0375 0.0609375
0 0.86640625 0.75234375 0.0453125 0.0484375
0 0.85703125 0.94765625 0.06875 0.0796875
0 0.97421875 0.6171875 0.0390625 0.0625
0 0.9484375 0.51796875 0.0546875 0.075
0 0.7625 0.68984375 0.0609375 0.071875
0 0.5296875 0.63828125 0.0453125 0.0625
0 0.45703125 0.3875 0.05625 0.1078125
0 0.703125 0.09140625 0.0375 0.06875
0 0.73359375 0.09921875 0.0421875 0.0640625
0 0.63125 0.03984375 0.053125 0.0625
0 0.50234375 0.021875 0.0328125 0.04375