0 0.06328125 0.40625 0.1265625 0.196875
0 0.046875 0.590625 0.09375 0.1640625
0 0.41328125 0.76640625 0.1921875 0.25
0 0.6515625 0.61328125 0.178125 0.171875
0 0.6328125 0.775 0.134375 0.21875
0 0.64453125 0.88671875 0.1296875 0.21875
0 0.70390625 0.8421875 0.15 0.1421875
0 0.91875 0.8796875 0.1234375 0.2046875
0 0.9796875 0.89765625 0.040625 0.1578125
0 0.80859375 0.6703125 0.08125 0.1296875
0 0.88984375 0.5328125 0.1421875 0.15
0 0.73984375 0.52265625 0.103125 0.1140625
0 0.6328125 0.4859375 0.1203125 0.10625
0 0.178125 0.38125 0.0875 0.15
0 0.2296875 0.87578125 0.1875 0.2484375
0 0.34140625 0.3859375 0.078125 0.115625
0 0.48828125 0.26171875 0.0390625 0.0984375
0 0.43203125 0.07734375 0.0421875 0.0984375
0 0.30078125 0.2296875 0.040625 0.0890625
0 0.57265625 0.0421875 0.0765625 0.084375
0 0.68046875 0.03828125 0.046875 0.0578125
0 0.54921875 0.28125 0.078125 0.0796875
0 0.6921875 0.16796875 0.040625 0.075
0 0.11171875 0.3375 0.06875 0.128125
0 0.38203125 0.54375 0.0546875 0.15
0 0.440625 0.4421875 0.0921875 0.1265625
0 0.3671875 0.28203125 0.0609375 0.075