0 0.540625 0.675 0.2359375 0.190625
0 0.58515625 0.7640625 0.203125 0.1578125
0 0.66796875 0.80546875 0.1265625 0.18125
0 0.7140625 0.66640625 0.10625 0.103125
0 0.91875 0.68828125 0.121875 0.2609375
0 0.93671875 0.45390625 0.1265625 0.1921875
0 0.8546875 0.6390625 0.140625 0.1234375
0 0.840625 0.52890625 0.1171875 0.2203125
0 0.8609375 0.3359375 0.1109375 0.1125
0 0.9234375 0.2859375 0.071875 0.15625
0 0.853125 0.234375 0.0890625 0.140625
0 0.8125 0.0625 0.165625 0.125
0 0.7140625 0.20390625 0.1625 0.2109375
0 0.61171875 0.4015625 0.196875 0.196875
0 0.55859375 0.4828125 0.1890625 0.1953125
0 0.42109375 0.49140625 0.2515625 0.271875
0 0.83828125 0.9078125 0.121875 0.1046875
0 0.81484375 0.734375 0.0640625 0.1203125
0 0.13984375 0.9390625 0.1484375 0.121875
0 0.46875 0.88359375 0.0734375 0.065625
0 0.1890625 0.3796875 0.059375 0.0625
0 0.0359375 0.4953125 0.053125 0.0671875
0 0.19296875 0.5921875 0.040625 0.0515625