0 0.20078125 0.3703125 0.1359375 0.1265625
0 0.88125 0.48203125 0.1015625 0.1390625
0 0.62421875 0.50703125 0.0984375 0.1203125
0 0.74921875 0.77109375 0.0765625 0.1390625
0 0.8140625 0.75234375 0.084375 0.0984375
0 0.64609375 0.7171875 0.0796875 0.071875
0 0.6125 0.61484375 0.0703125 0.1046875
0 0.51953125 0.61796875 0.1 0.1125
0 0.48828125 0.659375 0.115625 0.128125
0 0.42578125 0.528125 0.109375 0.1328125
0 0.43125 0.44140625 0.084375 0.0984375
0 0.375 0.44453125 0.059375 0.084375
0 0.32421875 0.4265625 0.06875 0.0734375
0 0.25625 0.5125 0.0859375 0.0828125
0 0.3296875 0.58046875 0.0640625 0.103125
0 0.275 0.56640625 0.06875 0.090625
0 0.2015625 0.540625 0.0734375 0.071875
0 0.16796875 0.50390625 0.053125 0.0421875
0 0.07109375 0.54375 0.071875 0.0796875
0 0.18046875 0.5953125 0.0609375 0.071875
0 0.23984375 0.728125 0.05625 0.0875
0 0.10859375 0.8125 0.1171875 0.146875
0 0.0515625 0.66015625 0.075 0.1125
0 0.3453125 0.78125 0.1125 0.1390625
0 0.52421875 0.81171875 0.1046875 0.1328125
0 0.78125 0.5609375 0.065625 0.065625