0 0.671875 0.81953125 0.1296875 0.1296875
0 0.82890625 0.76171875 0.140625 0.1421875
0 0.928125 0.66484375 0.1140625 0.13125
0 0.9046875 0.5046875 0.1890625 0.159375
0 0.90625 0.39296875 0.1875 0.1578125
0 0.98828125 0.3921875 0.0234375 0.134375
0 0.9171875 0.29609375 0.165625 0.1453125
0 0.9734375 0.23125 0.053125 0.134375
0 0.90078125 0.1515625 0.1984375 0.159375
0 0.7390625 0.11796875 0.1984375 0.1578125
0 0.559375 0.515625 0.1515625 0.1609375
0 0.45234375 0.575 0.1703125 0.1625
0 0.4765625 0.884375 0.103125 0.1109375
0 0.428125 0.78671875 0.1171875 0.134375
0 0.1640625 0.8578125 0.1 0.146875
0 0.5640625 0.7875 0.0796875 0.0875
0 0.2671875 0.31640625 0.1578125 0.1359375
0 0.1734375 0.50625 0.1421875 0.19375
0 0.1125 0.640625 0.146875 0.184375
0 0.08359375 0.42890625 0.1671875 0.2015625
0 0.08203125 0.25390625 0.0984375 0.1453125
0 0.13125 0.2234375 0.1703125 0.153125
0 0.2 0.20859375 0.2078125 0.1921875
0 0.2703125 0.121875 0.1625 0.15
0 0.23515625 0.02578125 0.1296875 0.0515625
0 0.16796875 0.01953125 0.1140625 0.0390625
0 0.3296875 0.028125 0.134375 0.05625
0 0.428125 0.06796875 0.153125 0.1359375
0 0.4828125 0.190625 0.1453125 0.1390625
0 0.478125 0.39765625 0.159375 0.1421875
0 0.6375 0.3453125 0.1703125 0.1703125
0 0.6984375 0.284375 0.1546875 0.178125
0 0.7359375 0.5765625 0.15 0.1484375
0 0.70546875 0.69296875 0.159375 0.165625