0 0.6234375 0.38671875 0.053125 0.0828125
0 0.60078125 0.58203125 0.0453125 0.0546875
0 0.26171875 0.7546875 0.1 0.1390625
0 0.3328125 0.840625 0.096875 0.0828125
0 0.01796875 0.74296875 0.0359375 0.1359375
0 0.63671875 0.725 0.0578125 0.0921875
0 0.58046875 0.80859375 0.059375 0.1109375
0 0.66796875 0.8859375 0.0859375 0.1
0 0.76640625 0.490625 0.0609375 0.071875
0 0.78046875 0.73671875 0.0859375 0.0734375
0 0.45546875 0.52578125 0.06875 0.0734375
0 0.5703125 0.5359375 0.071875 0.059375
0 0.66796875 0.40390625 0.0515625 0.05625
0 0.8203125 0.68046875 0.0515625 0.059375
0 0.73203125 0.9625 0.0359375 0.075
0 0.3546875 0.45546875 0.0296875 0.078125
0 0.65234375 0.5828125 0.0453125 0.05625
0 0.2359375 0.4140625 0.03125 0.04375
0 0.13671875 0.66015625 0.0625 0.0734375