0 0.66796875 0.83828125 0.3078125 0.278125
0 0.51640625 0.9109375 0.1859375 0.178125
0 0.4109375 0.9359375 0.14375 0.128125
0 0.27734375 0.86015625 0.2 0.2640625
0 0.17734375 0.92890625 0.1765625 0.1421875
0 0.13359375 0.7109375 0.2609375 0.3390625
0 0.08515625 0.46015625 0.1703125 0.2015625
0 0.05703125 0.3875 0.1140625 0.1875
0 0.09765625 0.1484375 0.1953125 0.2125
0 0.1859375 0.0953125 0.265625 0.165625
0 0.5078125 0.22265625 0.421875 0.328125
0 0.7828125 0.33203125 0.253125 0.3
0 0.86328125 0.12578125 0.2359375 0.209375
0 0.94375 0.38828125 0.10625 0.1390625
0 0.903125 0.5890625 0.19375 0.184375
0 0.75 0.509375 0.3375 0.2875
0 0.50703125 0.51953125 0.2015625 0.2390625
0 0.95703125 0.72734375 0.0859375 0.1953125
0 0.86796875 0.87265625 0.1765625 0.1640625
0 0.809375 0.771875 0.2296875 0.209375
0 0.6609375 0.70234375 0.146875 0.165625
0 0.44375 0.7375 0.3 0.278125
0 0.296875 0.67734375 0.1109375 0.1484375
0 0.29921875 0.48984375 0.346875 0.3921875
0 0.07109375 0.47421875 0.1421875 0.2171875
0 0.6859375 0.08671875 0.1375 0.1734375