0 0.48125 0.70234375 0.1328125 0.11875
0 0.51484375 0.91015625 0.1265625 0.1296875
0 0.6671875 0.90390625 0.11875 0.0984375
0 0.7703125 0.934375 0.078125 0.090625
0 0.8515625 0.94453125 0.0734375 0.084375
0 0.784375 0.71640625 0.0921875 0.0671875
0 0.69921875 0.621875 0.0890625 0.075
0 0.83046875 0.56328125 0.0921875 0.0578125
0 0.95703125 0.534375 0.0859375 0.078125
0 0.8359375 0.6125 0.0625 0.0453125
0 0.92109375 0.7296875 0.1125 0.10625
0 0.97109375 0.71171875 0.0578125 0.0953125
0 0.36171875 0.778125 0.134375 0.1015625
0 0.3609375 0.5046875 0.1140625 0.1109375
0 0.07265625 0.7890625 0.1375 0.1203125
0 0.1578125 0.846875 0.065625 0.071875
0 0.20078125 0.96328125 0.0984375 0.0734375
0 0.3265625 0.96953125 0.096875 0.0609375
0 0.28515625 0.87109375 0.078125 0.084375
0 0.16875 0.690625 0.0921875 0.0796875
0 0.08125 0.30859375 0.15625 0.121875