0 0.41953125 0.42265625 0.0828125 0.103125
0 0.45703125 0.4703125 0.075 0.0625
0 0.5078125 0.54140625 0.0765625 0.05
0 0.528125 0.65625 0.071875 0.0515625
0 0.475 0.6203125 0.0546875 0.053125
0 0.35703125 0.66171875 0.0453125 0.0765625
0 0.2546875 0.68515625 0.071875 0.04375
0 0.0921875 0.61328125 0.053125 0.109375
0 0.1859375 0.54296875 0.040625 0.059375
0 0.17890625 0.2484375 0.06875 0.071875
0 0.39921875 0.3078125 0.0765625 0.1046875
0 0.26875 0.25859375 0.0578125 0.09375
0 0.6109375 0.475 0.053125 0.0609375
0 0.65390625 0.3359375 0.06875 0.0765625
0 0.96015625 0.028125 0.059375 0.0421875
0 0.8328125 0.57578125 0.0453125 0.06875