0 0.58046875 0.61484375 0.0921875 0.0703125
0 0.44453125 0.71953125 0.1015625 0.09375
0 0.5125 0.8953125 0.084375 0.115625
0 0.21640625 0.83828125 0.1171875 0.075
0 0.0796875 0.703125 0.090625 0.0546875
0 0.66015625 0.51015625 0.078125 0.075
0 0.478125 0.4453125 0.0765625 0.0515625
0 0.346875 0.5875 0.125 0.096875
0 0.640625 0.8640625 0.06875 0.0578125
0 0.58984375 0.81640625 0.08125 0.0578125
0 0.7078125 0.69609375 0.0640625 0.065625
0 0.89140625 0.890625 0.0796875 0.0875
0 0.82734375 0.64453125 0.1109375 0.1046875
0 0.775 0.51484375 0.1078125 0.0671875
0 0.76328125 0.40390625 0.084375 0.078125