0 0.3609375 0.79453125 0.1828125 0.1484375
0 0.50546875 0.9015625 0.171875 0.1265625
0 0.4328125 0.74375 0.225 0.1890625
0 0.44296875 0.6421875 0.1796875 0.1125
0 0.28515625 0.571875 0.1703125 0.175
0 0.2 0.5453125 0.128125 0.0734375
0 0.3515625 0.41484375 0.1734375 0.1328125
0 0.33984375 0.33359375 0.1703125 0.1046875
0 0.31484375 0.48359375 0.159375 0.1328125
0 0.36796875 0.27421875 0.1125 0.134375
0 0.4265625 0.5046875 0.1390625 0.1515625
0 0.4640625 0.43046875 0.1484375 0.1546875
0 0.5734375 0.403125 0.18125 0.1671875
0 0.70390625 0.553125 0.153125 0.11875
0 0.625 0.6109375 0.1859375 0.1515625
0 0.60234375 0.70546875 0.15625 0.1359375
0 0.75 0.6265625 0.1578125 0.1265625
0 0.778125 0.80390625 0.1578125 0.1328125