0 0.93828125 0.134375 0.09375 0.1671875
0 0.84921875 0.38671875 0.178125 0.1203125
0 0.96875 0.496875 0.0625 0.08125
0 0.9265625 0.64921875 0.146875 0.0765625
0 0.6953125 0.32421875 0.115625 0.1078125
0 0.52734375 0.3734375 0.1109375 0.0828125
0 0.50078125 0.1609375 0.065625 0.0578125
0 0.43515625 0.10390625 0.065625 0.065625
0 0.48515625 0.04296875 0.0734375 0.0734375
0 0.42734375 0.021875 0.0671875 0.040625
0 0.1078125 0.09765625 0.215625 0.1671875
0 0.1078125 0.17890625 0.1296875 0.1375
0 0.275 0.41640625 0.1640625 0.1359375
0 0.1578125 0.28828125 0.16875 0.1078125
0 0.146875 0.35859375 0.1171875 0.121875
0 0.203125 0.45234375 0.1296875 0.0875
0 0.16484375 0.70078125 0.15625 0.103125
0 0.23203125 0.57890625 0.0546875 0.0671875
0 0.3125 0.53984375 0.078125 0.0671875
0 0.4203125 0.5328125 0.0765625 0.084375
0 0.4265625 0.4859375 0.04375 0.0609375
0 0.390625 0.3234375 0.0625 0.1015625
0 0.32265625 0.221875 0.0875 0.053125
0 0.29921875 0.14296875 0.084375 0.0875
0 0.36328125 0.0453125 0.0453125 0.0796875
0 0.48203125 0.2984375 0.071875 0.05625
0 0.6234375 0.1921875 0.08125 0.0953125
0 0.6078125 0.54609375 0.090625 0.0921875
0 0.07109375 0.465625 0.0984375 0.0796875
0 0.09765625 0.57109375 0.0703125 0.0890625