0 0.50859375 0.91171875 0.2234375 0.1765625
0 0.37890625 0.834375 0.203125 0.2078125
0 0.084375 0.82734375 0.125 0.1359375
0 0.09375 0.69140625 0.1875 0.1640625
0 0.2515625 0.784375 0.1875 0.1578125
0 0.27734375 0.66015625 0.2046875 0.171875
0 0.1984375 0.58984375 0.2015625 0.1453125
0 0.359375 0.45234375 0.1984375 0.178125
0 0.46875 0.490625 0.1546875 0.178125
0 0.396875 0.503125 0.1375 0.1578125
0 0.621875 0.38984375 0.1984375 0.153125
0 0.603125 0.49375 0.1890625 0.1171875
0 0.5375 0.55546875 0.175 0.175
0 0.60546875 0.58046875 0.1671875 0.1640625
0 0.584375 0.6609375 0.16875 0.15
0 0.44609375 0.715625 0.159375 0.1796875
0 0.7859375 0.72109375 0.153125 0.1921875
0 0.89765625 0.578125 0.2046875 0.1359375
0 0.7140625 0.59921875 0.1578125 0.1296875
0 0.30234375 0.93984375 0.171875 0.096875