0 0.53203125 0.315625 0.1796875 0.215625
0 0.58203125 0.19453125 0.1453125 0.2515625
0 0.77734375 0.31953125 0.1765625 0.1921875
0 0.815625 0.1171875 0.2015625 0.2203125
0 0.684375 0.1265625 0.1734375 0.1671875
0 0.33984375 0.33515625 0.196875 0.2859375
0 0.63203125 0.6109375 0.178125 0.3171875
0 0.4171875 0.5609375 0.1234375 0.1953125
0 0.38515625 0.8875 0.1546875 0.225
0 0.4203125 0.875 0.1625 0.25
0 0.259375 0.87890625 0.15625 0.2421875
0 0.22109375 0.58515625 0.1609375 0.165625
0 0.21875 0.53125 0.146875 0.184375
0 0.1015625 0.34140625 0.175 0.2078125
0 0.7328125 0.5390625 0.1984375 0.2625