0 0.32421875 0.06796875 0.1296875 0.1359375
0 0.4671875 0.10859375 0.1140625 0.1171875
0 0.23671875 0.13125 0.15 0.15
0 0.1296875 0.1640625 0.1265625 0.1140625
0 0.0984375 0.21953125 0.13125 0.10625
0 0.0765625 0.30078125 0.1171875 0.1234375
0 0.0328125 0.434375 0.065625 0.103125
0 0.02578125 0.49609375 0.0515625 0.0859375
0 0.08359375 0.525 0.1671875 0.1875
0 0.04765625 0.68828125 0.0953125 0.1828125
0 0.03046875 0.8140625 0.0609375 0.234375
0 0.07421875 0.75859375 0.146875 0.21875
0 0.103125 0.853125 0.1640625 0.196875
0 0.2 0.815625 0.1671875 0.2984375
0 0.30625 0.396875 0.1296875 0.209375
0 0.1609375 0.38359375 0.2046875 0.18125
0 0.2953125 0.28203125 0.1421875 0.18125
0 0.4421875 0.27421875 0.175 0.2171875
0 0.36015625 0.4265625 0.1734375 0.2578125
0 0.42109375 0.42578125 0.140625 0.140625
0 0.4046875 0.54375 0.1421875 0.21875
0 0.534375 0.49921875 0.16875 0.246875
0 0.59921875 0.35625 0.1765625 0.190625
0 0.57890625 0.18125 0.165625 0.2375
0 0.55 0.03671875 0.103125 0.0734375
0 0.678125 0.0546875 0.1265625 0.08125
0 0.75703125 0.090625 0.06875 0.1171875
0 0.8296875 0.084375 0.096875 0.0875
0 0.95390625 0.52109375 0.0921875 0.1546875
0 0.96875 0.40703125 0.0625 0.1453125
0 0.88359375 0.3890625 0.1515625 0.2375
0 0.95546875 0.13359375 0.0890625 0.1421875
0 0.6265625 0.7328125 0.1015625 0.228125
0 0.7375 0.84375 0.1 0.2234375
0 0.86875 0.90390625 0.11875 0.1921875
0 0.515625 0.89921875 0.125 0.2015625
0 0.4921875 0.878125 0.10625 0.209375
0 0.5625 0.6359375 0.1078125 0.20625
0 0.68828125 0.515625 0.1125 0.128125
0 0.79765625 0.45 0.0796875 0.0984375
0 0.31015625 0.8015625 0.0921875 0.234375
0 0.1890625 0.60390625 0.1890625 0.2
0 0.3828125 0.7921875 0.1140625 0.1984375