0 0.4515625 0.31953125 0.05 0.0953125
0 0.42734375 0.3359375 0.0515625 0.084375
0 0.78125 0.62265625 0.0625 0.1203125
0 0.82734375 0.67109375 0.05 0.1265625
0 0.9109375 0.75 0.04375 0.1015625
0 0.9765625 0.49609375 0.034375 0.1171875
0 0.66328125 0.2578125 0.05 0.075
0 0.59609375 0.3078125 0.0328125 0.08125
0 0.7375 0.48125 0.053125 0.0875
0 0.6171875 0.56015625 0.04375 0.109375
0 0.703125 0.7671875 0.0453125 0.0875
0 0.3 0.23671875 0.04375 0.1234375
0 0.1765625 0.190625 0.0546875 0.0765625
0 0.034375 0.10234375 0.05625 0.08125
0 0.225 0.178125 0.0375 0.059375
0 0.53203125 0.4953125 0.0484375 0.090625
0 0.8265625 0.8109375 0.0546875 0.0796875
0 0.346875 0.33125 0.0296875 0.053125
0 0.60625 0.696875 0.0375 0.0671875
0 0.5828125 0.87890625 0.025 0.0703125
0 0.32734375 0.36640625 0.053125 0.053125
0 0.459375 0.5296875 0.040625 0.0734375