0 0.79375 0.228125 0.1515625 0.109375
0 0.97578125 0.33984375 0.0484375 0.1109375
0 0.63203125 0.4046875 0.103125 0.1234375
0 0.7296875 0.796875 0.11875 0.1828125
0 0.128125 0.40546875 0.25625 0.2234375
0 0.16484375 0.2296875 0.2234375 0.1796875
0 0.2359375 0.115625 0.146875 0.159375
0 0.30625 0.06875 0.10625 0.1078125
0 0.159375 0.01875 0.096875 0.0375
0 0.565625 0.08125 0.1078125 0.1140625
0 0.42421875 0.3765625 0.05625 0.08125
0 0.46953125 0.52578125 0.0796875 0.09375
0 0.82734375 0.49140625 0.0984375 0.0703125
0 0.86875 0.5765625 0.10625 0.1109375
0 0.33203125 0.30078125 0.0859375 0.0828125