0 0.5046875 0.2640625 0.134375 0.115625
0 0.5140625 0.45546875 0.178125 0.1375
0 0.428125 0.63828125 0.0875 0.0734375
0 0.56953125 0.578125 0.0984375 0.0828125
0 0.26484375 0.23125 0.1046875 0.0625
0 0.61875 0.06875 0.078125 0.0859375
0 0.634375 0.028125 0.0703125 0.0453125
0 0.69453125 0.05703125 0.0875 0.0578125
0 0.69296875 0.08984375 0.096875 0.071875
0 0.65234375 0.12734375 0.065625 0.05
0 0.75625 0.240625 0.1140625 0.1015625
0 0.7640625 0.38046875 0.0671875 0.103125
0 0.78046875 0.4515625 0.071875 0.05625
0 0.7265625 0.4765625 0.065625 0.0640625
0 0.65703125 0.39296875 0.09375 0.06875
0 0.609375 0.45234375 0.08125 0.06875
0 0.70078125 0.540625 0.075 0.0609375
0 0.88671875 0.5796875 0.1109375 0.0734375
0 0.84765625 0.52265625 0.1375 0.0828125
0 0.928125 0.75 0.1171875 0.103125