0 0.58359375 0.70546875 0.1484375 0.1453125
0 0.5953125 0.9109375 0.1484375 0.1484375
0 0.4515625 0.93046875 0.1140625 0.1109375
0 0.36015625 0.953125 0.0890625 0.09375
0 0.10390625 0.78046875 0.1375 0.1234375
0 0.0578125 0.61640625 0.1046875 0.1125
0 0.20703125 0.61796875 0.09375 0.0890625
0 0.18515625 0.66875 0.059375 0.0515625
0 0.2671875 0.7625 0.0984375 0.08125
0 0.31015625 0.66171875 0.109375 0.0953125
0 0.51015625 0.48046875 0.0765625 0.0765625
0 0.62421875 0.47734375 0.1203125 0.109375
0 0.71640625 0.6171875 0.121875 0.134375
0 0.66953125 0.7640625 0.1265625 0.1265625
0 0.7515625 0.92265625 0.090625 0.0921875
0 0.86796875 0.8984375 0.0765625 0.096875
0 0.88515625 0.7703125 0.0828125 0.0953125
0 0.94765625 0.68671875 0.1046875 0.1265625
0 0.8796875 0.62734375 0.103125 0.071875
0 0.89609375 0.51171875 0.1546875 0.096875
0 0.86875 0.50859375 0.10625 0.05625
0 0.821875 0.2609375 0.14375 0.0890625
0 0.75078125 0.39140625 0.0578125 0.05
0 0.74921875 0.47421875 0.05625 0.0625
0 0.40234375 0.4421875 0.0828125 0.0671875
0 0.26796875 0.41875 0.0703125 0.0734375
0 0.4328125 0.56171875 0.0609375 0.0578125
0 0.496875 0.6671875 0.0359375 0.0796875
0 0.534375 0.89609375 0.053125 0.0734375
0 0.54921875 0.96171875 0.0703125 0.0765625
0 0.15703125 0.97890625 0.0796875 0.0421875
0 0.171875 0.78828125 0.0984375 0.075