0 0.55078125 0.603125 0.0828125 0.1109375
0 0.55546875 0.53125 0.08125 0.09375
0 0.03671875 0.4453125 0.0734375 0.11875
0 0.28984375 0.1734375 0.1109375 0.1171875
0 0.34765625 0.3359375 0.0671875 0.0921875
0 0.42109375 0.2421875 0.115625 0.15
0 0.4296875 0.303125 0.06875 0.0921875
0 0.68984375 0.4859375 0.10625 0.08125
0 0.63515625 0.4046875 0.109375 0.1390625
0 0.74453125 0.440625 0.0609375 0.08125
0 0.79609375 0.2078125 0.071875 0.0828125
0 0.853125 0.18984375 0.09375 0.10625
0 0.89921875 0.340625 0.065625 0.0625
0 0.90546875 0.42109375 0.0484375 0.0875
0 0.803125 0.48828125 0.053125 0.0703125
0 0.7375 0.615625 0.0984375 0.11875
0 0.35078125 0.465625 0.04375 0.071875
0 0.28984375 0.25703125 0.075 0.0953125
0 0.11875 0.21796875 0.075 0.0828125
0 0.75703125 0.34765625 0.08125 0.103125
0 0.63046875 0.2 0.05 0.1046875
0 0.51015625 0.30625 0.0609375 0.0859375
0 0.5140625 0.47734375 0.078125 0.0921875