0 0.45390625 0.17578125 0.2296875 0.215625
0 0.27890625 0.4953125 0.2296875 0.3015625
0 0.18984375 0.81796875 0.184375 0.278125
0 0.3078125 0.734375 0.1296875 0.2921875
0 0.36796875 0.85703125 0.1734375 0.2859375
0 0.4875 0.7140625 0.0984375 0.3078125
0 0.6 0.69140625 0.0890625 0.409375
0 0.70859375 0.43671875 0.128125 0.1421875
0 0.91953125 0.25234375 0.1546875 0.15625
0 0.8953125 0.71328125 0.071875 0.290625
0 0.784375 0.58203125 0.0421875 0.225
0 0.7171875 0.80703125 0.1 0.203125
0 0.784375 0.8640625 0.0453125 0.2625
0 0.56171875 0.29765625 0.1171875 0.246875
0 0.25078125 0.23125 0.171875 0.25625
0 0.15078125 0.26875 0.16875 0.246875
0 0.11328125 0.5796875 0.1609375 0.2515625
0 0.42109375 0.45390625 0.1125 0.346875