0 0.6421875 0.2921875 0.1375 0.1453125
0 0.43359375 0.371875 0.2734375 0.1671875
0 0.6328125 0.525 0.125 0.13125
0 0.48359375 0.67109375 0.2546875 0.1953125
0 0.3265625 0.15546875 0.2453125 0.21875
0 0.4046875 0.12421875 0.18125 0.11875
0 0.271875 0.40859375 0.1015625 0.0671875
0 0.34765625 0.528125 0.059375 0.065625
0 0.39765625 0.5921875 0.0859375 0.0703125
0 0.40859375 0.5046875 0.053125 0.0625
0 0.290625 0.30078125 0.0921875 0.06875
0 0.27890625 0.51953125 0.0609375 0.0546875
0 0.29140625 0.48828125 0.0828125 0.05
0 0.84296875 0.42421875 0.0578125 0.053125
0 0.94765625 0.5203125 0.1046875 0.08125
0 0.83515625 0.37109375 0.0796875 0.0640625
0 0.9640625 0.21640625 0.046875 0.0484375
0 0.48125 0.2703125 0.0640625 0.071875
0 0.5765625 0.47421875 0.0625 0.0734375