0 0.57265625 0.346875 0.0984375 0.15625
0 0.6609375 0.48125 0.0703125 0.1328125
0 0.778125 0.78671875 0.115625 0.134375
0 0.61171875 0.64765625 0.0765625 0.1
0 0.61484375 0.85390625 0.1546875 0.1703125
0 0.44375 0.6984375 0.11875 0.115625
0 0.3125 0.55234375 0.11875 0.1515625
0 0.27109375 0.321875 0.0828125 0.159375
0 0.1734375 0.484375 0.08125 0.090625
0 0.06640625 0.63671875 0.1140625 0.1375
0 0.165625 0.70859375 0.153125 0.1328125
0 0.02578125 0.415625 0.0515625 0.146875
0 0.51640625 0.57578125 0.0578125 0.0859375
0 0.40859375 0.59609375 0.0734375 0.084375
0 0.4171875 0.446875 0.0796875 0.1015625
0 0.4796875 0.37734375 0.0609375 0.0859375
0 0.84609375 0.55703125 0.0609375 0.0890625
0 0.98125 0.8890625 0.0375 0.096875