0 0.5140625 0.49453125 0.1515625 0.146875
0 0.63671875 0.378125 0.18125 0.18125
0 0.68203125 0.3046875 0.1625 0.128125
0 0.40703125 0.41171875 0.15 0.13125
0 0.6296875 0.528125 0.1671875 0.109375
0 0.73671875 0.528125 0.134375 0.103125
0 0.7921875 0.4671875 0.071875 0.090625
0 0.72265625 0.63671875 0.125 0.1078125
0 0.52421875 0.6703125 0.140625 0.1234375
0 0.190625 0.73359375 0.15625 0.13125
0 0.46796875 0.58671875 0.140625 0.125
0 0.68515625 0.70078125 0.15625 0.11875
0 0.3375 0.10234375 0.1546875 0.13125