0 0.315625 0.88203125 0.16875 0.1328125
0 0.41484375 0.6375 0.0953125 0.1078125
0 0.50390625 0.65546875 0.0796875 0.075
0 0.625 0.57578125 0.05 0.078125
0 0.5265625 0.45390625 0.06875 0.0578125
0 0.83046875 0.428125 0.3234375 0.184375
0 0.84765625 0.5921875 0.159375 0.15
0 0.94296875 0.765625 0.1140625 0.1875
0 0.88984375 0.80234375 0.0796875 0.08125
0 0.603125 0.9171875 0.0875 0.0921875
0 0.4828125 0.96640625 0.08125 0.0671875
0 0.159375 0.37421875 0.0875 0.1015625
0 0.58671875 0.48046875 0.05625 0.0625
0 0.79296875 0.75625 0.05625 0.0625
0 0.89765625 0.278125 0.140625 0.1109375
0 0.92890625 0.515625 0.1421875 0.1875
0 0.56171875 0.8390625 0.0796875 0.0875
0 0.715625 0.6015625 0.06875 0.0703125
0 0.1921875 0.66953125 0.090625 0.0859375
0 0.24375 0.8546875 0.0859375 0.084375
0 0.17734375 0.93125 0.10625 0.075
0 0.059375 0.67421875 0.0734375 0.06875
0 0.17578125 0.58671875 0.078125 0.0765625
0 0.32109375 0.54765625 0.0828125 0.0796875
0 0.3796875 0.709375 0.0578125 0.078125
0 0.69921875 0.72421875 0.053125 0.071875
0 0.62734375 0.6453125 0.0703125 0.06875