0 0.859375 0.58515625 0.1109375 0.1109375
0 0.85078125 0.13125 0.0734375 0.096875
0 0.9078125 0.08828125 0.06875 0.08125
0 0.975 0.11953125 0.05 0.0890625
0 0.659375 0.6640625 0.0421875 0.0640625
0 0.63125 0.75234375 0.0640625 0.121875
0 0.6421875 0.484375 0.0765625 0.0828125
0 0.55078125 0.615625 0.0515625 0.090625
0 0.5578125 0.51796875 0.0453125 0.0765625
0 0.40625 0.74765625 0.046875 0.08125
0 0.43359375 0.8109375 0.0453125 0.0875
0 0.31171875 0.72421875 0.065625 0.08125
0 0.509375 0.78828125 0.0703125 0.08125