0 0.7984375 0.18828125 0.1609375 0.1125
0 0.83984375 0.2375 0.109375 0.0703125
0 0.8125 0.27890625 0.0875 0.084375
0 0.678125 0.57265625 0.1578125 0.16875
0 0.76640625 0.409375 0.08125 0.0734375
0 0.52421875 0.20859375 0.15 0.11875
0 0.43828125 0.16015625 0.140625 0.125
0 0.2796875 0.1140625 0.0875 0.0734375
0 0.16171875 0.17109375 0.240625 0.15
0 0.2328125 0.28671875 0.15 0.1390625
0 0.065625 0.4109375 0.1296875 0.109375
0 0.05390625 0.0296875 0.0921875 0.059375
0 0.42265625 0.028125 0.1296875 0.05625
0 0.59140625 0.08046875 0.090625 0.0890625
0 0.6375 0.13125 0.1203125 0.11875
0 0.525 0.32109375 0.165625 0.1140625
0 0.38984375 0.34296875 0.09375 0.0921875
0 0.346875 0.23515625 0.10625 0.1015625
0 0.56171875 0.5640625 0.0796875 0.090625
0 0.3390625 0.6921875 0.23125 0.1859375
0 0.45625 0.87578125 0.178125 0.0875
0 0.4078125 0.93515625 0.240625 0.1296875
0 0.90625 0.82734375 0.165625 0.1484375
0 0.9796875 0.33984375 0.040625 0.0859375
0 0.58359375 0.75390625 0.1125 0.121875
0 0.490625 0.49296875 0.1015625 0.075
0 0.6546875 0.353125 0.0546875 0.078125
0 0.72734375 0.35625 0.05 0.0609375
0 0.32890625 0.38046875 0.109375 0.065625
0 0.853125 0.40390625 0.0515625 0.078125
0 0.8046875 0.68125 0.08125 0.06875
0 0.72265625 0.678125 0.0609375 0.0796875
0 0.71015625 0.9734375 0.0859375 0.053125