0 0.25546875 0.06953125 0.2453125 0.1390625
0 0.42265625 0.02578125 0.1046875 0.0515625
0 0.58515625 0.13359375 0.065625 0.0578125
0 0.66015625 0.1140625 0.1078125 0.1125
0 0.78125 0.16875 0.146875 0.15
0 0.78984375 0.2984375 0.1625 0.1875
0 0.49375 0.22890625 0.134375 0.1078125
0 0.29921875 0.31953125 0.1125 0.1125
0 0.22578125 0.2015625 0.1078125 0.0921875
0 0.0890625 0.33828125 0.0796875 0.0859375
0 0.0859375 0.4921875 0.0921875 0.0921875
0 0.1796875 0.36015625 0.053125 0.046875
0 0.40078125 0.45859375 0.0765625 0.075
0 0.8578125 0.4671875 0.121875 0.090625
0 0.86171875 0.684375 0.1484375 0.1140625
0 0.60078125 0.34296875 0.1921875 0.203125
0 0.4984375 0.09765625 0.0609375 0.0640625