0 0.27265625 0.64609375 0.215625 0.16875
0 0.85703125 0.49609375 0.18125 0.15
0 0.878125 0.23203125 0.1515625 0.1125
0 0.9484375 0.3609375 0.0765625 0.0796875
0 0.71171875 0.61328125 0.1265625 0.1125
0 0.5609375 0.621875 0.109375 0.0875
0 0.4390625 0.6984375 0.0796875 0.0953125
0 0.38359375 0.90703125 0.0953125 0.0890625
0 0.5421875 0.90390625 0.0796875 0.065625
0 0.428125 0.89921875 0.0359375 0.05
0 0.6078125 0.94609375 0.084375 0.0703125
0 0.6375 0.84765625 0.0671875 0.0484375
0 0.590625 0.8203125 0.0828125 0.0921875
0 0.54453125 0.7421875 0.065625 0.046875
0 0.528125 0.7078125 0.071875 0.071875
0 0.14140625 0.40078125 0.109375 0.09375
0 0.2109375 0.496875 0.065625 0.084375
0 0.26796875 0.578125 0.121875 0.0875
0 0.303125 0.51171875 0.0765625 0.075
0 0.41171875 0.49921875 0.0828125 0.0765625
0 0.2328125 0.79296875 0.1484375 0.1203125
0 0.21796875 0.96328125 0.2296875 0.0734375