0 0.590625 0.19765625 0.184375 0.1578125
0 0.44921875 0.128125 0.1609375 0.13125
0 0.51875 0.26640625 0.19375 0.1734375
0 0.55234375 0.36015625 0.16875 0.1296875
0 0.203125 0.28125 0.1734375 0.134375
0 0.3953125 0.325 0.1625 0.121875
0 0.3859375 0.4265625 0.1625 0.128125
0 0.32578125 0.49453125 0.1546875 0.1125
0 0.465625 0.60078125 0.1734375 0.134375
0 0.565625 0.56640625 0.1375 0.13125
0 0.5625 0.459375 0.1375 0.121875
0 0.66875 0.3953125 0.1671875 0.15625
0 0.7984375 0.38671875 0.1140625 0.0984375
0 0.69765625 0.4890625 0.1625 0.11875
0 0.70546875 0.615625 0.175 0.1421875