0 0.56875 0.37734375 0.0359375 0.0625
0 0.47265625 0.375 0.0421875 0.0640625
0 0.41875 0.34140625 0.05 0.0671875
0 0.403125 0.39765625 0.046875 0.053125
0 0.4453125 0.403125 0.0296875 0.05625
0 0.471875 0.409375 0.0484375 0.059375
0 0.28046875 0.35 0.0578125 0.0890625
0 0.25546875 0.353125 0.0625 0.1
0 0.23046875 0.378125 0.0796875 0.1078125
0 0.253125 0.38359375 0.0421875 0.0671875
0 0.22109375 0.4125 0.075 0.090625
0 0.34296875 0.4375 0.0375 0.0390625
0 0.41875 0.47421875 0.046875 0.075
0 0.40078125 0.5046875 0.0359375 0.0390625
0 0.35234375 0.5015625 0.0484375 0.053125
0 0.1109375 0.340625 0.0453125 0.0609375
0 0.096875 0.36953125 0.053125 0.0609375
0 0.14765625 0.3921875 0.0359375 0.0484375
0 0.07421875 0.40390625 0.05 0.059375
0 0.06171875 0.42421875 0.053125 0.05625
0 0.0390625 0.44453125 0.0515625 0.053125
0 0.03125 0.38671875 0.05 0.0453125
0 0.00625 0.365625 0.0125 0.05
0 0.01796875 0.503125 0.0359375 0.040625
0 0.0203125 0.47421875 0.040625 0.0484375
0 0.0125 0.421875 0.025 0.04375
0 0.275 0.50625 0.03125 0.04375
0 0.11328125 0.478125 0.025 0.03125
0 0.15234375 0.36796875 0.034375 0.04375
0 0.40234375 0.57734375 0.0515625 0.059375
0 0.4625 0.44140625 0.0359375 0.040625
0 0.51171875 0.45703125 0.025 0.0375
0 0.565625 0.4421875 0.025 0.046875
0 0.60078125 0.484375 0.0265625 0.040625
0 0.60703125 0.43828125 0.046875 0.046875