0 0.40234375 0.765625 0.221875 0.2375
0 0.15859375 0.81875 0.1734375 0.171875
0 0.0953125 0.7 0.128125 0.1421875
0 0.02265625 0.846875 0.0453125 0.128125
0 0.11015625 0.58828125 0.171875 0.1765625
0 0.01484375 0.56796875 0.0296875 0.1390625
0 0.0546875 0.38515625 0.109375 0.2328125
0 0.1953125 0.3765625 0.203125 0.4171875
0 0.20078125 0.15546875 0.14375 0.171875
0 0.3578125 0.20234375 0.328125 0.4046875
0 0.29296875 0.55703125 0.125 0.115625
0 0.31640625 0.45859375 0.10625 0.1296875
0 0.28046875 0.3921875 0.1171875 0.14375
0 0.42734375 0.46484375 0.1203125 0.109375
0 0.52578125 0.5640625 0.0625 0.1296875
0 0.47265625 0.584375 0.0828125 0.0921875
0 0.51015625 0.465625 0.103125 0.184375
0 0.5921875 0.3828125 0.103125 0.1875
0 0.596875 0.565625 0.075 0.2046875
0 0.5890625 0.78671875 0.196875 0.2078125
0 0.45078125 0.896875 0.1140625 0.1125
0 0.303125 0.92265625 0.18125 0.1328125
0 0.575 0.90546875 0.0703125 0.121875
0 0.61171875 0.9421875 0.0828125 0.115625
0 0.70078125 0.8875 0.1484375 0.1546875
0 0.78359375 0.86640625 0.1390625 0.15625
0 0.83828125 0.896875 0.0984375 0.1765625
0 0.90546875 0.9046875 0.1171875 0.1796875
0 0.953125 0.76171875 0.0515625 0.1359375
0 0.890625 0.75 0.0859375 0.1296875
0 0.81796875 0.76640625 0.0796875 0.096875
0 0.87265625 0.6390625 0.178125 0.1921875
0 0.74765625 0.68125 0.159375 0.16875
0 0.64453125 0.72265625 0.10625 0.14375
0 0.68203125 0.56875 0.1421875 0.1484375
0 0.86171875 0.46484375 0.1625 0.178125
0 0.7296875 0.3828125 0.121875 0.2875
0 0.93125 0.315625 0.1375 0.25
0 0.865625 0.26640625 0.121875 0.178125
0 0.8671875 0.12421875 0.2515625 0.190625
0 0.74375 0.19453125 0.071875 0.15625
0 0.6203125 0.146875 0.234375 0.196875
0 0.68515625 0.0765625 0.1203125 0.1265625
0 0.653125 0.240625 0.140625 0.1203125
0 0.5265625 0.27421875 0.1375 0.1390625
0 0.17109375 0.94375 0.0984375 0.05