0 0.77734375 0.79453125 0.1671875 0.1453125
0 0.73671875 0.8890625 0.0578125 0.10625
0 0.77421875 0.93203125 0.0515625 0.059375
0 0.6234375 0.790625 0.09375 0.1
0 0.5125 0.70625 0.05625 0.103125
0 0.39765625 0.32265625 0.090625 0.121875
0 0.62734375 0.3984375 0.096875 0.1734375
0 0.5234375 0.55234375 0.08125 0.1328125
0 0.45625 0.33828125 0.0984375 0.128125
0 0.37265625 0.43984375 0.040625 0.09375
0 0.53125 0.43515625 0.040625 0.0875
0 0.5328125 0.35234375 0.0421875 0.05625
0 0.28046875 0.38046875 0.05 0.065625
0 0.33828125 0.4140625 0.0515625 0.059375
0 0.21015625 0.26171875 0.0546875 0.0453125
0 0.30625 0.3125 0.0609375 0.0546875
0 0.1109375 0.13046875 0.0484375 0.075