0 0.478125 0.3703125 0.059375 0.0578125
0 0.4203125 0.3625 0.078125 0.0734375
0 0.471875 0.43828125 0.0671875 0.0796875
0 0.56953125 0.57734375 0.078125 0.090625
0 0.5828125 0.509375 0.0421875 0.084375
0 0.5 0.55625 0.0640625 0.078125
0 0.5796875 0.70703125 0.0546875 0.0953125
0 0.6203125 0.8484375 0.1015625 0.1203125
0 0.30234375 0.734375 0.1140625 0.1359375
0 0.3984375 0.65546875 0.1046875 0.1296875
0 0.415625 0.5390625 0.0921875 0.1078125
0 0.36796875 0.5734375 0.0375 0.0734375
0 0.26484375 0.496875 0.1140625 0.153125
0 0.31640625 0.3859375 0.0703125 0.125
0 0.246875 0.27890625 0.0609375 0.071875
0 0.16015625 0.2859375 0.1125 0.1125
0 0.15 0.41015625 0.0671875 0.09375
0 0.196875 0.44609375 0.04375 0.0859375
0 0.13671875 0.46484375 0.0625 0.065625
0 0.05703125 0.47265625 0.096875 0.1109375
0 0.0609375 0.678125 0.0796875 0.078125
0 0.1421875 0.67734375 0.0671875 0.115625
0 0.8203125 0.51953125 0.0765625 0.1390625