0 0.871875 0.384375 0.0984375 0.1734375
0 0.77265625 0.71484375 0.1765625 0.221875
0 0.8375 0.96875 0.071875 0.0625
0 0.90234375 0.965625 0.0703125 0.06875
0 0.675 0.73359375 0.09375 0.159375
0 0.70078125 0.42578125 0.0875 0.0984375
0 0.71875 0.27265625 0.0875 0.0921875
0 0.59921875 0.19140625 0.084375 0.0875
0 0.61015625 0.296875 0.0671875 0.0859375
0 0.53359375 0.26953125 0.0625 0.0984375
0 0.50546875 0.3578125 0.075 0.078125
0 0.521875 0.4375 0.06875 0.09375
0 0.58515625 0.41328125 0.0765625 0.1140625
0 0.4203125 0.49765625 0.0734375 0.09375
0 0.22734375 0.640625 0.09375 0.1125
0 0.21328125 0.8015625 0.0890625 0.09375
0 0.2765625 0.78046875 0.065625 0.0796875
0 0.22578125 0.3734375 0.08125 0.0859375
0 0.17890625 0.25 0.0875 0.1125
0 0.3234375 0.3109375 0.05625 0.096875
0 0.315625 0.4265625 0.0671875 0.1140625
0 0.4484375 0.29921875 0.0578125 0.0625
0 0.51953125 0.6296875 0.103125 0.10625
0 0.56953125 0.73125 0.0796875 0.146875
0 0.4703125 0.70390625 0.05625 0.096875
0 0.42265625 0.77265625 0.08125 0.1359375
0 0.39609375 0.66875 0.071875 0.10625
0 0.6265625 0.9390625 0.153125 0.121875
0 0.58984375 0.85 0.109375 0.0875