0 0.628125 0.82578125 0.63125 0.3484375
0 0.4015625 0.6015625 0.459375 0.371875
0 0.1671875 0.71796875 0.171875 0.228125
0 0.19765625 0.9109375 0.1375 0.1671875
0 0.11796875 0.515625 0.2359375 0.246875
0 0.04609375 0.3203125 0.0921875 0.246875
0 0.37890625 0.109375 0.4140625 0.21875
0 0.45859375 0.25703125 0.2421875 0.15625
0 0.66796875 0.06328125 0.1203125 0.1265625
0 0.75234375 0.29921875 0.2171875 0.134375
0 0.8546875 0.3546875 0.2109375 0.1265625
0 0.78359375 0.4328125 0.11875 0.0671875
0 0.625 0.41796875 0.1203125 0.1046875
0 0.80703125 0.57890625 0.1953125 0.1328125
0 0.928125 0.59609375 0.14375 0.1390625
0 0.71328125 0.59296875 0.0875 0.178125