0 0.59765625 0.2859375 0.1609375 0.165625
0 0.471875 0.20390625 0.1796875 0.2171875
0 0.43359375 0.096875 0.1859375 0.19375
0 0.50625 0.09140625 0.1625 0.1796875
0 0.5796875 0.040625 0.19375 0.08125
0 0.184375 0.053125 0.175 0.10625
0 0.30078125 0.10078125 0.1828125 0.1234375
0 0.28828125 0.2359375 0.2078125 0.20625
0 0.19609375 0.271875 0.165625 0.1703125
0 0.115625 0.14921875 0.1703125 0.1875
0 0.428125 0.41015625 0.1609375 0.1734375
0 0.35625 0.3671875 0.1359375 0.1546875
0 0.325 0.440625 0.21875 0.1921875
0 0.709375 0.421875 0.1609375 0.165625
0 0.85625 0.3265625 0.1671875 0.2
0 0.953125 0.50546875 0.09375 0.1421875
0 0.559375 0.59140625 0.209375 0.134375
0 0.55 0.490625 0.1734375 0.1578125
0 0.53203125 0.4 0.1765625 0.1546875