0 0.0765625 0.33515625 0.1125 0.0875
0 0.24453125 0.040625 0.1421875 0.08125
0 0.4390625 0.12578125 0.125 0.0953125
0 0.46796875 0.3296875 0.096875 0.1296875
0 0.70703125 0.0890625 0.08125 0.071875
0 0.825 0.296875 0.128125 0.1015625
0 0.8390625 0.2046875 0.071875 0.059375
0 0.790625 0.54765625 0.1859375 0.1203125
0 0.8625 0.76875 0.1359375 0.084375
0 0.64609375 0.41484375 0.0640625 0.0859375
0 0.6859375 0.34375 0.0796875 0.06875
0 0.1890625 0.171875 0.0984375 0.0703125
0 0.97109375 0.21875 0.0578125 0.084375