0 0.78515625 0.51328125 0.265625 0.4140625
0 0.8328125 0.81953125 0.325 0.3609375
0 0.61171875 0.88359375 0.1234375 0.2328125
0 0.5296875 0.07890625 0.234375 0.1578125
0 0.90078125 0.11015625 0.1984375 0.2109375
0 0.41015625 0.8703125 0.3359375 0.259375
0 0.40859375 0.4453125 0.1453125 0.1765625
0 0.43984375 0.5671875 0.1140625 0.1328125
0 0.25 0.57734375 0.165625 0.14375
0 0.171875 0.44765625 0.109375 0.1203125
0 0.09453125 0.79375 0.1890625 0.121875
0 0.690625 0.19609375 0.0703125 0.15
0 0.75859375 0.2484375 0.0734375 0.1734375
0 0.96328125 0.465625 0.0734375 0.290625
0 0.6234375 0.22265625 0.075 0.1953125