0 0.61953125 0.0875 0.1625 0.1359375
0 0.859375 0.234375 0.1515625 0.1359375
0 0.7984375 0.3984375 0.1796875 0.1453125
0 0.7375 0.47890625 0.175 0.1453125
0 0.58046875 0.5828125 0.1953125 0.1484375
0 0.65078125 0.4078125 0.196875 0.1765625
0 0.66328125 0.28515625 0.1875 0.1484375
0 0.534375 0.2421875 0.2171875 0.196875
0 0.44140625 0.16796875 0.21875 0.1734375
0 0.490625 0.33359375 0.190625 0.1234375
0 0.3625 0.38671875 0.146875 0.103125
0 0.34140625 0.4640625 0.2171875 0.15625
0 0.340625 0.559375 0.1890625 0.1484375
0 0.33203125 0.63203125 0.1875 0.10625
0 0.46640625 0.53984375 0.1671875 0.1609375
0 0.44765625 0.46015625 0.125 0.14375
0 0.265625 0.33984375 0.15625 0.165625
0 0.209375 0.4171875 0.153125 0.1078125