0 0.41640625 0.296875 0.25 0.2921875
0 0.28671875 0.74140625 0.2453125 0.290625
0 0.56875 0.74140625 0.13125 0.1390625
0 0.63671875 0.8453125 0.1453125 0.1921875
0 0.7171875 0.8703125 0.1125 0.1296875
0 0.9078125 0.49453125 0.184375 0.2296875
0 0.890625 0.61171875 0.1625 0.1296875
0 0.765625 0.34375 0.1984375 0.2765625
0 0.659375 0.2 0.215625 0.2203125
0 0.540625 0.1 0.234375 0.2
0 0.52578125 0.29609375 0.184375 0.16875
0 0.67109375 0.315625 0.21875 0.2515625
0 0.8203125 0.5 0.121875 0.15
0 0.56953125 0.5453125 0.140625 0.25
0 0.65625 0.54140625 0.1828125 0.153125