0 0.4125 0.31484375 0.271875 0.1671875
0 0.18515625 0.1265625 0.1328125 0.1171875
0 0.08828125 0.18515625 0.075 0.0421875
0 0.29921875 0.48359375 0.06875 0.0609375
0 0.57265625 0.6953125 0.1875 0.184375
0 0.75390625 0.4109375 0.0984375 0.0578125
0 0.8 0.30546875 0.06875 0.0390625
0 0.50859375 0.453125 0.0390625 0.046875
0 0.5640625 0.18359375 0.2140625 0.1375
0 0.52109375 0.12890625 0.1421875 0.10625
0 0.22890625 0.65078125 0.0703125 0.0625
0 0.89765625 0.19296875 0.2046875 0.1953125
0 0.54296875 0.59453125 0.0625 0.0515625