0 0.309375 0.90546875 0.11875 0.134375
0 0.459375 0.92578125 0.1375 0.1484375
0 0.6375 0.88046875 0.18125 0.1875
0 0.58046875 0.96953125 0.1453125 0.0609375
0 0.4734375 0.77421875 0.140625 0.1640625
0 0.35625 0.7796875 0.1140625 0.0953125
0 0.37421875 0.83828125 0.1015625 0.0984375
0 0.24375 0.634375 0.1359375 0.1609375
0 0.05859375 0.4859375 0.1171875 0.165625
0 0.06015625 0.3921875 0.115625 0.1375
0 0.16796875 0.3125 0.1078125 0.125
0 0.27578125 0.3140625 0.084375 0.1
0 0.2171875 0.24296875 0.084375 0.115625
0 0.35 0.4984375 0.153125 0.1390625
0 0.26796875 0.5171875 0.1375 0.1390625
0 0.3375 0.6171875 0.121875 0.1328125
0 0.51328125 0.67578125 0.1703125 0.15625
0 0.8140625 0.6640625 0.109375 0.096875
0 0.9125 0.76484375 0.10625 0.115625
0 0.93984375 0.678125 0.084375 0.1015625
0 0.85625 0.540625 0.115625 0.0921875
0 0.73671875 0.634375 0.1203125 0.09375
0 0.64453125 0.7171875 0.090625 0.0765625
0 0.6578125 0.51875 0.16875 0.1109375
0 0.5671875 0.33359375 0.18125 0.134375
0 0.4765625 0.37265625 0.1015625 0.115625
0 0.471875 0.25078125 0.1203125 0.1078125
0 0.8625 0.20390625 0.1984375 0.171875
0 0.80546875 0.29765625 0.121875 0.109375
0 0.68984375 0.2578125 0.1046875 0.109375
0 0.93046875 0.4203125 0.1390625 0.128125
0 0.9453125 0.31796875 0.109375 0.2015625
0 0.478125 0.475 0.128125 0.1203125