0 0.846875 0.75703125 0.121875 0.15625
0 0.875 0.59296875 0.2109375 0.2
0 0.8296875 0.42421875 0.1640625 0.1890625
0 0.609375 0.6375 0.171875 0.203125
0 0.2265625 0.4765625 0.2359375 0.3046875
0 0.221875 0.27578125 0.165625 0.3609375
0 0.55625 0.1984375 0.1828125 0.284375
0 0.75625 0.09765625 0.2 0.1953125
0 0.57578125 0.4046875 0.1890625 0.2734375
0 0.50859375 0.83046875 0.0625 0.071875
0 0.37734375 0.9125 0.0390625 0.053125
0 0.453125 0.89765625 0.0453125 0.065625
0 0.4671875 0.93828125 0.0453125 0.0515625
0 0.984375 0.65390625 0.03125 0.1453125
0 0.328125 0.33046875 0.0625 0.071875
0 0.03828125 0.353125 0.05625 0.071875
0 0.43359375 0.44921875 0.05625 0.140625
0 0.47578125 0.52890625 0.05625 0.0859375
0 0.63203125 0.9296875 0.134375 0.1265625