0 0.77578125 0.32421875 0.1 0.1
0 0.66796875 0.4015625 0.0453125 0.071875
0 0.553125 0.421875 0.0921875 0.1359375
0 0.0953125 0.5546875 0.096875 0.1265625
0 0.3671875 0.52734375 0.0515625 0.078125
0 0.39375 0.63671875 0.053125 0.0890625
0 0.47890625 0.64140625 0.090625 0.121875
0 0.52421875 0.68203125 0.096875 0.1296875
0 0.38203125 0.7984375 0.0359375 0.05625
0 0.29375 0.8203125 0.0546875 0.1171875
0 0.21328125 0.79296875 0.0640625 0.0765625
0 0.3609375 0.7296875 0.075 0.0890625
0 0.67421875 0.75234375 0.11875 0.10625
0 0.7890625 0.68515625 0.05 0.0609375
0 0.9328125 0.77421875 0.0890625 0.1140625
0 0.86328125 0.7390625 0.05 0.0609375
0 0.9265625 0.48671875 0.0671875 0.1140625
0 0.790625 0.49453125 0.0578125 0.0703125
0 0.73671875 0.49140625 0.0828125 0.078125
0 0.80390625 0.5359375 0.078125 0.096875
0 0.83125 0.45625 0.05625 0.0734375
0 0.5921875 0.52109375 0.065625 0.1203125
0 0.54375 0.51015625 0.053125 0.0609375
0 0.5234375 0.56015625 0.03125 0.05625
0 0.2796875 0.59140625 0.053125 0.05625
0 0.1984375 0.63359375 0.040625 0.065625
0 0.9796875 0.62109375 0.0265625 0.0609375
0 0.95078125 0.6203125 0.040625 0.040625
0 0.8015625 0.7765625 0.05 0.059375