0 0.325 0.4640625 0.1328125 0.1078125
0 0.11796875 0.26328125 0.1125 0.1015625
0 0.08515625 0.14375 0.103125 0.071875
0 0.38828125 0.13203125 0.0859375 0.11875
0 0.375 0.3171875 0.096875 0.1234375
0 0.53671875 0.36171875 0.0953125 0.0765625
0 0.528125 0.278125 0.059375 0.05625
0 0.48515625 0.2421875 0.0671875 0.0609375
0 0.48046875 0.17421875 0.0859375 0.06875
0 0.4375 0.134375 0.06875 0.0671875
0 0.51953125 0.11796875 0.090625 0.0671875
0 0.51171875 0.0765625 0.1 0.084375
0 0.6203125 0.03046875 0.08125 0.0609375
0 0.6921875 0.015625 0.06875 0.03125
0 0.753125 0.03125 0.10625 0.0625
0 0.80859375 0.03203125 0.1140625 0.0640625
0 0.78046875 0.27109375 0.1125 0.0921875
0 0.89609375 0.25703125 0.1515625 0.15625
0 0.76171875 0.39765625 0.1015625 0.065625
0 0.653125 0.44140625 0.090625 0.0828125
0 0.6265625 0.4828125 0.078125 0.059375
0 0.4953125 0.55234375 0.103125 0.0984375
0 0.54609375 0.41484375 0.0703125 0.065625
0 0.5859375 0.56171875 0.0671875 0.0796875
0 0.90390625 0.63125 0.125 0.08125
0 0.77734375 0.51484375 0.090625 0.0734375
0 0.709375 0.18984375 0.0671875 0.071875
0 0.6390625 0.25859375 0.0703125 0.0828125
0 0.04375 0.4390625 0.0875 0.078125