0 0.95 0.4421875 0.1 0.06875
0 0.85859375 0.11484375 0.134375 0.05625
0 0.65 0.1515625 0.1125 0.075
0 0.57265625 0.34296875 0.075 0.1171875
0 0.3984375 0.0515625 0.071875 0.0578125
0 0.23359375 0.22421875 0.115625 0.0796875
0 0.2421875 0.13125 0.0640625 0.046875
0 0.20625 0.47578125 0.171875 0.0859375
0 0.0828125 0.6734375 0.1265625 0.059375
0 0.37890625 0.38203125 0.0484375 0.078125
0 0.35703125 0.30390625 0.0703125 0.0546875
0 0.88125 0.25625 0.0890625 0.053125
0 0.08984375 0.10859375 0.0890625 0.0671875