0 0.31796875 0.46875 0.315625 0.31875
0 0.69921875 0.365625 0.353125 0.309375
0 0.4234375 0.25 0.28125 0.246875
0 0.11640625 0.31640625 0.2328125 0.3484375
0 0.14140625 0.59609375 0.1953125 0.1796875
0 0.3140625 0.9234375 0.25625 0.153125
0 0.60625 0.6765625 0.4203125 0.375
0 0.8875 0.3203125 0.1765625 0.15625
0 0.8640625 0.103125 0.15625 0.153125
0 0.7109375 0.03984375 0.14375 0.0796875
0 0.69765625 0.11796875 0.2046875 0.1984375
0 0.55546875 0.11484375 0.2796875 0.2296875
0 0.215625 0.20703125 0.2140625 0.209375
0 0.3703125 0.72890625 0.1859375 0.19375
0 0.184375 0.88359375 0.2109375 0.203125
0 0.90859375 0.71640625 0.1828125 0.2296875
0 0.90390625 0.76640625 0.1921875 0.3296875
0 0.78125 0.4703125 0.203125 0.2671875
0 0.9375 0.4296875 0.125 0.2
0 0.37578125 0.071875 0.1828125 0.1421875
0 0.07265625 0.1546875 0.1453125 0.178125