0 0.4296875 0.45625 0.15625 0.1140625
0 0.44765625 0.28671875 0.125 0.1375
0 0.478125 0.05546875 0.096875 0.1109375
0 0.46015625 0.13359375 0.0484375 0.075
0 0.47578125 0.18671875 0.0671875 0.065625
0 0.203125 0.24921875 0.1203125 0.0890625
0 0.13046875 0.0765625 0.0671875 0.0859375
0 0.52265625 0.09296875 0.071875 0.08125
0 0.59453125 0.09375 0.08125 0.0765625
0 0.64453125 0.02109375 0.0796875 0.0421875
0 0.69765625 0.234375 0.1 0.146875
0 0.5640625 0.225 0.06875 0.0546875
0 0.60078125 0.25546875 0.0625 0.071875
0 0.61328125 0.28828125 0.0578125 0.040625
0 0.5984375 0.37265625 0.0859375 0.0609375
0 0.6125 0.44375 0.0703125 0.0640625
0 0.671875 0.50234375 0.0796875 0.040625
0 0.6859375 0.459375 0.0515625 0.0609375
0 0.76328125 0.42265625 0.0765625 0.065625
0 0.76875 0.32734375 0.065625 0.0875
0 0.84609375 0.55234375 0.08125 0.0609375
0 0.78203125 0.5515625 0.05625 0.0609375
0 0.5890625 0.1546875 0.0875 0.06875
0 0.48203125 0.64921875 0.0734375 0.0859375
0 0.53984375 0.559375 0.0984375 0.08125
0 0.53359375 0.41875 0.0578125 0.078125