0 0.68125 0.365625 0.0953125 0.1140625
0 0.659375 0.50859375 0.05 0.0859375
0 0.54296875 0.42265625 0.078125 0.0875
0 0.71640625 0.8109375 0.128125 0.1421875
0 0.659375 0.76640625 0.0734375 0.0859375
0 0.56875 0.82265625 0.0890625 0.1234375
0 0.56796875 0.61484375 0.0890625 0.1234375
0 0.4890625 0.57109375 0.090625 0.1046875
0 0.31171875 0.540625 0.0765625 0.096875
0 0.17578125 0.6171875 0.1078125 0.1296875
0 0.109375 0.628125 0.1046875 0.1046875
0 0.071875 0.5046875 0.0890625 0.128125
0 0.09296875 0.27734375 0.1140625 0.1671875
0 0.34765625 0.26484375 0.0640625 0.1421875
0 0.2625 0.3359375 0.0921875 0.15
0 0.28359375 0.4140625 0.0765625 0.146875
0 0.87890625 0.95703125 0.0921875 0.0859375