0 0.39921875 0.20546875 0.115625 0.0921875
0 0.571875 0.09609375 0.1234375 0.13125
0 0.5046875 0.2953125 0.1328125 0.121875
0 0.7171875 0.128125 0.1015625 0.0734375
0 0.11640625 0.165625 0.1453125 0.109375
0 0.19609375 0.259375 0.0859375 0.06875
0 0.34921875 0.3359375 0.0875 0.0953125
0 0.36484375 0.484375 0.1140625 0.096875
0 0.83046875 0.48046875 0.0875 0.0609375
0 0.8171875 0.3296875 0.08125 0.0546875
0 0.709375 0.40390625 0.0890625 0.0515625
0 0.2125 0.10859375 0.065625 0.0546875
0 0.2828125 0.01640625 0.05625 0.0328125
0 0.9546875 0.534375 0.090625 0.06875
0 0.0921875 0.36171875 0.109375 0.084375