0 0.54609375 0.71796875 0.196875 0.2671875
0 0.2796875 0.75625 0.1828125 0.175
0 0.2859375 0.64453125 0.2 0.240625
0 0.2015625 0.60390625 0.1609375 0.2640625
0 0.18515625 0.43046875 0.090625 0.1390625
0 0.08125 0.41953125 0.1625 0.2140625
0 0.13359375 0.30234375 0.1421875 0.1140625
0 0.76796875 0.303125 0.19375 0.2375
0 0.48046875 0.240625 0.121875 0.1078125
0 0.43671875 0.13671875 0.1171875 0.1859375
0 0.44453125 0.428125 0.109375 0.2234375
0 0.3546875 0.4125 0.153125 0.11875
0 0.359375 0.09921875 0.0984375 0.14375
0 0.378125 0.896875 0.209375 0.2046875
0 0.42890625 0.69296875 0.16875 0.140625
0 0.5734375 0.33671875 0.0765625 0.1453125
0 0.67890625 0.09453125 0.0703125 0.0890625
0 0.85703125 0.07265625 0.0640625 0.1375