0 0.65859375 0.07578125 0.1859375 0.121875
0 0.615625 0.27265625 0.2046875 0.153125
0 0.63671875 0.22109375 0.1296875 0.1296875
0 0.784375 0.17890625 0.16875 0.1390625
0 0.86328125 0.21171875 0.14375 0.0984375
0 0.88046875 0.38359375 0.2296875 0.171875
0 0.1484375 0.3625 0.153125 0.1015625
0 0.93984375 0.6484375 0.1203125 0.15
0 0.5625 0.3796875 0.18125 0.1265625
0 0.39609375 0.26640625 0.1296875 0.09375
0 0.51796875 0.1203125 0.0875 0.06875
0 0.51796875 0.1890625 0.11875 0.125
0 0.16796875 0.16875 0.1234375 0.0953125
0 0.15390625 0.25859375 0.128125 0.1140625
0 0.3453125 0.53203125 0.096875 0.0828125
0 0.43515625 0.434375 0.1046875 0.0921875
0 0.5328125 0.78125 0.0890625 0.128125
0 0.57578125 0.74609375 0.0890625 0.15625
0 0.68515625 0.79296875 0.1609375 0.175
0 0.69140625 0.71796875 0.1390625 0.1796875
0 0.7765625 0.5875 0.1421875 0.1359375
0 0.84921875 0.55546875 0.196875 0.1328125
0 0.7375 0.4875 0.1546875 0.1421875
0 0.5125 0.49921875 0.1453125 0.109375
0 0.60859375 0.515625 0.1625 0.171875
0 0.27265625 0.4703125 0.1078125 0.1140625
0 0.30078125 0.5890625 0.115625 0.1109375
0 0.8359375 0.6921875 0.165625 0.128125
0 0.90234375 0.83828125 0.159375 0.1515625
0 0.446875 0.58125 0.1125 0.0796875