0 0.6578125 0.35234375 0.1484375 0.11875
0 0.58671875 0.2046875 0.14375 0.1625
0 0.7015625 0.5140625 0.1328125 0.1265625
0 0.73359375 0.634375 0.153125 0.1328125
0 0.75703125 0.8359375 0.1390625 0.115625
0 0.696875 0.76015625 0.1234375 0.1078125
0 0.91328125 0.8421875 0.1734375 0.1625
0 0.859375 0.43984375 0.171875 0.125
0 0.9328125 0.3765625 0.1234375 0.13125
0 0.3890625 0.38671875 0.1640625 0.1328125
0 0.2640625 0.4828125 0.1375 0.1296875
0 0.378125 0.7796875 0.184375 0.1578125
0 0.49609375 0.9484375 0.1703125 0.103125
0 0.59140625 0.83828125 0.159375 0.134375
0 0.62734375 0.6796875 0.1875 0.15
0 0.5515625 0.5546875 0.153125 0.11875
0 0.56953125 0.43671875 0.121875 0.1234375
0 0.4578125 0.6125 0.1328125 0.1109375
0 0.8484375 0.61875 0.165625 0.15