0 0.50234375 0.2140625 0.153125 0.1625
0 0.66171875 0.41015625 0.23125 0.1578125
0 0.640625 0.5390625 0.1109375 0.1265625
0 0.37578125 0.66875 0.1234375 0.103125
0 0.1453125 0.56875 0.078125 0.090625
0 0.0359375 0.48203125 0.071875 0.0828125
0 0.2765625 0.315625 0.1125 0.10625
0 0.38828125 0.12421875 0.0859375 0.0875
0 0.33671875 0.06171875 0.0703125 0.084375
0 0.29765625 0.0546875 0.06875 0.05625
0 0.66171875 0.03671875 0.1296875 0.0734375
0 0.8046875 0.371875 0.1296875 0.109375
0 0.7671875 0.47734375 0.0671875 0.0625
0 0.78515625 0.51640625 0.0703125 0.0625
0 0.98984375 0.62109375 0.0203125 0.0921875
0 0.8765625 0.096875 0.115625 0.1265625
0 0.7515625 0.13046875 0.13125 0.146875
0 0.70703125 0.21640625 0.0703125 0.0796875
0 0.64296875 0.18046875 0.0828125 0.0765625
0 0.57421875 0.0625 0.071875 0.0734375