0 0.490625 0.32109375 0.23125 0.184375
0 0.509375 0.22265625 0.1984375 0.153125
0 0.57734375 0.16015625 0.121875 0.178125
0 0.659375 0.28125 0.103125 0.1
0 0.85078125 0.203125 0.1125 0.259375
0 0.934375 0.42265625 0.125 0.1890625
0 0.803125 0.26875 0.1390625 0.11875
0 0.81953125 0.378125 0.109375 0.21875
0 0.8921875 0.5578125 0.1078125 0.109375
0 0.965625 0.5890625 0.0671875 0.15625
0 0.91328125 0.6578125 0.084375 0.1390625
0 0.91953125 0.83515625 0.1609375 0.1234375
0 0.7875 0.725 0.15625 0.2078125
0 0.634375 0.5640625 0.1921875 0.1921875
0 0.56171875 0.5 0.184375 0.190625
0 0.4265625 0.53046875 0.2453125 0.265625
0 0.7125 0.0328125 0.11875 0.065625
0 0.73828125 0.18828125 0.0609375 0.11875
0 0.0515625 0.16796875 0.103125 0.1359375
0 0.3640625 0.13984375 0.071875 0.0640625
0 0.234375 0.70078125 0.0578125 0.0609375
0 0.0546875 0.6328125 0.0515625 0.065625
0 0.17890625 0.49609375 0.0390625 0.05