0 0.215625 0.38359375 0.1015625 0.128125
0 0.0953125 0.2921875 0.0453125 0.075
0 0.41015625 0.0828125 0.071875 0.103125
0 0.36328125 0.08046875 0.0578125 0.078125
0 0.490625 0.14375 0.0859375 0.0703125
0 0.4359375 0.1796875 0.0640625 0.071875
0 0.46484375 0.209375 0.0609375 0.0671875
0 0.5203125 0.2234375 0.0734375 0.0734375
0 0.51796875 0.28359375 0.08125 0.08125
0 0.60078125 0.32109375 0.0734375 0.115625
0 0.5328125 0.3390625 0.075 0.090625
0 0.49375 0.365625 0.078125 0.0859375
0 0.63359375 0.46328125 0.059375 0.0765625
0 0.68203125 0.55859375 0.103125 0.1078125
0 0.5953125 0.421875 0.0625 0.103125
0 0.5640625 0.475 0.090625 0.090625
0 0.13984375 0.78671875 0.1546875 0.1328125
0 0.58671875 0.7921875 0.0515625 0.0828125