0 0.62109375 0.54453125 0.1234375 0.090625
0 0.49140625 0.4359375 0.0765625 0.0515625
0 0.42109375 0.6265625 0.0765625 0.04375
0 0.34140625 0.5125 0.075 0.071875
0 0.8265625 0.76875 0.1046875 0.053125
0 0.55 0.91328125 0.078125 0.1015625
0 0.45078125 0.84609375 0.0703125 0.0453125
0 0.42109375 0.89140625 0.065625 0.05625
0 0.39140625 0.95546875 0.09375 0.065625
0 0.57734375 0.71015625 0.096875 0.0796875
0 0.31640625 0.7421875 0.0625 0.084375
0 0.44921875 0.57109375 0.04375 0.028125
0 0.2 0.45078125 0.0765625 0.04375
0 0.23046875 0.56796875 0.0875 0.046875
0 0.21171875 0.7125 0.09375 0.078125
0 0.48828125 0.95703125 0.0625 0.05625