0 0.63203125 0.39453125 0.08125 0.1
0 0.675 0.4140625 0.0703125 0.096875
0 0.76484375 0.5203125 0.0734375 0.090625
0 0.8 0.6984375 0.0609375 0.075
0 0.75546875 0.75234375 0.09375 0.0828125
0 0.70234375 0.6546875 0.05 0.05625
0 0.64140625 0.58984375 0.0609375 0.090625
0 0.59765625 0.59140625 0.05625 0.0734375
0 0.553125 0.54296875 0.084375 0.0890625
0 0.45703125 0.52578125 0.090625 0.0984375
0 0.553125 0.81328125 0.0796875 0.140625
0 0.64296875 0.8875 0.1109375 0.1328125
0 0.68984375 0.9625 0.0640625 0.075
0 0.621875 0.7125 0.0765625 0.15
0 0.23984375 0.74296875 0.0953125 0.15
0 0.29765625 0.8203125 0.121875 0.103125
0 0.121875 0.615625 0.090625 0.096875
0 0.0125 0.70703125 0.025 0.1328125
0 0.1109375 0.3484375 0.0703125 0.1046875
0 0.24453125 0.39140625 0.0515625 0.075
0 0.28359375 0.3609375 0.0515625 0.06875
0 0.20234375 0.43046875 0.0390625 0.0625
0 0.365625 0.35078125 0.0609375 0.10625
0 0.3546875 0.45703125 0.053125 0.1078125