0 0.8359375 0.28671875 0.328125 0.3953125
0 0.88671875 0.5921875 0.2265625 0.303125
0 0.87109375 0.7921875 0.196875 0.18125
0 0.83515625 0.8828125 0.1359375 0.1640625
0 0.89921875 0.9296875 0.0953125 0.140625
0 0.71484375 0.92578125 0.2328125 0.1484375
0 0.5875 0.8546875 0.309375 0.259375
0 0.60625 0.56875 0.3421875 0.29375
0 0.54765625 0.42734375 0.146875 0.146875
0 0.7765625 0.56171875 0.1390625 0.178125
0 0.45234375 0.34375 0.1984375 0.1578125
0 0.56171875 0.209375 0.2546875 0.1875
0 0.7203125 0.109375 0.38125 0.2140625
0 0.4828125 0.07109375 0.184375 0.1421875
0 0.21171875 0.0984375 0.3265625 0.196875
0 0.3390625 0.16953125 0.2484375 0.2484375
0 0.234375 0.36484375 0.2515625 0.2453125
0 0.159375 0.6484375 0.31875 0.465625
0 0.27265625 0.8359375 0.2421875 0.29375
0 0.37890625 0.69296875 0.18125 0.1765625
0 0.4046875 0.553125 0.2140625 0.26875
0 0.49609375 0.6890625 0.1578125 0.184375
0 0.340625 0.91328125 0.1609375 0.1546875
0 0.0796875 0.865625 0.159375 0.165625
0 0.075 0.57265625 0.15 0.1859375
0 0.078125 0.20234375 0.1 0.190625