0 0.59921875 0.37578125 0.1125 0.1671875
0 0.6625 0.5328125 0.0703125 0.1328125
0 0.68125 0.85859375 0.115625 0.1578125
0 0.89140625 0.97578125 0.0953125 0.0484375
0 0.56171875 0.66640625 0.0859375 0.1390625
0 0.509375 0.87578125 0.1375 0.1546875
0 0.3890625 0.68203125 0.1453125 0.134375
0 0.2984375 0.49609375 0.1234375 0.153125
0 0.34375 0.2640625 0.0625 0.1046875
0 0.3171875 0.303125 0.053125 0.078125
0 0.05390625 0.29765625 0.075 0.1140625
0 0.04921875 0.52734375 0.0984375 0.1296875
0 0.11796875 0.61953125 0.1421875 0.1375
0 0.4703125 0.59140625 0.078125 0.090625
0 0.4328125 0.421875 0.078125 0.1078125
0 0.50625 0.3671875 0.0625 0.0796875
0 0.825 0.66875 0.0484375 0.084375
0 0.18828125 0.40546875 0.0625 0.08125