0 0.9125 0.31796875 0.15625 0.2078125
0 0.953125 0.49375 0.09375 0.171875
0 0.640625 0.74296875 0.215625 0.265625
0 0.37578125 0.6421875 0.1921875 0.1875
0 0.42734375 0.79609375 0.1546875 0.2296875
0 0.4390625 0.896875 0.15 0.20625
0 0.37109375 0.87734375 0.1625 0.1546875
0 0.16953125 0.925 0.1421875 0.15
0 0.1 0.95546875 0.08125 0.0890625
0 0.23359375 0.73046875 0.09375 0.1359375
0 0.12578125 0.61328125 0.15625 0.1625
0 0.2703125 0.571875 0.1125 0.121875
0 0.3671875 0.5140625 0.1296875 0.1171875
0 0.78984375 0.3171875 0.1015625 0.15625
0 0.84375 0.8203125 0.2125 0.2828125
0 0.63125 0.35546875 0.0890625 0.121875
0 0.46171875 0.26484375 0.0484375 0.1
0 0.47890625 0.071875 0.0515625 0.1015625
0 0.6390625 0.19375 0.0484375 0.090625
0 0.3328125 0.06484375 0.084375 0.0984375
0 0.22734375 0.0859375 0.053125 0.0625
0 0.40625 0.296875 0.0859375 0.0875
0 0.24296875 0.21484375 0.0484375 0.078125
0 0.8453125 0.26015625 0.08125 0.1328125
0 0.625 0.51796875 0.06875 0.1546875
0 0.54609375 0.43125 0.1046875 0.134375
0 0.584375 0.25859375 0.0671875 0.08125