0 0.51796875 0.09609375 0.2234375 0.1921875
0 0.93515625 0.19609375 0.1296875 0.1296875
0 0.9109375 0.3359375 0.178125 0.165625
0 0.81328125 0.42421875 0.190625 0.175
0 0.740625 0.3578125 0.2046875 0.196875
0 0.75546875 0.240625 0.1953125 0.1546875
0 0.63203125 0.1765625 0.2046875 0.21875
0 0.72578125 0.06484375 0.1765625 0.0921875
0 0.55859375 0.2859375 0.1796875 0.14375
0 0.4171875 0.33125 0.190625 0.171875
0 0.409375 0.41640625 0.1890625 0.175
0 0.46328125 0.440625 0.1875 0.215625
0 0.3953125 0.49375 0.1859375 0.1515625
0 0.3765625 0.596875 0.2 0.1828125
0 0.6421875 0.546875 0.2125 0.1921875
0 0.5375 0.5203125 0.178125 0.2078125
0 0.10546875 0.390625 0.203125 0.1546875
0 0.22578125 0.265625 0.171875 0.1921875
0 0.29296875 0.3890625 0.1671875 0.1671875