0 0.62421875 0.2546875 0.109375 0.109375
0 0.3609375 0.3375 0.1203125 0.115625
0 0.0578125 0.14453125 0.1078125 0.14375
0 0.43203125 0.1859375 0.0921875 0.0828125
0 0.43671875 0.46484375 0.1328125 0.1234375
0 0.078125 0.5265625 0.1296875 0.1640625
0 0.13359375 0.8890625 0.1765625 0.175
0 0.23984375 0.9171875 0.140625 0.1359375
0 0.425 0.9 0.1625 0.128125
0 0.5 0.57890625 0.1453125 0.1171875
0 0.62421875 0.53515625 0.11875 0.128125
0 0.646875 0.39609375 0.115625 0.1203125
0 0.7671875 0.34375 0.1046875 0.1078125
0 0.8625 0.43671875 0.115625 0.0984375
0 0.8421875 0.5828125 0.1515625 0.1390625
0 0.81953125 0.80078125 0.1515625 0.11875
0 0.90859375 0.7125 0.0765625 0.090625
0 0.9171875 0.86953125 0.10625 0.1109375
0 0.82890625 0.909375 0.1140625 0.103125