0 0.425 0.33203125 0.0765625 0.0890625
0 0.2109375 0.3734375 0.0921875 0.0765625
0 0.25546875 0.61015625 0.0734375 0.075
0 0.26484375 0.65234375 0.06875 0.0921875
0 0.2578125 0.875 0.0859375 0.103125
0 0.4625 0.6703125 0.1125 0.125
0 0.4375 0.540625 0.1078125 0.1421875
0 0.42890625 0.42734375 0.1109375 0.0734375
0 0.4484375 0.4 0.071875 0.11875
0 0.71953125 0.34765625 0.0734375 0.090625
0 0.81328125 0.46953125 0.0765625 0.1046875
0 0.94921875 0.5953125 0.078125 0.1
0 0.928125 0.8703125 0.075 0.1375
0 0.9125 0.8 0.0578125 0.0921875
0 0.67578125 0.7765625 0.1203125 0.0828125
0 0.6875 0.61171875 0.0984375 0.1375
0 0.809375 0.58359375 0.0078125 0.025