0 0.54765625 0.8703125 0.146875 0.1890625
0 0.66953125 0.95234375 0.0921875 0.0953125
0 0.64375 0.82890625 0.034375 0.0875
0 0.809375 0.40234375 0.175 0.134375
0 0.85234375 0.2125 0.1046875 0.1484375
0 0.678125 0.31640625 0.1203125 0.18125
0 0.58359375 0.3234375 0.146875 0.2265625
0 0.7578125 0.69765625 0.1109375 0.1265625
0 0.83515625 0.7796875 0.121875 0.1125
0 0.86796875 0.5625 0.090625 0.059375
0 0.26875 0.771875 0.1359375 0.1921875
0 0.2671875 0.884375 0.0703125 0.1625
0 0.4390625 0.6703125 0.11875 0.140625
0 0.390625 0.6296875 0.1 0.078125
0 0.34375 0.44453125 0.096875 0.171875
0 0.24921875 0.425 0.1046875 0.190625
0 0.090625 0.771875 0.06875 0.14375
0 0.04609375 0.684375 0.090625 0.171875
0 0.0265625 0.5828125 0.053125 0.096875
0 0.059375 0.96484375 0.078125 0.0703125
0 0.14765625 0.2625 0.065625 0.134375
0 0.1375 0.3734375 0.075 0.1375
0 0.1140625 0.04296875 0.078125 0.084375
0 0.7046875 0.04609375 0.05 0.0921875
0 0.7578125 0.075 0.053125 0.1078125
0 0.72890625 0.18046875 0.053125 0.05
0 0.01953125 0.2796875 0.0375 0.13125
0 0.26796875 0.6203125 0.103125 0.096875
0 0.1421875 0.6390625 0.08125 0.109375
0 0.1671875 0.8 0.0734375 0.13125
0 0.16640625 0.89453125 0.04375 0.121875
0 0.89765625 0.9078125 0.090625 0.0875