0 0.7046875 0.759375 0.1796875 0.1484375
0 0.66640625 0.684375 0.1890625 0.1484375
0 0.48984375 0.565625 0.153125 0.153125
0 0.41015625 0.6578125 0.128125 0.1171875
0 0.434375 0.5875 0.103125 0.0796875
0 0.40546875 0.51171875 0.0609375 0.0703125
0 0.5109375 0.47421875 0.146875 0.1046875
0 0.55859375 0.38671875 0.14375 0.1234375
0 0.7125 0.35 0.134375 0.128125
0 0.65625 0.446875 0.15625 0.1453125
0 0.64609375 0.55703125 0.1453125 0.1203125
0 0.55546875 0.54375 0.046875 0.0578125
0 0.75625 0.5265625 0.1734375 0.1359375
0 0.803125 0.60546875 0.125 0.103125
0 0.74375 0.45234375 0.128125 0.1515625
0 0.36171875 0.3734375 0.0828125 0.109375
0 0.09765625 0.17109375 0.1234375 0.2375