0 0.64765625 0.7578125 0.153125 0.165625
0 0.66875 0.60625 0.128125 0.125
0 0.5703125 0.53515625 0.1484375 0.1546875
0 0.53203125 0.42734375 0.171875 0.1609375
0 0.4125 0.3953125 0.1359375 0.159375
0 0.67265625 0.43203125 0.1359375 0.128125
0 0.675 0.3109375 0.146875 0.1546875
0 0.5640625 0.303125 0.1734375 0.184375
0 0.52734375 0.22421875 0.125 0.125
0 0.50078125 0.15546875 0.1671875 0.1515625
0 0.4546875 0.0921875 0.140625 0.1546875
0 0.3703125 0.07265625 0.18125 0.140625
0 0.30625 0.25078125 0.184375 0.1640625
0 0.09609375 0.08671875 0.121875 0.115625
0 0.0484375 0.0921875 0.096875 0.115625
0 0.3453125 0.93046875 0.109375 0.1390625
0 0.2921875 0.75859375 0.13125 0.1453125
0 0.2671875 0.56796875 0.1359375 0.140625
0 0.4125 0.63828125 0.1609375 0.1296875
0 0.3921875 0.56328125 0.140625 0.125
0 0.4171875 0.75234375 0.1015625 0.1234375
0 0.53203125 0.74765625 0.1171875 0.1265625
0 0.76875 0.56640625 0.125 0.115625
0 0.8421875 0.4796875 0.1609375 0.128125
0 0.81171875 0.403125 0.1375 0.1171875
0 0.79765625 0.3140625 0.159375 0.121875
0 0.89140625 0.21796875 0.165625 0.1609375
0 0.7984375 0.07734375 0.1890625 0.1109375
0 0.93671875 0.49921875 0.1265625 0.1453125
0 0.90078125 0.6046875 0.0765625 0.10625
0 0.815625 0.6984375 0.125 0.11875
0 0.1265625 0.86875 0.1046875 0.1328125
0 0.12890625 0.8015625 0.09375 0.1140625