0 0.8609375 0.65859375 0.25 0.2359375
0 0.65859375 0.72265625 0.196875 0.203125
0 0.628125 0.84375 0.1609375 0.1765625
0 0.5046875 0.84765625 0.159375 0.19375
0 0.49453125 0.946875 0.1140625 0.10625
0 0.8921875 0.79375 0.1234375 0.1546875
0 0.9640625 0.715625 0.071875 0.184375
0 0.884375 0.503125 0.21875 0.1890625
0 0.82890625 0.31875 0.2484375 0.259375
0 0.90625 0.22734375 0.121875 0.1703125
0 0.82734375 0.08203125 0.1953125 0.1640625
0 0.675 0.11484375 0.296875 0.2296875
0 0.46640625 0.39765625 0.25625 0.25
0 0.2125 0.5390625 0.2375 0.25
0 0.178125 0.37265625 0.1421875 0.1484375
0 0.21640625 0.40078125 0.13125 0.171875
0 0.228125 0.1578125 0.2 0.184375
0 0.58125 0.03046875 0.140625 0.0609375
0 0.5671875 0.31171875 0.1609375 0.2359375
0 0.63515625 0.253125 0.1078125 0.1484375
0 0.6546875 0.46640625 0.2 0.228125
0 0.7140625 0.52109375 0.121875 0.1515625
0 0.39140625 0.875 0.0890625 0.096875
0 0.33515625 0.87109375 0.0953125 0.0875
0 0.30234375 0.79921875 0.0796875 0.1171875
0 0.353125 0.775 0.0875 0.1265625
0 0.203125 0.828125 0.1625 0.146875
0 0.25 0.9265625 0.134375 0.146875
0 0.1875 0.95078125 0.184375 0.0984375
0 0.16953125 0.69765625 0.215625 0.1875
0 0.2375 0.740625 0.1546875 0.1390625
0 0.0625 0.6515625 0.103125 0.1359375
0 0.05234375 0.5171875 0.1 0.1328125
0 0.0484375 0.40234375 0.096875 0.1390625