0 0.7546875 0.6390625 0.096875 0.084375
0 0.5703125 0.51484375 0.0828125 0.1125
0 0.54609375 0.58984375 0.05625 0.078125
0 0.05078125 0.446875 0.1015625 0.1421875
0 0.28203125 0.17265625 0.1046875 0.1203125
0 0.31328125 0.2578125 0.0875 0.103125
0 0.16015625 0.2109375 0.1046875 0.0859375
0 0.3609375 0.3484375 0.0640625 0.1015625
0 0.35859375 0.46640625 0.0640625 0.071875
0 0.44375 0.32265625 0.1 0.134375
0 0.47109375 0.278125 0.115625 0.15
0 0.434375 0.12578125 0.1 0.1453125
0 0.35546875 0.20078125 0.053125 0.0921875
0 0.76328125 0.28203125 0.0359375 0.059375
0 0.7109375 0.496875 0.0984375 0.10625
0 0.67265625 0.58125 0.0453125 0.0578125
0 0.7640625 0.46640625 0.0640625 0.0609375
0 0.8140625 0.51796875 0.05 0.065625
0 0.76484375 0.55390625 0.0703125 0.096875
0 0.91484375 0.4625 0.0515625 0.090625
0 0.92421875 0.3546875 0.0640625 0.059375
0 0.96328125 0.3265625 0.0390625 0.078125
0 0.8921875 0.18515625 0.065625 0.0890625
0 0.834375 0.2328125 0.0609375 0.05625
0 0.846875 0.40078125 0.040625 0.05625
0 0.6421875 0.2125 0.0828125 0.11875
0 0.21953125 0.39375 0.0640625 0.08125
0 0.146875 0.321875 0.0578125 0.0859375
0 0.65859375 0.42578125 0.0453125 0.075
0 0.7328125 0.428125 0.1265625 0.1140625