0 0.29296875 0.28359375 0.1234375 0.1171875
0 0.2859375 0.3984375 0.0828125 0.078125
0 0.19453125 0.475 0.1640625 0.125
0 0.10546875 0.28203125 0.10625 0.1171875
0 0.3171875 0.71328125 0.15625 0.1203125
0 0.209375 0.6046875 0.09375 0.0953125
0 0.10859375 0.88984375 0.1140625 0.1609375
0 0.1390625 0.74375 0.071875 0.084375
0 0.0390625 0.62109375 0.078125 0.0796875
0 0.0390625 0.71875 0.078125 0.0875
0 0.0375 0.86796875 0.075 0.0953125
0 0.4859375 0.9375 0.1046875 0.09375
0 0.60390625 0.92578125 0.128125 0.0765625
0 0.73046875 0.925 0.1140625 0.0875
0 0.88515625 0.87734375 0.1296875 0.1484375
0 0.7984375 0.73984375 0.1640625 0.1234375
0 0.62734375 0.68984375 0.146875 0.121875
0 0.54375 0.69296875 0.06875 0.0734375
0 0.49453125 0.56796875 0.125 0.0859375
0 0.40546875 0.5703125 0.0875 0.0734375
0 0.43203125 0.7984375 0.1234375 0.075
0 0.35625 0.434375 0.090625 0.0875
0 0.41953125 0.5140625 0.078125 0.0734375
0 0.6671875 0.371875 0.1140625 0.109375
0 0.77890625 0.38671875 0.125 0.1203125
0 0.87578125 0.49296875 0.0859375 0.1125
0 0.96953125 0.41171875 0.0609375 0.1296875
0 0.69921875 0.590625 0.1171875 0.1015625
0 0.784375 0.5328125 0.065625 0.0609375
0 0.63359375 0.60625 0.0578125 0.0828125