0 0.58984375 0.54609375 0.16875 0.115625
0 0.5578125 0.75078125 0.11875 0.0953125
0 0.3109375 0.75390625 0.0875 0.0578125
0 0.8125 0.76640625 0.1234375 0.090625
0 0.946875 0.41484375 0.1 0.0640625
0 0.7328125 0.44609375 0.0734375 0.0515625
0 0.5953125 0.41796875 0.084375 0.065625
0 0.3734375 0.36875 0.0875 0.0578125
0 0.76171875 0.92578125 0.1109375 0.090625
0 0.6875 0.596875 0.084375 0.05625
0 0.7734375 0.653125 0.0921875 0.0671875
0 0.7765625 0.51484375 0.1 0.0796875
0 0.7015625 0.75703125 0.06875 0.0390625
0 0.7265625 0.55703125 0.0734375 0.08125