0 0.7171875 0.5484375 0.1234375 0.0828125
0 0.6359375 0.67421875 0.0859375 0.08125
0 0.48203125 0.634375 0.0921875 0.046875
0 0.25859375 0.946875 0.1015625 0.10625
0 0.49296875 0.87109375 0.06875 0.0640625
0 0.540625 0.8125 0.06875 0.05
0 0.36875 0.50390625 0.065625 0.059375
0 0.12421875 0.3484375 0.1 0.071875
0 0.53515625 0.4390625 0.0734375 0.0546875
0 0.3171875 0.5453125 0.078125 0.0671875
0 0.20703125 0.72890625 0.1015625 0.071875
0 0.3640625 0.73359375 0.0734375 0.08125
0 0.6234375 0.85390625 0.059375 0.096875
0 0.8984375 0.75703125 0.0953125 0.0734375
0 0.23359375 0.5890625 0.1125 0.0625