0 0.5765625 0.64453125 0.0890625 0.09375
0 0.19296875 0.79296875 0.1234375 0.096875
0 0.6796875 0.83984375 0.1203125 0.0796875
0 0.4875 0.45703125 0.053125 0.046875
0 0.76875 0.1796875 0.0703125 0.140625
0 0.05859375 0.3234375 0.1171875 0.06875
0 0.0796875 0.9125 0.084375 0.071875
0 0.16875 0.53125 0.1828125 0.096875
0 0.07265625 0.6921875 0.140625 0.10625
0 0.91328125 0.8859375 0.1359375 0.046875
0 0.9109375 0.74765625 0.1 0.0703125
0 0.37265625 0.690625 0.0609375 0.0484375
0 0.25703125 0.66484375 0.065625 0.0390625
0 0.7140625 0.30546875 0.08125 0.1125
0 0.42890625 0.9328125 0.06875 0.0421875
0 0.38359375 0.61328125 0.046875 0.0828125