0 0.52109375 0.3359375 0.090625 0.0734375
0 0.4734375 0.3671875 0.06875 0.059375
0 0.51484375 0.4515625 0.10625 0.0921875
0 0.634375 0.50234375 0.046875 0.0609375
0 0.81484375 0.3515625 0.084375 0.1203125
0 0.70625 0.57890625 0.0703125 0.08125
0 0.6921875 0.6171875 0.0765625 0.071875
0 0.5859375 0.59765625 0.053125 0.06875
0 0.62578125 0.64453125 0.04375 0.053125
0 0.59453125 0.66796875 0.06875 0.0609375
0 0.22265625 0.35390625 0.040625 0.0609375
0 0.24609375 0.35625 0.065625 0.0859375
0 0.33671875 0.34375 0.0703125 0.1109375
0 0.4640625 0.603125 0.1046875 0.1328125
0 0.4890625 0.51484375 0.08125 0.0953125
0 0.44140625 0.71484375 0.128125 0.16875
0 0.2609375 0.6546875 0.0984375 0.0953125
0 0.3296875 0.81875 0.1109375 0.1578125
0 0.2625 0.79921875 0.084375 0.1078125
0 0.078125 0.46875 0.0875 0.14375
0 0.08125 0.8734375 0.046875 0.0734375
0 0.03828125 0.51953125 0.0765625 0.0984375