0 0.5953125 0.3828125 0.0484375 0.0828125
0 0.5671875 0.45703125 0.053125 0.090625
0 0.4109375 0.51640625 0.04375 0.08125
0 0.4375 0.58203125 0.034375 0.08125
0 0.40546875 0.765625 0.0421875 0.10625
0 0.32421875 0.796875 0.0734375 0.090625
0 0.18515625 0.5234375 0.103125 0.121875
0 0.4734375 0.70625 0.0421875 0.084375
0 0.5375 0.603125 0.0875 0.0703125
0 0.59453125 0.56640625 0.1 0.0921875
0 0.5875 0.6609375 0.0515625 0.103125
0 0.68828125 0.509375 0.071875 0.11875
0 0.75078125 0.47734375 0.04375 0.090625
0 0.79140625 0.490625 0.06875 0.078125
0 0.81328125 0.3453125 0.1109375 0.1109375
0 0.78203125 0.3703125 0.0546875 0.0796875
0 0.9203125 0.54375 0.0828125 0.1390625
0 0.85859375 0.67421875 0.0578125 0.1015625
0 0.765625 0.746875 0.0734375 0.1078125
0 0.9671875 0.71171875 0.0546875 0.1
0 0.9671875 0.4453125 0.065625 0.0875