0 0.3859375 0.7109375 0.1328125 0.1484375
0 0.19375 0.68984375 0.11875 0.1203125
0 0.059375 0.85625 0.11875 0.14375
0 0.6953125 0.70703125 0.109375 0.13125
0 0.8375 0.71953125 0.14375 0.109375
0 0.884375 0.6265625 0.0859375 0.11875
0 0.78671875 0.5390625 0.1171875 0.109375
0 0.59453125 0.4375 0.1375 0.109375
0 0.48203125 0.4296875 0.0875 0.0671875
0 0.3375 0.5140625 0.190625 0.1296875
0 0.36328125 0.59140625 0.103125 0.0703125
0 0.146875 0.54921875 0.1109375 0.1078125
0 0.07734375 0.6046875 0.1234375 0.090625
0 0.08984375 0.4765625 0.1078125 0.0765625
0 0.48359375 0.3 0.18125 0.1125
0 0.29921875 0.4265625 0.1 0.075
0 0.1359375 0.35 0.1046875 0.0765625
0 0.27421875 0.25546875 0.0984375 0.0734375
0 0.6890625 0.33046875 0.134375 0.1140625
0 0.753125 0.41171875 0.140625 0.121875
0 0.94453125 0.375 0.1109375 0.134375
0 0.76875 0.1609375 0.1515625 0.0828125
0 0.58203125 0.23125 0.1234375 0.0890625
0 0.34921875 0.071875 0.146875 0.1015625
0 0.40625 0.0421875 0.125 0.084375
0 0.228125 0.1015625 0.1296875 0.0765625
0 0.07109375 0.1703125 0.0765625 0.0796875
0 0.090625 0.08671875 0.0984375 0.1171875