0 0.8828125 0.6578125 0.1015625 0.1296875
0 0.74609375 0.70546875 0.06875 0.09375
0 0.66171875 0.63125 0.0671875 0.125
0 0.55859375 0.62109375 0.059375 0.078125
0 0.478125 0.63671875 0.0828125 0.0828125
0 0.50546875 0.5484375 0.0734375 0.08125
0 0.3734375 0.39375 0.06875 0.0703125
0 0.38046875 0.3125 0.065625 0.0953125
0 0.37890625 0.13046875 0.090625 0.115625
0 0.61875 0.41796875 0.078125 0.0984375
0 0.578125 0.4671875 0.0609375 0.0578125
0 0.7578125 0.45859375 0.0859375 0.0890625
0 0.8046875 0.5546875 0.0546875 0.075
0 0.86796875 0.49921875 0.0703125 0.0734375
0 0.959375 0.4640625 0.08125 0.134375
0 0.96328125 0.27734375 0.0734375 0.0921875
0 0.8609375 0.29140625 0.040625 0.071875
0 0.71484375 0.25 0.115625 0.1140625
0 0.603125 0.309375 0.0734375 0.10625
0 0.16171875 0.53046875 0.059375 0.125
0 0.03359375 0.034375 0.0359375 0.06875