0 0.62265625 0.84375 0.175 0.303125
0 0.34921875 0.934375 0.2109375 0.13125
0 0.45703125 0.8515625 0.10625 0.21875
0 0.4078125 0.6109375 0.09375 0.290625
0 0.053125 0.590625 0.10625 0.140625
0 0.2484375 0.32265625 0.1921875 0.2078125
0 0.325 0.1875 0.16875 0.1734375
0 0.24453125 0.11328125 0.1625 0.1625
0 0.36796875 0.3375 0.16875 0.1953125
0 0.4640625 0.1921875 0.146875 0.275
0 0.78203125 0.7796875 0.1609375 0.3875
0 0.62578125 0.52265625 0.0515625 0.078125
0 0.63984375 0.6203125 0.0546875 0.1140625
0 0.6 0.5921875 0.0484375 0.0671875
0 0.5421875 0.546875 0.05 0.0734375
0 0.58515625 0.0890625 0.0890625 0.11875
0 0.23515625 0.50546875 0.16875 0.18125
0 0.0578125 0.3171875 0.1140625 0.1515625
0 0.16953125 0.38203125 0.1203125 0.1375
0 0.13203125 0.30625 0.121875 0.115625