0 0.196875 0.37109375 0.1234375 0.1390625
0 0.03125 0.39296875 0.0625 0.1046875
0 0.0484375 0.33828125 0.046875 0.065625
0 0.1046875 0.65390625 0.05 0.09375
0 0.22265625 0.6453125 0.0484375 0.053125
0 0.25625 0.61015625 0.05 0.065625
0 0.36484375 0.58671875 0.0390625 0.0625
0 0.36640625 0.67890625 0.0484375 0.0921875
0 0.40546875 0.71171875 0.053125 0.046875
0 0.84921875 0.425 0.1265625 0.121875
0 0.859375 0.32734375 0.0703125 0.0625
0 0.828125 0.23125 0.0921875 0.078125
0 0.65703125 0.2578125 0.1046875 0.1015625
0 0.60390625 0.59453125 0.065625 0.0671875
0 0.6234375 0.16015625 0.08125 0.0875
0 0.73125 0.07109375 0.0546875 0.0703125
0 0.37578125 0.1734375 0.0796875 0.084375
0 0.68203125 0.44140625 0.0765625 0.0703125
0 0.6984375 0.59296875 0.0625 0.0890625