0 0.3875 0.25 0.2015625 0.165625
0 0.60859375 0.3046875 0.196875 0.234375
0 0.70625 0.2875 0.084375 0.1109375
0 0.81953125 0.2453125 0.1390625 0.1421875
0 0.75859375 0.146875 0.18125 0.1859375
0 0.82578125 0.09453125 0.11875 0.0984375
0 0.9625 0.215625 0.075 0.134375
0 0.86953125 0.3640625 0.1421875 0.13125
0 0.86953125 0.465625 0.1453125 0.1453125
0 0.9578125 0.48203125 0.084375 0.1140625
0 0.93125 0.64609375 0.121875 0.1625
0 0.77578125 0.6078125 0.178125 0.365625
0 0.67109375 0.47421875 0.1453125 0.1640625
0 0.63359375 0.56640625 0.1265625 0.1140625
0 0.67265625 0.653125 0.1578125 0.1640625
0 0.62890625 0.821875 0.3015625 0.35625
0 0.72265625 0.890625 0.13125 0.15625
0 0.32421875 0.8453125 0.225 0.1953125
0 0.3828125 0.48671875 0.128125 0.1828125
0 0.4609375 0.4609375 0.0796875 0.1546875
0 0.50234375 0.43984375 0.06875 0.11875
0 0.55546875 0.16484375 0.1234375 0.1453125
0 0.428125 0.1109375 0.103125 0.125
0 0.40234375 0.06328125 0.084375 0.1015625
0 0.29453125 0.12734375 0.1484375 0.15
0 0.21015625 0.16171875 0.153125 0.1625
0 0.18515625 0.1015625 0.125 0.125
0 0.115625 0.09921875 0.125 0.1984375
0 0.11484375 0.24609375 0.1078125 0.1125
0 0.13515625 0.38203125 0.215625 0.209375
0 0.25 0.3046875 0.171875 0.1546875
0 0.28046875 0.38671875 0.10625 0.096875
0 0.29765625 0.43046875 0.1390625 0.1328125
0 0.1109375 0.5390625 0.1953125 0.2015625
0 0.1890625 0.6515625 0.1640625 0.16875
0 0.27109375 0.58203125 0.1125 0.2609375
0 0.0546875 0.7109375 0.109375 0.221875
0 0.1015625 0.8453125 0.203125 0.2
0 0.125 0.7453125 0.134375 0.175
0 0.22109375 0.85 0.1234375 0.21875
0 0.26953125 0.9171875 0.0859375 0.1046875
0 0.40625 0.859375 0.1265625 0.1984375