0 0.78984375 0.2765625 0.1921875 0.171875
0 0.6609375 0.5609375 0.103125 0.096875
0 0.875 0.61171875 0.11875 0.1515625
0 0.9015625 0.79609375 0.1625 0.184375
0 0.74453125 0.91171875 0.0953125 0.140625
0 0.63359375 0.71953125 0.1375 0.1859375
0 0.51875 0.6703125 0.1046875 0.1625
0 0.4390625 0.76015625 0.1109375 0.2390625
0 0.28203125 0.734375 0.15625 0.2046875
0 0.36484375 0.8 0.1328125 0.1046875
0 0.41171875 0.9 0.1296875 0.109375
0 0.5578125 0.87734375 0.1078125 0.178125
0 0.53984375 0.42421875 0.1359375 0.1625
0 0.415625 0.39453125 0.1109375 0.1125
0 0.37734375 0.46484375 0.10625 0.09375
0 0.325 0.56328125 0.121875 0.19375
0 0.45078125 0.54765625 0.115625 0.1703125
0 0.16953125 0.33203125 0.146875 0.2140625
0 0.084375 0.6125 0.1390625 0.165625
0 0.178125 0.64453125 0.0890625 0.1234375
0 0.2546875 0.52265625 0.0578125 0.0953125
0 0.1734375 0.715625 0.125 0.1109375
0 0.70703125 0.0578125 0.0875 0.06875
0 0.6203125 0.05 0.0734375 0.0640625
0 0.278125 0.165625 0.0625 0.0609375
0 0.2953125 0.11171875 0.0671875 0.06875
0 0.0546875 0.23203125 0.075 0.1234375
0 0.05078125 0.375 0.090625 0.1078125
0 0.11328125 0.03046875 0.0828125 0.0609375
0 0.203125 0.13671875 0.0734375 0.096875
0 0.60078125 0.1734375 0.0671875 0.0703125
0 0.6046875 0.28515625 0.115625 0.1703125
0 0.71796875 0.6796875 0.0671875 0.1796875
0 0.72578125 0.5140625 0.0640625 0.171875
0 0.634375 0.38125 0.071875 0.0828125
0 0.72578125 0.3515625 0.0796875 0.0828125
0 0.69375 0.40078125 0.0625 0.0875
0 0.29140625 0.37890625 0.103125 0.1390625
0 0.246875 0.3109375 0.1140625 0.1015625