0 0.1734375 0.6734375 0.21875 0.1796875
0 0.040625 0.696875 0.08125 0.153125
0 0.109375 0.6 0.1609375 0.1671875
0 0.2046875 0.46796875 0.1703125 0.153125
0 0.4109375 0.43828125 0.146875 0.2421875
0 0.3671875 0.68828125 0.1921875 0.20625
0 0.40703125 0.9265625 0.1296875 0.14375
0 0.471875 0.82734375 0.0734375 0.0796875
0 0.15390625 0.91640625 0.140625 0.0890625
0 0.703125 0.22109375 0.171875 0.3984375
0 0.8046875 0.33515625 0.221875 0.3828125
0 0.47109375 0.1671875 0.1734375 0.23125
0 0.29140625 0.07890625 0.2265625 0.1578125
0 0.03359375 0.4578125 0.0671875 0.0875
0 0.53359375 0.484375 0.059375 0.0828125
0 0.51640625 0.55859375 0.053125 0.0734375
0 0.6078125 0.53046875 0.0484375 0.0515625
0 0.659375 0.43671875 0.04375 0.0625
0 0.5703125 0.67890625 0.05 0.05
0 0.678125 0.53671875 0.0515625 0.075
0 0.63671875 0.853125 0.05 0.075
0 0.59296875 0.8984375 0.059375 0.05
0 0.50625 0.90859375 0.04375 0.0609375
0 0.55078125 0.94140625 0.0484375 0.0734375
0 0.8171875 0.95234375 0.0484375 0.0671875