0 0.09921875 0.7015625 0.1734375 0.2140625
0 0.046875 0.7359375 0.09375 0.16875
0 0.0765625 0.85859375 0.146875 0.1265625
0 0.0640625 0.56484375 0.128125 0.1515625
0 0.18671875 0.53828125 0.11875 0.178125
0 0.12265625 0.56953125 0.0640625 0.10625
0 0.14375 0.3703125 0.1375 0.178125
0 0.07421875 0.4171875 0.1015625 0.1171875
0 0.06328125 0.37578125 0.1109375 0.1109375
0 0.11328125 0.25859375 0.1640625 0.178125
0 0.14140625 0.11328125 0.15 0.178125
0 0.20859375 0.20546875 0.1375 0.15625
0 0.3046875 0.13203125 0.196875 0.2640625
0 0.37890625 0.18515625 0.134375 0.2125
0 0.4546875 0.05546875 0.125 0.1109375
0 0.52734375 0.1171875 0.165625 0.1765625
0 0.45078125 0.2984375 0.140625 0.140625
0 0.43671875 0.45390625 0.2015625 0.234375
0 0.425 0.521875 0.1625 0.1453125
0 0.33671875 0.49609375 0.1234375 0.15
0 0.2953125 0.74140625 0.1296875 0.25625
0 0.24609375 0.70546875 0.1421875 0.2
0 0.23671875 0.82421875 0.0875 0.1
0 0.23203125 0.92734375 0.1046875 0.0625
0 0.19140625 0.66953125 0.0703125 0.1375
0 0.3703125 0.9671875 0.065625 0.0453125
0 0.47265625 0.9515625 0.1328125 0.096875
0 0.41015625 0.84296875 0.0953125 0.10625
0 0.51015625 0.90625 0.06875 0.075
0 0.59453125 0.94375 0.1703125 0.1125
0 0.575 0.86875 0.115625 0.1421875
0 0.69140625 0.8984375 0.2234375 0.1984375
0 0.77578125 0.9453125 0.2015625 0.109375
0 0.81875 0.828125 0.171875 0.1546875
0 0.8859375 0.76640625 0.1390625 0.125
0 0.73359375 0.6765625 0.246875 0.2265625
0 0.6078125 0.7171875 0.1234375 0.1484375
0 0.53046875 0.74765625 0.1046875 0.1328125
0 0.4796875 0.78203125 0.13125 0.16875
0 0.3703125 0.72109375 0.0921875 0.146875
0 0.446875 0.7015625 0.128125 0.1484375
0 0.88515625 0.58125 0.1796875 0.1953125
0 0.9359375 0.63515625 0.128125 0.2140625
0 0.7734375 0.53125 0.1234375 0.1578125
0 0.77734375 0.43046875 0.18125 0.159375
0 0.6078125 0.4265625 0.19375 0.2421875
0 0.6625 0.284375 0.1421875 0.1546875
0 0.62421875 0.24375 0.10625 0.1328125
0 0.5375 0.27734375 0.1078125 0.1375
0 0.74375 0.1546875 0.1109375 0.1453125
0 0.95078125 0.15390625 0.0984375 0.1265625
0 0.9671875 0.26796875 0.065625 0.2015625
0 0.93125 0.32109375 0.1125 0.1328125
0 0.8171875 0.24609375 0.21875 0.2421875
0 0.7875 0.34609375 0.178125 0.2015625
0 0.2390625 0.359375 0.09375 0.1234375