0 0.6640625 0.5671875 0.05625 0.084375
0 0.6828125 0.671875 0.065625 0.0671875
0 0.79609375 0.3546875 0.090625 0.1125
0 0.91875 0.33046875 0.0515625 0.13125
0 0.91875 0.56015625 0.0453125 0.096875
0 0.821875 0.59453125 0.0703125 0.05625
0 0.43828125 0.6109375 0.0625 0.053125
0 0.26015625 0.3015625 0.0875 0.065625
0 0.321875 0.22265625 0.08125 0.0984375
0 0.05859375 0.45546875 0.1171875 0.0890625
0 0.1703125 0.175 0.084375 0.09375
0 0.084375 0.3015625 0.0625 0.0734375
0 0.421875 0.415625 0.0390625 0.0578125
0 0.23046875 0.47734375 0.0640625 0.059375