0 0.86484375 0.440625 0.1046875 0.103125
0 0.82421875 0.8921875 0.06875 0.09375
0 0.878125 0.9390625 0.0640625 0.0765625
0 0.94765625 0.9125 0.0453125 0.0859375
0 0.6703125 0.34765625 0.0390625 0.0625
0 0.6484375 0.2578125 0.05625 0.11875
0 0.64140625 0.52578125 0.0703125 0.078125
0 0.559375 0.38828125 0.0453125 0.0875
0 0.559375 0.48671875 0.040625 0.0734375
0 0.4234375 0.246875 0.0421875 0.078125
0 0.45546875 0.18515625 0.0390625 0.084375
0 0.328125 0.26328125 0.059375 0.078125
0 0.5296875 0.2125 0.0640625 0.0765625