0 0.30703125 0.33671875 0.15625 0.1734375
0 0.2875 0.6390625 0.1265625 0.10625
0 0.20390625 0.11328125 0.146875 0.1296875
0 0.43125 0.128125 0.246875 0.234375
0 0.44609375 0.23046875 0.1421875 0.128125
0 0.6921875 0.37734375 0.134375 0.1234375
0 0.628125 0.34140625 0.0875 0.075
0 0.51640625 0.521875 0.134375 0.1609375
0 0.48046875 0.375 0.0984375 0.1421875
0 0.4140625 0.3515625 0.175 0.1515625
0 0.75625 0.746875 0.065625 0.059375
0 0.85 0.6734375 0.121875 0.096875
0 0.89921875 0.7546875 0.0578125 0.075
0 0.83828125 0.7671875 0.0921875 0.0796875
0 0.68125 0.19140625 0.128125 0.125
0 0.58359375 0.20546875 0.0484375 0.075
0 0.746875 0.09375 0.075 0.0921875
0 0.5421875 0.1265625 0.0765625 0.06875
0 0.528125 0.22421875 0.0703125 0.0625
0 0.56953125 0.35 0.071875 0.125
0 0.60703125 0.47578125 0.0953125 0.1046875
0 0.846875 0.2609375 0.10625 0.1015625
0 0.81953125 0.08515625 0.0796875 0.1
0 0.78359375 0.1734375 0.0625 0.0515625
0 0.6671875 0.10703125 0.0421875 0.0484375
0 0.8265625 0.41875 0.175 0.1640625
0 0.9671875 0.5875 0.065625 0.071875
0 0.84921875 0.1796875 0.0765625 0.075