0 0.26796875 0.1359375 0.1234375 0.1578125
0 0.18359375 0.278125 0.2140625 0.203125
0 0.165625 0.45234375 0.1671875 0.190625
0 0.44765625 0.33203125 0.175 0.2046875
0 0.74765625 0.61953125 0.240625 0.30625
0 0.6796875 0.809375 0.171875 0.3609375
0 0.3390625 0.76171875 0.1875 0.2859375
0 0.1046875 0.81328125 0.2046875 0.2609375
0 0.39453125 0.56171875 0.19375 0.2765625
0 0.6109375 0.1890625 0.0625 0.0734375
0 0.7625 0.15859375 0.040625 0.053125
0 0.68671875 0.1453125 0.0453125 0.065625
0 0.6875 0.103125 0.0453125 0.0515625
0 0.08203125 0.1734375 0.0796875 0.1453125
0 0.6 0.7203125 0.0640625 0.071875
0 0.878125 0.80234375 0.05625 0.0734375
0 0.54375 0.57109375 0.0578125 0.140625
0 0.5328125 0.48203125 0.0578125 0.0859375
0 0.53046875 0.0578125 0.1359375 0.115625