0 0.37265625 0.609375 0.05625 0.084375
0 0.40234375 0.41484375 0.046875 0.05625
0 0.746875 0.25390625 0.1046875 0.140625
0 0.67890625 0.165625 0.0984375 0.0859375
0 0.984375 0.2734375 0.03125 0.1375
0 0.37109375 0.2703125 0.059375 0.09375
0 0.43046875 0.1890625 0.0625 0.1125
0 0.34609375 0.10859375 0.0890625 0.103125
0 0.23359375 0.5 0.0640625 0.0734375
0 0.228125 0.253125 0.0875 0.075
0 0.5453125 0.47578125 0.071875 0.0765625
0 0.43125 0.46171875 0.0734375 0.0625
0 0.32890625 0.590625 0.053125 0.0578125
0 0.1859375 0.30859375 0.0546875 0.0609375
0 0.2828125 0.03359375 0.0375 0.0671875
0 0.64375 0.54921875 0.0328125 0.078125
0 0.35078125 0.41171875 0.046875 0.05625
0 0.7609375 0.5953125 0.0328125 0.0453125
0 0.86875 0.353125 0.0640625 0.0765625