0 0.2921875 0.50390625 0.2015625 0.2484375
0 0.2625 0.33515625 0.1859375 0.2765625
0 0.6203125 0.4625 0.184375 0.2265625
0 0.67421875 0.30078125 0.1796875 0.2265625
0 0.86015625 0.4984375 0.165625 0.1453125
0 0.86875 0.1578125 0.153125 0.26875
0 0.88515625 0.640625 0.1578125 0.15625
0 0.75859375 0.871875 0.090625 0.128125
0 0.8375 0.96171875 0.109375 0.0765625
0 0.58203125 0.596875 0.134375 0.2046875
0 0.41484375 0.83671875 0.0703125 0.1046875
0 0.20625 0.57109375 0.059375 0.0796875
0 0.3328125 0.88515625 0.046875 0.053125
0 0.11875 0.834375 0.0453125 0.0453125
0 0.28671875 0.646875 0.059375 0.0546875
0 0.25078125 0.7515625 0.046875 0.0734375