0 0.52265625 0.92890625 0.2015625 0.1421875
0 0.63828125 0.86875 0.1953125 0.234375
0 0.77890625 0.81796875 0.165625 0.1515625
0 0.9234375 0.86953125 0.153125 0.1328125
0 0.9328125 0.74375 0.134375 0.15625
0 0.84453125 0.6234375 0.1703125 0.1546875
0 0.76953125 0.71015625 0.196875 0.1859375
0 0.58203125 0.759375 0.171875 0.171875
0 0.4484375 0.70078125 0.1796875 0.1515625
0 0.203125 0.74296875 0.1640625 0.20625
0 0.06015625 0.60625 0.1140625 0.11875
0 0.303125 0.60703125 0.134375 0.1359375
0 0.48515625 0.59609375 0.1625 0.1515625
0 0.58671875 0.54453125 0.1703125 0.1984375
0 0.65546875 0.56171875 0.140625 0.1671875
0 0.671875 0.5109375 0.2078125 0.1734375
0 0.41484375 0.42890625 0.1765625 0.1328125