0 0.62578125 0.86875 0.1171875 0.2625
0 0.66015625 0.69921875 0.1625 0.221875
0 0.82578125 0.671875 0.175 0.2546875
0 0.865625 0.9578125 0.075 0.084375
0 0.6609375 0.20625 0.078125 0.225
0 0.77421875 0.35234375 0.0875 0.084375
0 0.5203125 0.5640625 0.1484375 0.096875
0 0.29296875 0.73125 0.1296875 0.090625
0 0.15703125 0.68828125 0.171875 0.1140625
0 0.16015625 0.56953125 0.1640625 0.3015625
0 0.1984375 0.51015625 0.2609375 0.309375
0 0.1640625 0.91015625 0.1609375 0.1140625
0 0.06328125 0.8546875 0.1265625 0.134375
0 0.44375 0.33359375 0.1203125 0.2265625
0 0.30390625 0.28984375 0.1625 0.1625
0 0.39453125 0.21796875 0.1265625 0.14375
0 0.33828125 0.16171875 0.10625 0.13125
0 0.35625 0.8484375 0.146875 0.1921875