0 0.41875 0.13515625 0.1328125 0.0984375
0 0.228125 0.065625 0.14375 0.10625
0 0.17265625 0.209375 0.109375 0.0703125
0 0.071875 0.3796875 0.128125 0.0984375
0 0.25703125 0.378125 0.0984375 0.0640625
0 0.47109375 0.33515625 0.1109375 0.13125
0 0.409375 0.32421875 0.075 0.0765625
0 0.80703125 0.16875 0.06875 0.0625
0 0.79140625 0.25703125 0.1453125 0.09375
0 0.95 0.17421875 0.1 0.1203125
0 0.96171875 0.278125 0.0765625 0.115625
0 0.87578125 0.46484375 0.109375 0.115625
0 0.77109375 0.52734375 0.178125 0.115625
0 0.87421875 0.7421875 0.1375 0.103125
0 0.67890625 0.32890625 0.08125 0.0734375
0 0.68125 0.06484375 0.090625 0.075
0 0.715625 0.0734375 0.0421875 0.04375
0 0.709375 0.10546875 0.0421875 0.0453125
0 0.6703125 0.1703125 0.04375 0.0359375
0 0.60390625 0.29296875 0.053125 0.075
0 0.57421875 0.3375 0.046875 0.0421875
0 0.5546875 0.425 0.0359375 0.04375
0 0.54921875 0.50234375 0.040625 0.040625
0 0.5015625 0.5390625 0.0578125 0.071875
0 0.46875 0.51015625 0.0484375 0.0734375
0 0.29296875 0.13671875 0.078125 0.059375
0 0.28671875 0.1765625 0.0765625 0.075