0 0.61875 0.08359375 0.1375 0.1671875
0 0.46015625 0.09375 0.1015625 0.128125
0 0.309375 0.096875 0.1078125 0.1796875
0 0.25 0.15 0.0484375 0.1640625
0 0.1828125 0.146875 0.0703125 0.1203125
0 0.10625 0.15703125 0.078125 0.1375
0 0.04140625 0.25234375 0.0828125 0.1140625
0 0.04609375 0.50078125 0.0921875 0.1203125
0 0.021875 0.6015625 0.0375 0.090625
0 0.11484375 0.7640625 0.15 0.090625
0 0.06484375 0.8453125 0.084375 0.0953125
0 0.11953125 0.93515625 0.1140625 0.1296875
0 0.65 0.225 0.1421875 0.1359375
0 0.60390625 0.409375 0.0984375 0.134375
0 0.6828125 0.4703125 0.1140625 0.1078125
0 0.43046875 0.46171875 0.1265625 0.1203125
0 0.4328125 0.34296875 0.1359375 0.153125
0 0.29453125 0.32421875 0.1 0.1140625
0 0.4296875 0.159375 0.1 0.1046875
0 0.7578125 0.0890625 0.084375 0.103125
0 0.68125 0.0421875 0.084375 0.084375
0 0.9453125 0.0984375 0.0734375 0.103125
0 0.8984375 0.33125 0.0625 0.090625
0 0.9234375 0.440625 0.075 0.1171875
0 0.84140625 0.4640625 0.0890625 0.1484375
0 0.80703125 0.328125 0.0703125 0.140625
0 0.9640625 0.49765625 0.071875 0.10625
0 0.86171875 0.71953125 0.125 0.09375
0 0.8390625 0.6671875 0.0625 0.0984375
0 0.7734375 0.66875 0.0640625 0.075
0 0.71875 0.74609375 0.1046875 0.096875
0 0.559375 0.61015625 0.04375 0.0703125
0 0.865625 0.86953125 0.0671875 0.1203125
0 0.8875 0.91875 0.0671875 0.1234375
0 0.60859375 0.8859375 0.0859375 0.096875
0 0.384375 0.94375 0.0875 0.1125
0 0.35859375 0.76484375 0.0578125 0.075
0 0.21328125 0.22421875 0.0625 0.0921875
0 0.2171875 0.2875 0.046875 0.115625
0 0.1078125 0.28046875 0.071875 0.1015625
0 0.31875 0.24453125 0.071875 0.0609375
0 0.39375 0.2578125 0.0328125 0.09375
0 0.721875 0.2828125 0.0671875 0.109375
0 0.42890625 0.58125 0.1171875 0.1078125