0 0.2390625 0.178125 0.1609375 0.1296875
0 0.30234375 0.43046875 0.159375 0.140625
0 0.41875 0.5921875 0.1953125 0.1828125
0 0.5296875 0.57421875 0.1515625 0.175
0 0.6546875 0.66640625 0.1828125 0.125
0 0.56875 0.26171875 0.21875 0.19375
0 0.65234375 0.20078125 0.1921875 0.1484375
0 0.5125 0.0984375 0.16875 0.1203125
0 0.4140625 0.2734375 0.175 0.140625
0 0.3828125 0.3890625 0.1796875 0.1484375
0 0.25 0.365625 0.153125 0.1359375
0 0.5625 0.47265625 0.1203125 0.1046875
0 0.68046875 0.55078125 0.178125 0.15625
0 0.728125 0.4390625 0.153125 0.1953125
0 0.7875 0.4640625 0.1484375 0.1046875