0 0.73359375 0.64140625 0.1734375 0.209375
0 0.54921875 0.85 0.203125 0.2
0 0.34765625 0.91640625 0.190625 0.1328125
0 0.1296875 0.77109375 0.1515625 0.14375
0 0.1796875 0.6078125 0.1875 0.15
0 0.26015625 0.53046875 0.190625 0.140625
0 0.3296875 0.60078125 0.20625 0.1578125
0 0.31171875 0.70546875 0.1890625 0.1421875
0 0.4453125 0.76640625 0.2265625 0.1921875
0 0.4890625 0.6703125 0.2078125 0.165625
0 0.625 0.62421875 0.1796875 0.140625
0 0.53828125 0.56796875 0.1640625 0.146875
0 0.65390625 0.528125 0.1765625 0.146875
0 0.64765625 0.48671875 0.1765625 0.1484375
0 0.6765625 0.353125 0.203125 0.165625
0 0.5140625 0.45390625 0.16875 0.1875
0 0.4109375 0.41640625 0.1859375 0.203125
0 0.4328125 0.496875 0.159375 0.1078125