0 0.0609375 0.19921875 0.1046875 0.1125
0 0.19140625 0.3296875 0.1453125 0.0796875
0 0.3015625 0.53359375 0.0890625 0.0703125
0 0.209375 0.634375 0.0890625 0.0921875
0 0.303125 0.428125 0.103125 0.071875
0 0.83125 0.52421875 0.290625 0.171875
0 0.7015625 0.20703125 0.16875 0.15
0 0.6046875 0.14375 0.046875 0.175
0 0.5296875 0.1234375 0.0859375 0.084375
0 0.5265625 0.2140625 0.0703125 0.1359375
0 0.91328125 0.26484375 0.1703125 0.1046875
0 0.6921875 0.03203125 0.10625 0.0546875
0 0.38984375 0.0453125 0.0875 0.0671875
0 0.31328125 0.0359375 0.0828125 0.071875
0 0.19765625 0.0375 0.0921875 0.075
0 0.784375 0.221875 0.0515625 0.0703125
0 0.78984375 0.11328125 0.0375 0.0765625
0 0.72421875 0.09921875 0.046875 0.0890625
0 0.6546875 0.10703125 0.0375 0.0875
0 0.553125 0.371875 0.0671875 0.0796875
0 0.54921875 0.4890625 0.08125 0.1109375
0 0.4859375 0.46328125 0.084375 0.0640625
0 0.596875 0.52421875 0.09375 0.04375
0 0.48515625 0.54375 0.0671875 0.0578125
0 0.78515625 0.69453125 0.06875 0.0640625
0 0.76875 0.5734375 0.046875 0.0453125
0 0.80703125 0.63359375 0.0515625 0.065625