0 0.48046875 0.3671875 0.1015625 0.0703125
0 0.80234375 0.33359375 0.2109375 0.125
0 0.7140625 0.4453125 0.1 0.0890625
0 0.7203125 0.51171875 0.078125 0.0484375
0 0.859375 0.6421875 0.1015625 0.084375
0 0.3265625 0.35546875 0.1015625 0.0859375
0 0.21953125 0.44609375 0.153125 0.0921875
0 0.68671875 0.08515625 0.0953125 0.0984375
0 0.60546875 0.2921875 0.0671875 0.078125
0 0.60859375 0.5015625 0.0765625 0.053125
0 0.440625 0.56796875 0.0765625 0.065625
0 0.79140625 0.25546875 0.1234375 0.0890625
0 0.46953125 0.14609375 0.071875 0.078125