0 0.26953125 0.5484375 0.171875 0.125
0 0.09375 0.86015625 0.1875 0.1796875
0 0.13671875 0.65859375 0.1390625 0.0875
0 0.1984375 0.521875 0.125 0.0578125
0 0.1484375 0.60703125 0.09375 0.0921875
0 0.19296875 0.2546875 0.1421875 0.1
0 0.325 0.44375 0.0640625 0.0484375
0 0.42734375 0.4609375 0.0671875 0.059375
0 0.4296875 0.50390625 0.0453125 0.04375
0 0.36796875 0.6578125 0.0484375 0.0609375
0 0.52578125 0.6359375 0.0921875 0.0546875
0 0.6734375 0.69921875 0.0921875 0.0765625
0 0.84375 0.65234375 0.1671875 0.1
0 0.93671875 0.39375 0.1265625 0.065625
0 0.60546875 0.4703125 0.0765625 0.0515625
0 0.2625 0.8359375 0.090625 0.05
0 0.915625 0.74765625 0.0921875 0.053125
0 0.465625 0.8328125 0.0640625 0.06875
0 0.29375 0.76171875 0.0828125 0.05625
0 0.4390625 0.9515625 0.071875 0.0625