0 0.4859375 0.5046875 0.1609375 0.1578125
0 0.35546875 0.61171875 0.19375 0.1921875
0 0.3046875 0.68203125 0.1703125 0.1390625
0 0.58671875 0.59453125 0.1578125 0.140625
0 0.37265625 0.46328125 0.175 0.1203125
0 0.265625 0.45546875 0.1421875 0.1109375
0 0.20625 0.5125 0.0765625 0.096875
0 0.2875 0.3484375 0.1328125 0.115625
0 0.4875 0.328125 0.15 0.1328125
0 0.825 0.28828125 0.165625 0.140625
0 0.53828125 0.415625 0.1484375 0.134375
0 0.3296875 0.28671875 0.1640625 0.1296875
0 0.634375 0.9078125 0.1640625 0.1421875