0 0.7375 0.6296875 0.2109375 0.1578125
0 0.14296875 0.52109375 0.175 0.140625
0 0.0140625 0.7484375 0.028125 0.171875
0 0.10390625 0.25859375 0.1484375 0.1046875
0 0.04296875 0.3921875 0.071875 0.0765625
0 0.296875 0.62734375 0.121875 0.10625
0 0.44765625 0.62578125 0.10625 0.0828125
0 0.57421875 0.69375 0.075 0.0921875
0 0.64453125 0.89765625 0.0921875 0.084375
0 0.4859375 0.90625 0.0765625 0.0609375
0 0.59921875 0.89375 0.0328125 0.0484375
0 0.4234375 0.95234375 0.08125 0.0671875
0 0.3875 0.85625 0.065625 0.04375
0 0.43203125 0.82578125 0.0796875 0.0890625
0 0.47265625 0.7453125 0.0640625 0.04375
0 0.4859375 0.709375 0.06875 0.06875
0 0.85078125 0.3765625 0.10625 0.0875
0 0.78828125 0.47734375 0.0609375 0.08125
0 0.73671875 0.56171875 0.1203125 0.0796875
0 0.696875 0.4984375 0.0734375 0.071875
0 0.5875 0.49296875 0.0796875 0.071875
0 0.7875 0.7734375 0.14375 0.1140625
0 0.81640625 0.95546875 0.2234375 0.0890625