0 0.40078125 0.03515625 0.1359375 0.0703125
0 0.778125 0.15703125 0.1625 0.184375
0 0.4859375 0.19921875 0.2015625 0.2171875
0 0.3296875 0.184375 0.1828125 0.2046875
0 0.14375 0.18984375 0.2015625 0.1921875
0 0.04609375 0.17890625 0.0921875 0.1578125
0 0.02578125 0.2703125 0.0515625 0.196875
0 0.09765625 0.3828125 0.19375 0.1890625
0 0.15546875 0.3 0.2328125 0.2265625
0 0.36953125 0.30625 0.1296875 0.11875
0 0.35859375 0.38828125 0.1953125 0.2453125
0 0.309375 0.425 0.1765625 0.203125
0 0.26875 0.46328125 0.2203125 0.2109375
0 0.55546875 0.53984375 0.1953125 0.146875
0 0.64140625 0.53984375 0.15625 0.1640625
0 0.63828125 0.3453125 0.1828125 0.2265625
0 0.490625 0.28828125 0.21875 0.221875
0 0.48515625 0.36328125 0.209375 0.190625
0 0.53515625 0.44609375 0.1734375 0.1578125
0 0.271875 0.09296875 0.2140625 0.1421875
0 0.61328125 0.7953125 0.1 0.15