0 0.51328125 0.275 0.159375 0.1265625
0 0.58671875 0.05078125 0.1296875 0.1015625
0 0.26484375 0.2140625 0.1328125 0.1
0 0.56875 0.15234375 0.0859375 0.115625
0 0.63515625 0.08046875 0.075 0.08125
0 0.709375 0.09453125 0.1 0.1046875
0 0.7671875 0.25859375 0.109375 0.1375
0 0.65859375 0.40078125 0.1078125 0.09375
0 0.6109375 0.46015625 0.09375 0.0796875
0 0.76328125 0.41328125 0.075 0.0703125
0 0.8 0.34765625 0.1125 0.109375
0 0.88125 0.60234375 0.1109375 0.1015625
0 0.75859375 0.61015625 0.075 0.075
0 0.690625 0.55703125 0.103125 0.0640625
0 0.9109375 0.76171875 0.125 0.103125
0 0.42265625 0.63359375 0.1078125 0.0765625
0 0.55625 0.58515625 0.084375 0.075
0 0.2328125 0.0171875 0.075 0.034375