0 0.38046875 0.384375 0.08125 0.128125
0 0.61875 0.671875 0.1046875 0.0984375
0 0.6953125 0.490625 0.096875 0.1171875
0 0.8828125 0.596875 0.13125 0.1140625
0 0.95 0.49921875 0.1 0.1203125
0 0.80234375 0.38203125 0.0578125 0.0578125
0 0.45625 0.67421875 0.0625 0.0875
0 0.34609375 0.54609375 0.0421875 0.0875
0 0.6109375 0.55390625 0.046875 0.053125
0 0.5234375 0.57734375 0.053125 0.075
0 0.51328125 0.87265625 0.134375 0.1421875
0 0.33515625 0.8609375 0.096875 0.115625
0 0.5640625 0.4265625 0.059375 0.0640625
0 0.64609375 0.2484375 0.0484375 0.0859375