0 0.8390625 0.7671875 0.1734375 0.1328125
0 0.8734375 0.71328125 0.1171875 0.084375
0 0.840625 0.67578125 0.0984375 0.096875
0 0.66640625 0.403125 0.178125 0.1875
0 0.7765625 0.55234375 0.090625 0.084375
0 0.5640625 0.78515625 0.1640625 0.1375
0 0.4859375 0.8453125 0.15625 0.1421875
0 0.33515625 0.91328125 0.096875 0.0859375
0 0.2109375 0.87265625 0.2578125 0.18125
0 0.26484375 0.7484375 0.1671875 0.1578125
0 0.08203125 0.6484375 0.1421875 0.125
0 0.48984375 0.9703125 0.1359375 0.059375
0 0.64921875 0.90234375 0.1015625 0.1
0 0.6875 0.84609375 0.134375 0.134375
0 0.55 0.67421875 0.178125 0.1359375
0 0.41328125 0.67109375 0.1046875 0.103125
0 0.38515625 0.78359375 0.11875 0.1140625
0 0.5515625 0.42734375 0.090625 0.1
0 0.31328125 0.33203125 0.253125 0.2140625
0 0.40390625 0.13359375 0.1875 0.1125
0 0.34921875 0.08125 0.25625 0.1609375
0 0.85625 0.11953125 0.1828125 0.16875
0 0.9859375 0.58984375 0.028125 0.0921875
0 0.54765625 0.23671875 0.128125 0.1359375
0 0.4921875 0.50859375 0.1109375 0.0890625
0 0.6734375 0.6234375 0.0640625 0.084375
0 0.7453125 0.6109375 0.0578125 0.065625
0 0.346875 0.6421875 0.1171875 0.0796875
0 0.86328125 0.54609375 0.0625 0.0828125
0 0.7765625 0.278125 0.090625 0.0796875
0 0.69609375 0.29296875 0.071875 0.0875
0 0.64140625 0.0171875 0.0921875 0.034375