0 0.275 0.25390625 0.04375 0.065625
0 0.24765625 0.2765625 0.0546875 0.0828125
0 0.2390625 0.303125 0.0625 0.0484375
0 0.221875 0.3484375 0.05625 0.065625
0 0.14140625 0.2671875 0.025 0.0265625
0 0.1546875 0.32265625 0.0375 0.0515625
0 0.08984375 0.290625 0.0546875 0.075
0 0.4390625 0.35546875 0.059375 0.075
0 0.54296875 0.38515625 0.053125 0.0671875
0 0.6359375 0.409375 0.05 0.0609375
0 0.66640625 0.44765625 0.0359375 0.046875
0 0.6546875 0.48359375 0.0484375 0.0515625
0 0.5890625 0.4703125 0.034375 0.034375
0 0.6125 0.50546875 0.05 0.05625
0 0.55390625 0.5375 0.0296875 0.059375
0 0.53515625 0.48828125 0.034375 0.065625
0 0.53125 0.5359375 0.0328125 0.0421875
0 0.44765625 0.4953125 0.0296875 0.034375
0 0.5109375 0.55390625 0.034375 0.05625
0 0.33515625 0.3890625 0.0359375 0.040625
0 0.35625 0.32109375 0.0453125 0.0703125
0 0.03359375 0.3453125 0.0546875 0.05
0 0.02265625 0.38203125 0.0359375 0.0375