0 0.528125 0.184375 0.2109375 0.190625
0 0.23515625 0.07421875 0.2203125 0.1484375
0 0.43125 0.134375 0.125 0.1765625
0 0.32421875 0.23828125 0.0734375 0.096875
0 0.44921875 0.47578125 0.19375 0.221875
0 0.56640625 0.346875 0.234375 0.2625
0 0.6078125 0.55078125 0.29375 0.2890625
0 0.34921875 0.5234375 0.1890625 0.2328125
0 0.19296875 0.675 0.1625 0.2109375
0 0.07578125 0.7328125 0.1515625 0.1625
0 0.0625 0.58515625 0.1234375 0.1234375
0 0.05703125 0.44453125 0.1140625 0.1453125
0 0.06875 0.33671875 0.1078125 0.128125
0 0.1453125 0.2046875 0.128125 0.209375
0 0.1765625 0.3203125 0.1484375 0.2578125
0 0.17890625 0.20390625 0.165625 0.1546875
0 0.92578125 0.1953125 0.0859375 0.0921875
0 0.1921875 0.77734375 0.0953125 0.1
0 0.77265625 0.83984375 0.0578125 0.0609375
0 0.8328125 0.6359375 0.04375 0.0515625
0 0.93671875 0.740625 0.053125 0.0734375
0 0.84765625 0.9390625 0.04375 0.0765625
0 0.96015625 0.4640625 0.046875 0.075
0 0.9671875 0.33203125 0.0578125 0.0625
0 0.85625 0.27734375 0.0578125 0.0625
0 0.759375 0.22734375 0.0421875 0.06875
0 0.72734375 0.12578125 0.053125 0.0734375