0 0.6875 0.22578125 0.175 0.1484375
0 0.67578125 0.04296875 0.096875 0.0703125
0 0.56328125 0.0234375 0.09375 0.046875
0 0.37109375 0.0421875 0.09375 0.0578125
0 0.1734375 0.32890625 0.1421875 0.084375
0 0.284375 0.51015625 0.0890625 0.078125
0 0.28828125 0.41953125 0.0875 0.0859375
0 0.21796875 0.63359375 0.0875 0.0921875
0 0.52265625 0.5015625 0.065625 0.0828125
0 0.48046875 0.46328125 0.0625 0.075
0 0.57265625 0.5328125 0.0671875 0.0765625
0 0.47421875 0.55546875 0.071875 0.0578125
0 0.7015625 0.503125 0.19375 0.1390625
0 0.9171875 0.27421875 0.165625 0.1015625
0 0.87890625 0.18046875 0.059375 0.090625
0 0.809375 0.22109375 0.0578125 0.0734375
0 0.80546875 0.1078125 0.04375 0.0875
0 0.73125 0.1359375 0.0390625 0.121875
0 0.6125 0.16015625 0.06875 0.146875
0 0.5171875 0.2359375 0.075 0.1265625
0 0.52421875 0.1359375 0.0828125 0.075
0 0.403125 0.18828125 0.071875 0.071875
0 0.40703125 0.11328125 0.065625 0.0828125
0 0.30390625 0.04296875 0.071875 0.0671875
0 0.1953125 0.03203125 0.075 0.0640625
0 0.30546875 0.2515625 0.0703125 0.08125
0 0.625 0.3140625 0.0765625 0.06875
0 0.86015625 0.45078125 0.1234375 0.071875
0 0.78359375 0.69921875 0.0671875 0.0734375
0 0.05 0.16015625 0.059375 0.0765625
0 0.09765625 0.03515625 0.0609375 0.0609375