0 0.58203125 0.315625 0.165625 0.15
0 0.6 0.24375 0.165625 0.1484375
0 0.47265625 0.15625 0.1703125 0.171875
0 0.4140625 0.371875 0.171875 0.1890625
0 0.315625 0.409375 0.19375 0.15625
0 0.18671875 0.23203125 0.178125 0.15
0 0.27578125 0.17890625 0.1859375 0.1640625
0 0.53984375 0.5765625 0.1734375 0.121875
0 0.68828125 0.4125 0.159375 0.1484375
0 0.30078125 0.0859375 0.1578125 0.1234375
0 0.4421875 0.0671875 0.190625 0.134375
0 0.184375 0.03125 0.15 0.0625
0 0.45625 0.29296875 0.1234375 0.1265625
0 0.55546875 0.45390625 0.1609375 0.140625
0 0.5359375 0.38125 0.159375 0.1484375
0 0.1140625 0.084375 0.13125 0.16875