0 0.4046875 0.44140625 0.1 0.115625
0 0.4515625 0.4796875 0.084375 0.075
0 0.51640625 0.5390625 0.0828125 0.0625
0 0.559375 0.646875 0.0796875 0.0640625
0 0.50078125 0.6234375 0.0625 0.0609375
0 0.39375 0.6875 0.0578125 0.0828125
0 0.2984375 0.73203125 0.078125 0.05625
0 0.125 0.6953125 0.0703125 0.115625
0 0.2015625 0.60703125 0.05 0.065625
0 0.13359375 0.3203125 0.0796875 0.0828125
0 0.36171875 0.3328125 0.09375 0.115625
0 0.22421875 0.31171875 0.071875 0.1015625
0 0.603125 0.453125 0.0625 0.06875
0 0.61640625 0.3078125 0.0796875 0.0875
0 0.84140625 0.50546875 0.05625 0.0765625