0 0.7 0.41875 0.146875 0.1171875
0 0.68671875 0.25546875 0.140625 0.1609375
0 0.68359375 0.58515625 0.13125 0.125
0 0.6703125 0.709375 0.1515625 0.13125
0 0.61953125 0.90546875 0.1390625 0.1140625
0 0.590625 0.81328125 0.1234375 0.10625
0 0.76796875 0.9453125 0.1828125 0.109375
0 0.85703125 0.57265625 0.1703125 0.1234375
0 0.94375 0.53984375 0.1125 0.1296875
0 0.43671875 0.3546875 0.1625 0.1296875
0 0.2859375 0.39921875 0.1359375 0.128125
0 0.28515625 0.71796875 0.1828125 0.15625
0 0.33203125 0.928125 0.16875 0.1234375
0 0.4640625 0.8484375 0.1578125 0.1328125
0 0.5546875 0.71328125 0.1859375 0.146875
0 0.528125 0.56953125 0.153125 0.1171875
0 0.5875 0.465625 0.1203125 0.121875
0 0.4203125 0.58984375 0.13125 0.109375
0 0.7828125 0.73515625 0.1640625 0.146875