0 0.7578125 0.71875 0.1953125 0.23125
0 0.709375 0.82734375 0.15 0.13125
0 0.7125 0.34453125 0.2546875 0.221875
0 0.72734375 0.08359375 0.146875 0.1484375
0 0.48828125 0.1796875 0.18125 0.28125
0 0.56328125 0.3078125 0.1140625 0.1125
0 0.47734375 0.3640625 0.1328125 0.1578125
0 0.3984375 0.40703125 0.1640625 0.2
0 0.45078125 0.48984375 0.115625 0.115625
0 0.4828125 0.61484375 0.13125 0.134375
0 0.4984375 0.70234375 0.1125 0.1125
0 0.4875 0.79921875 0.128125 0.178125
0 0.4859375 0.9359375 0.115625 0.128125
0 0.596875 0.94453125 0.078125 0.103125
0 0.67421875 0.93125 0.1140625 0.1140625
0 0.61796875 0.878125 0.0890625 0.0890625
0 0.953125 0.8234375 0.09375 0.14375
0 0.91953125 0.70625 0.1265625 0.103125
0 0.82734375 0.48515625 0.096875 0.1390625
0 0.86875 0.3734375 0.0703125 0.0921875
0 0.859375 0.30390625 0.1046875 0.1203125
0 0.93828125 0.30625 0.0875 0.1171875
0 0.27109375 0.35234375 0.14375 0.5578125
0 0.1671875 0.22578125 0.1125 0.2625
0 0.090625 0.615625 0.18125 0.290625
0 0.09921875 0.88984375 0.1515625 0.2203125
0 0.171875 0.88515625 0.1703125 0.225
0 0.2921875 0.77734375 0.1515625 0.2015625
0 0.38125 0.8890625 0.1578125 0.1671875
0 0.28125 0.675 0.1734375 0.1734375
0 0.64140625 0.66484375 0.1140625 0.1625
0 0.58828125 0.62734375 0.0765625 0.15625
0 0.89609375 0.0171875 0.1265625 0.034375