0 0.16640625 0.5609375 0.1234375 0.1265625
0 0.27890625 0.32265625 0.1015625 0.0984375
0 0.10859375 0.34765625 0.0984375 0.08125
0 0.28046875 0.209375 0.0953125 0.090625
0 0.73828125 0.27265625 0.1078125 0.1328125
0 0.684375 0.6234375 0.046875 0.0921875
0 0.43359375 0.62109375 0.071875 0.0734375
0 0.35390625 0.6515625 0.0625 0.0828125
0 0.32265625 0.51171875 0.071875 0.071875
0 0.40078125 0.4421875 0.0546875 0.05625
0 0.91328125 0.2265625 0.0796875 0.1234375
0 0.6140625 0.19453125 0.0828125 0.084375
0 0.5171875 0.14609375 0.0921875 0.0796875
0 0.80234375 0.540625 0.0609375 0.0703125