0 0.7125 0.65546875 0.0890625 0.090625
0 0.67265625 0.55 0.090625 0.1140625
0 0.465625 0.6234375 0.103125 0.090625
0 0.3453125 0.678125 0.0546875 0.0984375
0 0.05 0.5421875 0.1 0.115625
0 0.046875 0.3828125 0.0703125 0.0765625
0 0.07890625 0.5140625 0.06875 0.0765625
0 0.22734375 0.35234375 0.125 0.1296875
0 0.12265625 0.25625 0.10625 0.121875
0 0.0765625 0.13359375 0.096875 0.1
0 0.078125 0.1796875 0.053125 0.075
0 0.2703125 0.26171875 0.1046875 0.1125
0 0.3046875 0.3171875 0.040625 0.053125
0 0.24453125 0.46953125 0.065625 0.08125
0 0.3484375 0.54609375 0.0640625 0.0640625
0 0.409375 0.42890625 0.065625 0.0875
0 0.42578125 0.3375 0.075 0.08125
0 0.5484375 0.51875 0.059375 0.0734375
0 0.56796875 0.67734375 0.0859375 0.075
0 0.84140625 0.5453125 0.0859375 0.0734375
0 0.78046875 0.46953125 0.078125 0.0875
0 0.771875 0.31953125 0.1078125 0.11875
0 0.890625 0.28671875 0.08125 0.10625
0 0.86796875 0.21015625 0.0703125 0.0796875
0 0.92734375 0.49140625 0.09375 0.1390625
0 0.203125 0.53359375 0.09375 0.1109375