0 0.30078125 0.74296875 0.2046875 0.284375
0 0.3828125 0.57109375 0.246875 0.3296875
0 0.20234375 0.28046875 0.290625 0.334375
0 0.6203125 0.4703125 0.2234375 0.228125
0 0.67265625 0.84765625 0.2171875 0.2140625
0 0.81640625 0.44609375 0.1421875 0.225
0 0.51015625 0.2671875 0.18125 0.2875
0 0.384375 0.28828125 0.1828125 0.284375
0 0.17109375 0.8265625 0.3 0.25625
0 0.46328125 0.86640625 0.1484375 0.1546875
0 0.1890625 0.48984375 0.21875 0.2125
0 0.37421875 0.08125 0.1703125 0.1625
0 0.503125 0.10078125 0.153125 0.2015625