0 0.4921875 0.15234375 0.221875 0.1984375
0 0.11015625 0.63828125 0.1828125 0.1640625
0 0.0390625 0.82109375 0.078125 0.1609375
0 0.72265625 0.353125 0.2140625 0.1921875
0 0.625 0.27578125 0.0921875 0.103125
0 0.65546875 0.41328125 0.2296875 0.209375
0 0.7921875 0.53984375 0.1046875 0.11875
0 0.72890625 0.58125 0.1625 0.15
0 0.4 0.371875 0.196875 0.175
0 0.49375 0.41953125 0.1453125 0.11875
0 0.44296875 0.47578125 0.1484375 0.125
0 0.3578125 0.475 0.09375 0.1
0 0.43046875 0.565625 0.175 0.16875
0 0.48828125 0.66640625 0.184375 0.1328125
0 0.5609375 0.7875 0.1375 0.1484375
0 0.5828125 0.659375 0.1609375 0.140625
0 0.6796875 0.69609375 0.1703125 0.140625