0 0.48125 0.68359375 0.228125 0.178125
0 0.33203125 0.70703125 0.0953125 0.090625
0 0.14765625 0.803125 0.1546875 0.2453125
0 0.08515625 0.56015625 0.1375 0.1875
0 0.09921875 0.30703125 0.10625 0.1875
0 0.0421875 0.41796875 0.0640625 0.0984375
0 0.13671875 0.40859375 0.096875 0.1265625
0 0.22734375 0.28515625 0.1625 0.209375
0 0.09453125 0.14453125 0.171875 0.1515625
0 0.35703125 0.41953125 0.16875 0.2046875
0 0.440625 0.48828125 0.1765625 0.1953125
0 0.565625 0.49765625 0.234375 0.2390625
0 0.321875 0.5625 0.0671875 0.0953125
0 0.2671875 0.82421875 0.0484375 0.1015625
0 0.29609375 0.971875 0.0953125 0.05625
0 0.4375 0.840625 0.1046875 0.128125
0 0.41796875 0.91171875 0.0921875 0.1015625
0 0.63046875 0.865625 0.0640625 0.053125
0 0.7953125 0.753125 0.0625 0.0953125
0 0.95546875 0.37265625 0.040625 0.065625
0 0.83828125 0.50390625 0.0375 0.05625
0 0.79453125 0.28046875 0.025 0.0546875
0 0.1890625 0.57890625 0.0921875 0.1984375
0 0.2125 0.721875 0.109375 0.1375
0 0.96171875 0.846875 0.0765625 0.115625