0 0.559375 0.325 0.234375 0.1875
0 0.71015625 0.3359375 0.1 0.0953125
0 0.91171875 0.284375 0.165625 0.2515625
0 0.91796875 0.53515625 0.146875 0.19375
0 0.846875 0.778125 0.115625 0.1921875
0 0.928125 0.68359375 0.06875 0.1015625
0 0.83359375 0.67109375 0.103125 0.1296875
0 0.71796875 0.7703125 0.171875 0.215625
0 0.8140625 0.92890625 0.178125 0.1421875
0 0.62109375 0.6109375 0.178125 0.2109375
0 0.5546875 0.525 0.184375 0.2015625
0 0.43515625 0.4875 0.2453125 0.2484375
0 0.6875 0.47890625 0.071875 0.0984375
0 0.8 0.23671875 0.053125 0.103125
0 0.8078125 0.07421875 0.0984375 0.084375
0 0.6375 0.1828125 0.1109375 0.13125
0 0.67265625 0.1171875 0.096875 0.10625
0 0.4546875 0.1140625 0.065625 0.05625
0 0.26953125 0.18671875 0.0671875 0.096875
0 0.02734375 0.521875 0.04375 0.0671875
0 0.17109375 0.41953125 0.040625 0.0578125
0 0.1640625 0.64765625 0.028125 0.0546875
0 0.8203125 0.49296875 0.1015625 0.2015625
0 0.8296875 0.3484375 0.115625 0.1421875
0 0.11015625 0.05625 0.1171875 0.1125