0 0.6125 0.13984375 0.128125 0.1765625
0 0.30078125 0.01640625 0.0453125 0.0328125
0 0.13125 0.1125 0.1703125 0.1703125
0 0.078125 0.1703125 0.1078125 0.0953125
0 0.321875 0.65078125 0.1234375 0.0984375
0 0.4609375 0.5734375 0.1484375 0.178125
0 0.37734375 0.64609375 0.0828125 0.1390625
0 0.39453125 0.73515625 0.0859375 0.0828125
0 0.415625 0.82421875 0.0625 0.0671875
0 0.44609375 0.884375 0.0765625 0.065625
0 0.3625 0.853125 0.05 0.10625
0 0.29375 0.90078125 0.0671875 0.0546875
0 0.56640625 0.64765625 0.075 0.090625
0 0.61875 0.72890625 0.0578125 0.0921875
0 0.56171875 0.96328125 0.0546875 0.0734375
0 0.55625 0.84296875 0.059375 0.0796875
0 0.53828125 0.684375 0.0609375 0.0734375
0 0.44453125 0.21640625 0.06875 0.0796875
0 0.584375 0.33984375 0.05625 0.0625
0 0.51015625 0.2015625 0.053125 0.0828125
0 0.3703125 0.0875 0.08125 0.1078125
0 0.3 0.07421875 0.0609375 0.0640625
0 0.33046875 0.11796875 0.0390625 0.0578125
0 0.4484375 0.29375 0.053125 0.06875