0 0.615625 0.6640625 0.284375 0.18125
0 0.8796875 0.80078125 0.1375 0.153125
0 0.965625 0.7265625 0.06875 0.0875
0 0.49375 0.828125 0.2484375 0.153125
0 0.56171875 0.86640625 0.1328125 0.0890625
0 0.14765625 0.89921875 0.2359375 0.2015625
0 0.24296875 0.7578125 0.084375 0.0578125
0 0.27421875 0.6421875 0.1078125 0.0921875
0 0.70234375 0.47421875 0.1125 0.090625
0 0.39140625 0.34296875 0.2109375 0.21875
0 0.50234375 0.53828125 0.0609375 0.0796875
0 0.6390625 0.5046875 0.0734375 0.0640625
0 0.8671875 0.415625 0.0796875 0.046875
0 0.9015625 0.48515625 0.0796875 0.0671875
0 0.4515625 0.97109375 0.075 0.05625