0 0.42890625 0.56640625 0.0921875 0.1125
0 0.41953125 0.44296875 0.0515625 0.1125
0 0.409375 0.4453125 0.090625 0.1125
0 0.38671875 0.3640625 0.065625 0.0546875
0 0.20078125 0.425 0.0984375 0.1
0 0.2703125 0.6578125 0.0703125 0.065625
0 0.2875 0.6953125 0.0671875 0.0609375
0 0.30703125 0.89609375 0.0734375 0.1046875
0 0.69375 0.56171875 0.075 0.14375
0 0.60703125 0.29296875 0.0625 0.0984375
0 0.91796875 0.4203125 0.05625 0.0890625
0 0.91953125 0.4921875 0.065625 0.0828125
0 0.79609375 0.41640625 0.0640625 0.071875
0 0.8359375 0.5109375 0.0515625 0.075
0 0.97265625 0.79765625 0.0546875 0.1609375
0 0.940625 0.73125 0.046875 0.0953125
0 0.69140625 0.75078125 0.0984375 0.1140625
0 0.4828125 0.68203125 0.096875 0.146875
0 0.375 0.6234375 0.04375 0.0765625
0 0.68515625 0.340625 0.0609375 0.0984375
0 0.81796875 0.61640625 0.0390625 0.0515625