0 0.4859375 0.146875 0.06875 0.15625
0 0.428125 0.325 0.1140625 0.103125
0 0.4046875 0.5640625 0.115625 0.1890625
0 0.3328125 0.61328125 0.1296875 0.1734375
0 0.27578125 0.4046875 0.06875 0.18125
0 0.20078125 0.45234375 0.0859375 0.121875
0 0.1140625 0.56796875 0.0546875 0.140625
0 0.16640625 0.75625 0.0921875 0.2046875
0 0.10625 0.8890625 0.0609375 0.171875
0 0.2296875 0.67890625 0.08125 0.1953125
0 0.30625 0.31640625 0.1140625 0.153125
0 0.34375 0.2296875 0.053125 0.090625
0 0.73828125 0.19375 0.0890625 0.0796875
0 0.703125 0.11484375 0.0578125 0.071875
0 0.94140625 0.225 0.0640625 0.08125
0 0.90625 0.84296875 0.059375 0.0890625
0 0.44453125 0.421875 0.146875 0.146875
0 0.53671875 0.15390625 0.0625 0.1171875
0 0.3984375 0.2203125 0.0921875 0.215625