0 0.32734375 0.4515625 0.128125 0.1
0 0.1359375 0.2375 0.1078125 0.09375
0 0.1109375 0.115625 0.1 0.065625
0 0.4140625 0.125 0.078125 0.1140625
0 0.38828125 0.30859375 0.090625 0.11875
0 0.54609375 0.36484375 0.0921875 0.0703125
0 0.54296875 0.28046875 0.05625 0.053125
0 0.503125 0.24140625 0.0640625 0.05625
0 0.503125 0.1734375 0.08125 0.0640625
0 0.46328125 0.13125 0.065625 0.0625
0 0.54609375 0.1203125 0.0859375 0.0609375
0 0.54140625 0.078125 0.0953125 0.0796875
0 0.653125 0.03671875 0.0765625 0.0609375
0 0.7265625 0.02265625 0.065625 0.0453125
0 0.7875 0.0390625 0.1 0.078125
0 0.84296875 0.04140625 0.1078125 0.0828125
0 0.79609375 0.29140625 0.1078125 0.084375
0 0.91171875 0.28515625 0.1421875 0.1484375
0 0.76796875 0.41640625 0.0984375 0.059375
0 0.65703125 0.4515625 0.0859375 0.0765625
0 0.62734375 0.49140625 0.075 0.0546875
0 0.49140625 0.55234375 0.0984375 0.0921875
0 0.55234375 0.41796875 0.0671875 0.0625
0 0.58203125 0.56796875 0.0625 0.075
0 0.89375 0.659375 0.1203125 0.0734375
0 0.77578125 0.534375 0.0859375 0.0671875
0 0.73046875 0.20546875 0.0625 0.0671875
0 0.65546875 0.26875 0.065625 0.0796875
0 0.0453125 0.4078125 0.090625 0.071875