0 0.60859375 0.35625 0.090625 0.0796875
0 0.83984375 0.47890625 0.071875 0.084375
0 0.5484375 0.396875 0.084375 0.090625
0 0.55625 0.4640625 0.103125 0.0921875
0 0.5125 0.54296875 0.096875 0.0953125
0 0.46953125 0.49609375 0.08125 0.0796875
0 0.6703125 0.665625 0.078125 0.075
0 0.634375 0.5484375 0.0640625 0.0765625
0 0.63984375 0.696875 0.0765625 0.0953125
0 0.6109375 0.66328125 0.0484375 0.053125
0 0.53671875 0.628125 0.0625 0.0703125
0 0.56875 0.7 0.0515625 0.0734375
0 0.53828125 0.915625 0.1265625 0.13125
0 0.2390625 0.546875 0.0984375 0.0875
0 0.3390625 0.71328125 0.1234375 0.178125
0 0.22734375 0.74375 0.1359375 0.146875
0 0.20703125 0.678125 0.08125 0.0796875
0 0.1046875 0.33125 0.0796875 0.1046875
0 0.071875 0.5 0.1109375 0.1171875
0 0.14453125 0.4375 0.075 0.071875
0 0.19921875 0.3578125 0.05625 0.06875
0 0.00859375 0.62109375 0.0171875 0.0890625
0 0.315625 0.2765625 0.04375 0.0453125
0 0.33671875 0.2734375 0.0703125 0.0890625
0 0.43125 0.28203125 0.0703125 0.0921875