0 0.6734375 0.65078125 0.0625 0.09375
0 0.82890625 0.4578125 0.0796875 0.121875
0 0.940625 0.46171875 0.0765625 0.06875
0 0.97109375 0.43203125 0.0578125 0.0796875
0 0.95 0.2921875 0.0625 0.09375
0 0.8390625 0.215625 0.1140625 0.09375
0 0.7546875 0.31328125 0.1125 0.1078125
0 0.64140625 0.31640625 0.0453125 0.0734375
0 0.66953125 0.23984375 0.0890625 0.115625
0 0.834375 0.06953125 0.09375 0.1078125
0 0.8609375 0.11875 0.065625 0.0796875
0 0.64921875 0.5234375 0.040625 0.0671875
0 0.7390625 0.41015625 0.0390625 0.0765625
0 0.5453125 0.33984375 0.0734375 0.06875
0 0.56484375 0.4 0.0484375 0.0671875
0 0.5484375 0.61171875 0.065625 0.0671875
0 0.33671875 0.5875 0.1171875 0.1171875
0 0.31328125 0.68515625 0.090625 0.0828125
0 0.16015625 0.60390625 0.06875 0.0515625
0 0.215625 0.5328125 0.0421875 0.0765625
0 0.1859375 0.375 0.0625 0.1171875
0 0.2296875 0.37421875 0.053125 0.0734375
0 0.28359375 0.26796875 0.065625 0.1
0 0.0734375 0.384375 0.053125 0.090625
0 0.0640625 0.57734375 0.06875 0.140625
0 0.065625 0.309375 0.05625 0.0828125
0 0.7703125 0.0703125 0.05 0.0765625
0 0.5828125 0.16015625 0.04375 0.071875
0 0.4625 0.5203125 0.059375 0.06875