0 0.08515625 0.42109375 0.1703125 0.2859375
0 0.11796875 0.31171875 0.1546875 0.146875
0 0.16015625 0.4578125 0.1328125 0.128125
0 0.22890625 0.5640625 0.1 0.25
0 0.3140625 0.64609375 0.2203125 0.203125
0 0.29765625 0.82265625 0.1640625 0.228125
0 0.4140625 0.76328125 0.159375 0.159375
0 0.44765625 0.909375 0.1328125 0.18125
0 0.59453125 0.790625 0.221875 0.284375
0 0.415625 0.35859375 0.134375 0.2046875
0 0.43125 0.2609375 0.175 0.1640625
0 0.53125 0.315625 0.1015625 0.1546875
0 0.7 0.2515625 0.15 0.128125
0 0.77578125 0.0390625 0.1671875 0.078125
0 0.453125 0.0875 0.0828125 0.1640625
0 0.3609375 0.06015625 0.1 0.1140625
0 0.6234375 0.0625 0.109375 0.1140625