0 0.53359375 0.159375 0.2859375 0.30625
0 0.65390625 0.08046875 0.134375 0.140625
0 0.75703125 0.275 0.1265625 0.125
0 0.7234375 0.34453125 0.13125 0.1296875
0 0.965625 0.33828125 0.06875 0.1328125
0 0.96171875 0.153125 0.0765625 0.190625
0 0.89765625 0.915625 0.1140625 0.1453125
0 0.125 0.58046875 0.25 0.2640625
0 0.15390625 0.45625 0.28125 0.21875
0 0.18125 0.36640625 0.2640625 0.259375
0 0.25234375 0.29453125 0.165625 0.175
0 0.51328125 0.55078125 0.20625 0.184375
0 0.2765625 0.7109375 0.16875 0.259375
0 0.11640625 0.8 0.2328125 0.28125
0 0.18515625 0.89375 0.2125 0.159375
0 0.2203125 0.053125 0.2125 0.10625
0 0.3515625 0.22734375 0.075 0.1
0 0.396875 0.2828125 0.0828125 0.0796875