0 0.33828125 0.84140625 0.303125 0.2734375
0 0.48984375 0.91171875 0.1828125 0.1765625
0 0.596875 0.9359375 0.140625 0.128125
0 0.72890625 0.85625 0.1953125 0.2609375
0 0.8296875 0.92734375 0.175 0.1453125
0 0.8703125 0.7046875 0.25625 0.3359375
0 0.91484375 0.45390625 0.1703125 0.1984375
0 0.94296875 0.37890625 0.1140625 0.1859375
0 0.9 0.1421875 0.2 0.209375
0 0.80703125 0.08984375 0.2640625 0.1609375
0 0.4875 0.2234375 0.4171875 0.321875
0 0.2140625 0.3375 0.2484375 0.296875
0 0.13046875 0.1328125 0.2328125 0.20625
0 0.05390625 0.39609375 0.1046875 0.1375
0 0.096875 0.596875 0.19375 0.18125
0 0.25078125 0.51328125 0.334375 0.28125
0 0.49375 0.5203125 0.1984375 0.2359375
0 0.04375 0.734375 0.0875 0.19375
0 0.13828125 0.87890625 0.1734375 0.1609375
0 0.1953125 0.77734375 0.2265625 0.20625
0 0.34296875 0.70546875 0.1453125 0.1625
0 0.56015625 0.7359375 0.2953125 0.2734375
0 0.70625 0.6734375 0.1078125 0.146875
0 0.7 0.4859375 0.340625 0.3875
0 0.92890625 0.4671875 0.1421875 0.215625
0 0.3046875 0.08828125 0.134375 0.1765625