0 0.6359375 0.19921875 0.2078125 0.1859375
0 0.6171875 0.28125 0.2171875 0.1890625
0 0.47421875 0.4390625 0.184375 0.184375
0 0.375 0.36875 0.1515625 0.14375
0 0.415625 0.43125 0.11875 0.1015625
0 0.40546875 0.51171875 0.0765625 0.08125
0 0.51640625 0.52265625 0.1671875 0.1359375
0 0.58359375 0.5953125 0.16875 0.153125
0 0.74296875 0.59453125 0.1609375 0.15625
0 0.66484375 0.51328125 0.1859375 0.1765625
0 0.62734375 0.409375 0.16875 0.15
0 0.54296875 0.44375 0.0578125 0.0671875
0 0.74296875 0.4125 0.2 0.1734375
0 0.76875 0.32421875 0.1453125 0.1296875
0 0.74765625 0.48671875 0.159375 0.1765625
0 0.39609375 0.65625 0.10625 0.125
0 0.18828125 0.89375 0.1765625 0.2125