0 0.434375 0.3078125 0.10625 0.1296875
0 0.29375 0.38828125 0.121875 0.14375
0 0.20546875 0.48046875 0.109375 0.13125
0 0.69921875 0.4734375 0.1625 0.159375
0 0.5953125 0.5296875 0.11875 0.171875
0 0.62109375 0.28046875 0.1078125 0.1171875
0 0.66640625 0.228125 0.084375 0.0859375
0 0.76484375 0.2234375 0.0921875 0.09375
0 0.8328125 0.45078125 0.1109375 0.128125
0 0.5453125 0.64765625 0.14375 0.15625
0 0.5859375 0.7703125 0.1421875 0.159375
0 0.7546875 0.94609375 0.140625 0.1078125
0 0.89609375 0.9515625 0.1140625 0.096875
0 0.2578125 0.8328125 0.1453125 0.1953125
0 0.14140625 0.88828125 0.09375 0.1484375
0 0.1984375 0.62734375 0.159375 0.1796875
0 0.41171875 0.54765625 0.1328125 0.1828125
0 0.04296875 0.89453125 0.0765625 0.1109375
0 0.40390625 0.828125 0.0890625 0.1171875
0 0.59765625 0.89453125 0.14375 0.1390625
0 0.43046875 0.44453125 0.0953125 0.121875