0 0.91875 0.1640625 0.1625 0.184375
0 0.83125 0.15390625 0.125 0.1265625
0 0.684375 0.1921875 0.0890625 0.08125
0 0.84375 0.47578125 0.3125 0.2109375
0 0.64296875 0.42421875 0.11875 0.1296875
0 0.534375 0.41953125 0.1875 0.1234375
0 0.38046875 0.64921875 0.2109375 0.18125
0 0.3171875 0.5234375 0.06875 0.06875
0 0.453125 0.51953125 0.0765625 0.0796875
0 0.5859375 0.56015625 0.08125 0.08125
0 0.7015625 0.62890625 0.1265625 0.1046875
0 0.64921875 0.54765625 0.0671875 0.05
0 0.559375 0.4953125 0.06875 0.0546875
0 0.41875 0.45390625 0.053125 0.0484375
0 0.3390625 0.4046875 0.04375 0.078125
0 0.1125 0.28984375 0.1265625 0.08125
0 0.07734375 0.32421875 0.0828125 0.0671875
0 0.2359375 0.5578125 0.0890625 0.078125
0 0.96015625 0.53125 0.0796875 0.084375