0 0.31953125 0.70625 0.1921875 0.1515625
0 0.546875 0.71875 0.18125 0.2234375
0 0.63515625 0.76328125 0.0765625 0.10625
0 0.73125 0.83671875 0.1296875 0.134375
0 0.64375 0.9125 0.16875 0.175
0 0.6921875 0.96875 0.1125 0.0625
0 0.89453125 0.91796875 0.1390625 0.125
0 0.81328125 0.73828125 0.134375 0.121875
0 0.84375 0.640625 0.1359375 0.1359375
0 0.9421875 0.65390625 0.096875 0.1078125
0 0.95 0.4859375 0.1 0.15625
0 0.7953125 0.47734375 0.15 0.3609375
0 0.65625 0.57421875 0.134375 0.1546875
0 0.646875 0.47578125 0.1203125 0.10625
0 0.709375 0.40390625 0.146875 0.153125
0 0.72578125 0.20625 0.271875 0.390625
0 0.82734375 0.1921875 0.1203125 0.15
0 0.43359375 0.11796875 0.2140625 0.1796875
0 0.384375 0.478125 0.115625 0.1765625
0 0.45078125 0.52578125 0.0671875 0.1515625
0 0.484375 0.5578125 0.059375 0.115625
0 0.45546875 0.83671875 0.1125 0.1390625
0 0.31796875 0.85078125 0.0953125 0.11875
0 0.27890625 0.8890625 0.0765625 0.096875
0 0.19453125 0.79609375 0.1390625 0.140625
0 0.1234375 0.73828125 0.1421875 0.153125
0 0.08203125 0.7890625 0.1171875 0.1171875
0 0.03515625 0.77109375 0.0703125 0.1953125
0 0.05703125 0.63046875 0.1 0.10625
0 0.1171875 0.50625 0.2015625 0.196875
0 0.20390625 0.61328125 0.1625 0.14375
0 0.25625 0.54453125 0.1 0.090625
0 0.28671875 0.50703125 0.13125 0.1234375
0 0.13984375 0.34921875 0.18125 0.1890625
0 0.246875 0.2640625 0.153125 0.159375
0 0.3046875 0.3546875 0.0921875 0.2578125
0 0.1046875 0.1578125 0.1609375 0.2125
0 0.1875 0.065625 0.2625 0.13125
0 0.21328125 0.15546875 0.1234375 0.1671875
0 0.3359375 0.0953125 0.10625 0.190625
0 0.40078125 0.04140625 0.0796875 0.0828125
0 0.515625 0.12890625 0.1125 0.1921875