0 0.6046875 0.88984375 0.203125 0.1953125
0 0.8671875 0.6484375 0.2359375 0.1359375
0 0.76015625 0.6890625 0.078125 0.0609375
0 0.6484375 0.53671875 0.09375 0.065625
0 0.7171875 0.496875 0.121875 0.090625
0 0.25703125 0.31640625 0.1203125 0.0796875
0 0.05234375 0.49609375 0.1046875 0.0765625
0 0.4671875 0.93828125 0.0703125 0.071875
0 0.4140625 0.96328125 0.059375 0.0546875
0 0.503125 0.5578125 0.0546875 0.05
0 0.725 0.590625 0.0734375 0.05625
0 0.0546875 0.73203125 0.0859375 0.0671875
0 0.73515625 0.80234375 0.0890625 0.0890625
0 0.35546875 0.9234375 0.0609375 0.0546875
0 0.7015625 0.7 0.0859375 0.0609375
0 0.78046875 0.5625 0.0671875 0.04375
0 0.115625 0.421875 0.0703125 0.046875