0 0.51171875 0.721875 0.146875 0.153125
0 0.42734375 0.91953125 0.109375 0.1484375
0 0.74375 0.82890625 0.134375 0.1
0 0.7625 0.97890625 0.078125 0.0421875
0 0.45546875 0.796875 0.075 0.0953125
0 0.4625 0.85546875 0.0609375 0.078125
0 0.49296875 0.4390625 0.1109375 0.1
0 0.55078125 0.3546875 0.0875 0.08125
0 0.38046875 0.60078125 0.090625 0.0734375
0 0.3625 0.5265625 0.090625 0.0765625
0 0.31640625 0.4890625 0.0609375 0.0515625
0 0.33671875 0.453125 0.0875 0.078125
0 0.19296875 0.375 0.0875 0.0625
0 0.178125 0.62109375 0.0671875 0.0953125
0 0.25234375 0.7 0.103125 0.1171875
0 0.353125 0.83359375 0.0796875 0.071875
0 0.3328125 0.8921875 0.0671875 0.053125
0 0.26171875 0.92890625 0.0953125 0.078125
0 0.178125 0.9140625 0.084375 0.0703125
0 0.10234375 0.65703125 0.1171875 0.0921875
0 0.075 0.421875 0.15 0.1375
0 0.14609375 0.21328125 0.146875 0.1265625
0 0.42890625 0.421875 0.059375 0.0703125
0 0.371875 0.75234375 0.0703125 0.05625
0 0.57578125 0.56171875 0.1703125 0.146875