0 0.1578125 0.22265625 0.115625 0.1453125
0 0.13671875 0.40234375 0.2140625 0.20625
0 0.04921875 0.4609375 0.0984375 0.14375
0 0.171875 0.5765625 0.165625 0.165625
0 0.24453125 0.8953125 0.2046875 0.209375
0 0.43125 0.7796875 0.1875 0.2578125
0 0.41171875 0.5828125 0.19375 0.25
0 0.39375 0.38046875 0.1578125 0.225
0 0.7484375 0.5359375 0.2453125 0.30625
0 0.76875 0.7265625 0.1953125 0.371875
0 0.515625 0.1640625 0.0359375 0.0609375
0 0.5546875 0.11796875 0.05625 0.0703125
0 0.62890625 0.0984375 0.04375 0.0515625
0 0.6859375 0.17265625 0.0375 0.053125
0 0.73046875 0.1703125 0.05 0.0640625
0 0.9625 0.65390625 0.0625 0.0890625
0 0.72734375 0.42265625 0.053125 0.084375
0 0.634375 0.32890625 0.06875 0.0609375
0 0.58203125 0.3453125 0.05625 0.0640625
0 0.57265625 0.54375 0.0421875 0.1015625
0 0.6734375 0.678125 0.071875 0.084375
0 0.0984375 0.096875 0.096875 0.090625
0 0.371875 0.08203125 0.1640625 0.153125
0 0.49453125 0.175 0.05625 0.0875
0 0.8515625 0.01015625 0.040625 0.0203125