0 0.45 0.22109375 0.2078125 0.225
0 0.21875 0.12734375 0.1640625 0.1625
0 0.1359375 0.2328125 0.1203125 0.134375
0 0.0640625 0.0703125 0.090625 0.121875
0 0.13125 0.3453125 0.1609375 0.1671875
0 0.02421875 0.346875 0.0421875 0.1375
0 0.04453125 0.534375 0.0890625 0.228125
0 0.17890625 0.56875 0.175 0.4078125
0 0.1453125 0.7875 0.1328125 0.1640625
0 0.3078125 0.77265625 0.303125 0.396875
0 0.30625 0.4078125 0.1171875 0.109375
0 0.31171875 0.50859375 0.0984375 0.125
0 0.26484375 0.56796875 0.1078125 0.1375
0 0.421875 0.521875 0.1140625 0.103125
0 0.53671875 0.44140625 0.0546875 0.1265625
0 0.4875 0.41171875 0.0765625 0.0875
0 0.5046875 0.53515625 0.0921875 0.1796875
0 0.5703125 0.63125 0.090625 0.184375
0 0.60625 0.45234375 0.0609375 0.2015625
0 0.6375 0.23359375 0.1859375 0.196875
0 0.5203125 0.10078125 0.1078125 0.10625
0 0.3796875 0.0546875 0.175 0.109375
0 0.64375 0.1140625 0.0625 0.11875
0 0.68984375 0.0734375 0.075 0.13125
0 0.765625 0.153125 0.140625 0.146875
0 0.8421875 0.18828125 0.1296875 0.1484375
0 0.90234375 0.16796875 0.0875 0.171875
0 0.9578125 0.17109375 0.084375 0.1734375
0 0.98515625 0.3203125 0.0296875 0.134375
0 0.928125 0.32109375 0.078125 0.125
0 0.86015625 0.29296875 0.0734375 0.0921875
0 0.89140625 0.42734375 0.1671875 0.1828125
0 0.77578125 0.3640625 0.15 0.1609375
0 0.68046875 0.30625 0.096875 0.1375
0 0.69140625 0.4640625 0.1328125 0.140625
0 0.85 0.59765625 0.153125 0.16875
0 0.70546875 0.65546875 0.103125 0.2828125
0 0.9109375 0.759375 0.1578125 0.240625
0 0.81953125 0.79375 0.1109375 0.171875
0 0.79609375 0.92265625 0.2421875 0.1546875
0 0.68671875 0.84296875 0.0625 0.153125
0 0.55703125 0.86796875 0.225 0.184375
0 0.60859375 0.94453125 0.1140625 0.1109375
0 0.60546875 0.78203125 0.1328125 0.1125
0 0.4875 0.72734375 0.1296875 0.13125
0 0.25234375 0.0140625 0.0953125 0.028125