0 0.384375 0.44296875 0.1296875 0.1
0 0.50234375 0.56484375 0.0796875 0.0578125
0 0.5921875 0.3828125 0.0796875 0.05
0 0.65859375 0.5046875 0.0796875 0.0765625
0 0.203125 0.1984375 0.1078125 0.059375
0 0.49296875 0.08359375 0.084375 0.10625
0 0.58515625 0.1609375 0.0734375 0.05
0 0.61953125 0.11875 0.06875 0.059375
0 0.65546875 0.05859375 0.096875 0.0703125
0 0.4453125 0.2828125 0.103125 0.0859375
0 0.7078125 0.278125 0.06875 0.0875
0 0.55859375 0.434375 0.0453125 0.03125
0 0.79296875 0.58046875 0.0796875 0.0484375
0 0.775 0.46015625 0.090625 0.053125
0 0.809375 0.31875 0.1 0.084375
0 0.559375 0.04609375 0.065625 0.0609375