0 0.78359375 0.66953125 0.146875 0.1109375
0 0.89921875 0.553125 0.078125 0.065625
0 0.9171875 0.2328125 0.0828125 0.0859375
0 0.3375 0.11640625 0.215625 0.20625
0 0.35703125 0.46953125 0.09375 0.0921875
0 0.259375 0.50859375 0.121875 0.078125
0 0.109375 0.3859375 0.184375 0.0984375
0 0.23203125 0.203125 0.1078125 0.11875
0 0.2859375 0.31875 0.084375 0.065625
0 0.20546875 0.32421875 0.0875 0.0671875
0 0.27109375 0.42265625 0.065625 0.0609375
0 0.24453125 0.4515625 0.0515625 0.040625
0 0.23125 0.465625 0.0765625 0.0359375
0 0.47734375 0.04765625 0.1 0.0890625
0 0.60703125 0.05078125 0.0765625 0.090625