0 0.39609375 0.83359375 0.1703125 0.1421875
0 0.56953125 0.9203125 0.15625 0.0953125
0 0.5046875 0.76640625 0.1765625 0.1625
0 0.6375 0.734375 0.1546875 0.1109375
0 0.815625 0.82109375 0.128125 0.0875
0 0.79453125 0.646875 0.1609375 0.115625
0 0.6453125 0.61875 0.1640625 0.140625
0 0.73203125 0.5671875 0.1546875 0.128125
0 0.5953125 0.4234375 0.1734375 0.14375
0 0.48046875 0.44296875 0.1421875 0.146875
0 0.35859375 0.428125 0.140625 0.13125
0 0.43828125 0.51015625 0.1234375 0.1375
0 0.2359375 0.60234375 0.1359375 0.171875
0 0.35546875 0.3375 0.1671875 0.1125
0 0.47109375 0.6546875 0.159375 0.1125
0 0.35 0.590625 0.1421875 0.1046875
0 0.33359375 0.50546875 0.1421875 0.128125