0 0.78515625 0.4984375 0.271875 0.41875
0 0.8421875 0.80625 0.315625 0.375
0 0.63203125 0.878125 0.1265625 0.2390625
0 0.50703125 0.0796875 0.2359375 0.159375
0 0.884375 0.0984375 0.209375 0.196875
0 0.4296875 0.87109375 0.340625 0.2578125
0 0.40625 0.45 0.1484375 0.1796875
0 0.44375 0.5703125 0.115625 0.134375
0 0.2546875 0.590625 0.16875 0.146875
0 0.16953125 0.46484375 0.1109375 0.121875
0 0.1078125 0.81484375 0.196875 0.125
0 0.67421875 0.18671875 0.0734375 0.15
0 0.74453125 0.23515625 0.0765625 0.175
0 0.9609375 0.440625 0.078125 0.290625
0 0.60859375 0.21640625 0.078125 0.196875