0 0.57890625 0.3546875 0.0890625 0.071875
0 0.52265625 0.36640625 0.06875 0.0578125
0 0.53046875 0.46015625 0.10625 0.090625
0 0.62421875 0.55078125 0.046875 0.0609375
0 0.84765625 0.47421875 0.0828125 0.11875
0 0.6640625 0.64765625 0.06875 0.0796875
0 0.6375 0.678125 0.0765625 0.071875
0 0.5453125 0.621875 0.0515625 0.06875
0 0.565625 0.6796875 0.04375 0.053125
0 0.528125 0.690625 0.06875 0.059375
0 0.29296875 0.2640625 0.0390625 0.0609375
0 0.31484375 0.27421875 0.065625 0.0859375
0 0.40390625 0.29609375 0.06875 0.109375
0 0.4296875 0.58359375 0.1015625 0.13125
0 0.484375 0.51015625 0.08125 0.09375
0 0.36796875 0.6796875 0.125 0.16875
0 0.221875 0.55859375 0.096875 0.0953125
0 0.2265625 0.73671875 0.1078125 0.15625
0 0.1703125 0.69453125 0.0828125 0.1078125
0 0.1171875 0.31953125 0.084375 0.1421875
0 0.05625 0.3515625 0.0875 0.096875