0 0.38203125 0.61796875 0.0796875 0.1265625
0 0.615625 0.32578125 0.103125 0.0984375
0 0.6953125 0.50625 0.0953125 0.115625
0 0.88125 0.396875 0.1296875 0.1109375
0 0.95 0.49296875 0.1 0.1203125
0 0.8046875 0.6125 0.05625 0.0578125
0 0.453125 0.3265625 0.0609375 0.0875
0 0.3453125 0.45625 0.040625 0.0875
0 0.61015625 0.44453125 0.046875 0.053125
0 0.521875 0.42265625 0.0515625 0.075
0 0.50625 0.12734375 0.13125 0.140625
0 0.32890625 0.1421875 0.0953125 0.1140625
0 0.565625 0.57265625 0.0578125 0.0640625
0 0.65078125 0.74921875 0.046875 0.0859375