0 0.53828125 0.125 0.153125 0.1203125
0 0.72890625 0.0453125 0.1484375 0.090625
0 0.79765625 0.16953125 0.1109375 0.09375
0 0.9078125 0.328125 0.125 0.134375
0 0.72578125 0.35 0.1015625 0.065625
0 0.675 0.14375 0.0890625 0.10625
0 0.5203125 0.3421875 0.115625 0.140625
0 0.57265625 0.32265625 0.0890625 0.08125
0 0.3484375 0.4140625 0.0921875 0.09375
0 0.3125 0.3453125 0.0953125 0.09375
0 0.2578125 0.13046875 0.0546875 0.075
0 0.2765625 0.0796875 0.0984375 0.0890625
0 0.165625 0.19765625 0.0890625 0.0703125
0 0.17890625 0.2859375 0.15 0.128125
0 0.1890625 0.3984375 0.065625 0.078125
0 0.03046875 0.23125 0.0609375 0.109375
0 0.025 0.33125 0.05 0.109375
0 0.11015625 0.496875 0.1265625 0.1734375
0 0.234375 0.5609375 0.2125 0.1859375
0 0.50078125 0.5484375 0.0625 0.0796875
0 0.5328125 0.4984375 0.040625 0.0671875
0 0.1453125 0.778125 0.159375 0.1421875
0 0.0453125 0.5125 0.090625 0.109375
0 0.02265625 0.43203125 0.0453125 0.0921875
0 0.4234375 0.07421875 0.0625 0.06875
0 0.50234375 0.0359375 0.0890625 0.071875