0 0.58125 0.36875 0.2375 0.2609375
0 0.515625 0.14453125 0.2203125 0.2015625
0 0.409375 0.11875 0.1390625 0.1953125
0 0.190625 0.08515625 0.228125 0.1703125
0 0.1265625 0.19765625 0.0953125 0.159375
0 0.15625 0.31484375 0.1328125 0.28125
0 0.0734375 0.5625 0.1203125 0.13125
0 0.09609375 0.725 0.1921875 0.171875
0 0.21328125 0.665625 0.1625 0.1609375
0 0.34453125 0.534375 0.2265625 0.2484375
0 0.45625 0.48984375 0.190625 0.265625
0 0.62421875 0.5484375 0.2765625 0.2515625
0 0.896875 0.15 0.10625 0.1234375
0 0.04375 0.4296875 0.0875 0.109375
0 0.03984375 0.33671875 0.0546875 0.1125
0 0.26796875 0.37890625 0.0875 0.078125
0 0.30546875 0.22890625 0.078125 0.10625
0 0.76953125 0.209375 0.05625 0.078125
0 0.84453125 0.2546875 0.071875 0.05
0 0.82578125 0.58359375 0.065625 0.0796875
0 0.76640625 0.78671875 0.0515625 0.059375
0 0.7953125 0.8984375 0.0546875 0.078125
0 0.98984375 0.30859375 0.0203125 0.0640625
0 0.92265625 0.703125 0.0546875 0.0765625