0 0.53984375 0.84140625 0.178125 0.153125
0 0.87109375 0.8875 0.1953125 0.225
0 0.91796875 0.74375 0.071875 0.16875
0 0.971875 0.5921875 0.053125 0.1140625
0 0.95703125 0.48359375 0.0859375 0.1140625
0 0.91171875 0.34609375 0.1125 0.1203125
0 0.88359375 0.1921875 0.1734375 0.1390625
0 0.75703125 0.296875 0.1359375 0.171875
0 0.74453125 0.196875 0.08125 0.1109375
0 0.5484375 0.50859375 0.1640625 0.253125
0 0.6375 0.46484375 0.1703125 0.2234375
0 0.45078125 0.65078125 0.2140625 0.253125
0 0.3734375 0.4734375 0.23125 0.2859375
0 0.196875 0.790625 0.053125 0.0515625
0 0.1125 0.87109375 0.0484375 0.0515625
0 0.0265625 0.75625 0.0390625 0.0609375
0 0.0921875 0.77578125 0.0515625 0.0453125
0 0.10546875 0.6765625 0.0375 0.0515625
0 0.07578125 0.62734375 0.0421875 0.071875
0 0.1609375 0.45078125 0.0484375 0.0578125
0 0.28671875 0.5671875 0.053125 0.0609375
0 0.1796875 0.24921875 0.046875 0.065625
0 0.1546875 0.36953125 0.0453125 0.0515625
0 0.0453125 0.365625 0.0484375 0.053125
0 0.08828125 0.16015625 0.04375 0.09375
0 0.14609375 0.1359375 0.040625 0.096875
0 0.159375 0.74296875 0.03125 0.0703125
0 0.36328125 0.92109375 0.0484375 0.0609375
0 0.7328125 0.74609375 0.059375 0.1046875
0 0.63984375 0.8515625 0.09375 0.146875
0 0.86171875 0.6578125 0.0859375 0.3171875
0 0.865625 0.76171875 0.065625 0.1109375
0 0.74375 0.57421875 0.0796875 0.096875
0 0.703125 0.68515625 0.065625 0.04375