0 0.1734375 0.9140625 0.13125 0.1203125
0 0.26640625 0.94453125 0.1125 0.0890625
0 0.11015625 0.64296875 0.1046875 0.0765625
0 0.08203125 0.53046875 0.1640625 0.1296875
0 0.1921875 0.52109375 0.165625 0.125
0 0.27890625 0.45 0.109375 0.1015625
0 0.25625 0.296875 0.159375 0.1171875
0 0.46953125 0.58515625 0.134375 0.14375
0 0.65078125 0.90625 0.1109375 0.1015625
0 0.75 0.72265625 0.1 0.078125
0 0.7734375 0.490625 0.1 0.1078125
0 0.5796875 0.6078125 0.09375 0.1015625
0 0.57421875 0.7375 0.0796875 0.0859375
0 0.871875 0.54140625 0.0765625 0.0875
0 0.40546875 0.484375 0.1234375 0.1578125
0 0.253125 0.5953125 0.10625 0.06875