0 0.6140625 0.82265625 0.1765625 0.1546875
0 0.4484375 0.921875 0.153125 0.0984375
0 0.190625 0.8171875 0.1265625 0.0953125
0 0.37109375 0.73046875 0.159375 0.1140625
0 0.5109375 0.7609375 0.18125 0.16875
0 0.53671875 0.66015625 0.1625 0.0984375
0 0.75859375 0.60703125 0.1390625 0.1375
0 0.6578125 0.575 0.15 0.1078125
0 0.66953125 0.48359375 0.1609375 0.140625
0 0.5640625 0.5140625 0.11875 0.134375
0 0.52265625 0.43828125 0.1421875 0.146875
0 0.41015625 0.42109375 0.178125 0.15
0 0.278125 0.55234375 0.1609375 0.1328125
0 0.3609375 0.609375 0.1796875 0.15
0 0.21171875 0.64453125 0.1578125 0.1140625
0 0.65078125 0.33203125 0.165625 0.0984375