0 0.8828125 0.56953125 0.1171875 0.1796875
0 0.74453125 0.25390625 0.1984375 0.2359375
0 0.775 0.0140625 0.08125 0.028125
0 0.6453125 0.246875 0.109375 0.1640625
0 0.7078125 0.54921875 0.0953125 0.10625
0 0.74453125 0.69921875 0.0953125 0.0984375
0 0.6359375 0.79453125 0.0921875 0.0953125
0 0.63359375 0.68828125 0.075 0.090625
0 0.56171875 0.72421875 0.071875 0.103125
0 0.52265625 0.640625 0.08125 0.084375
0 0.5296875 0.559375 0.078125 0.0984375
0 0.5953125 0.575 0.0875 0.1203125
0 0.42109375 0.5125 0.0828125 0.1
0 0.2125 0.39375 0.1046875 0.1203125
0 0.17890625 0.23515625 0.0984375 0.1015625
0 0.24453125 0.24921875 0.0734375 0.084375
0 0.24296875 0.659375 0.0890625 0.09375
0 0.21171875 0.7875 0.0984375 0.11875
0 0.34765625 0.709375 0.065625 0.1
0 0.32578125 0.5953125 0.0796875 0.1171875
0 0.4734375 0.70546875 0.0625 0.0671875
0 0.503125 0.36875 0.1125 0.1140625
0 0.540625 0.26171875 0.0953125 0.1515625
0 0.4453125 0.30078125 0.0671875 0.1
0 0.38984375 0.23828125 0.0953125 0.1421875
0 0.37578125 0.3453125 0.0828125 0.1109375
0 0.57265625 0.0578125 0.1640625 0.115625
0 0.546875 0.14140625 0.1171875 0.0984375