0 0.49140625 0.93984375 0.125 0.115625
0 0.63359375 0.91875 0.0984375 0.0890625
0 0.44609375 0.73828125 0.14375 0.1234375
0 0.30078125 0.67421875 0.125 0.096875
0 0.14609375 0.60078125 0.165625 0.0796875
0 0.3953125 0.515625 0.0640625 0.084375
0 0.78046875 0.68515625 0.0625 0.0578125
0 0.7453125 0.590625 0.0796875 0.05
0 0.94609375 0.48046875 0.1015625 0.0671875
0 0.93828125 0.6375 0.1234375 0.10625
0 0.10078125 0.8078125 0.1484375 0.0875
0 0.384375 0.9515625 0.078125 0.096875
0 0.1421875 0.35546875 0.1140625 0.0921875