0 0.36640625 0.88203125 0.1734375 0.1546875
0 0.44140625 0.9484375 0.0640625 0.103125
0 0.42421875 0.9875 0.0546875 0.025
0 0.50546875 0.815625 0.0984375 0.103125
0 0.57265625 0.69375 0.0625 0.103125
0 0.521875 0.296875 0.096875 0.125
0 0.3421875 0.45859375 0.1078125 0.1765625
0 0.5 0.55703125 0.0890625 0.134375
0 0.47421875 0.334375 0.1046875 0.13125
0 0.59140625 0.39375 0.046875 0.09375
0 0.44453125 0.453125 0.0453125 0.0875
0 0.41015625 0.378125 0.0453125 0.0578125
0 0.6515625 0.3015625 0.0546875 0.06875
0 0.61328125 0.35625 0.0546875 0.0625
0 0.6671875 0.1640625 0.05625 0.0484375
0 0.60078125 0.25 0.0640625 0.0578125
0 0.7046875 0.02109375 0.053125 0.0421875