0 0.32734375 0.51875 0.15 0.134375
0 0.35625 0.67109375 0.1234375 0.140625
0 0.34296875 0.86171875 0.103125 0.1140625
0 0.09609375 0.68984375 0.1296875 0.1046875
0 0.03203125 0.80625 0.0640625 0.078125
0 0.0390625 0.51796875 0.078125 0.1015625
0 0.5265625 0.64140625 0.115625 0.10625
0 0.465625 0.753125 0.084375 0.0625
0 0.4828125 0.89921875 0.075 0.0671875
0 0.52421875 0.834375 0.071875 0.071875
0 0.60078125 0.7671875 0.09375 0.121875
0 0.73984375 0.63671875 0.15625 0.1125
0 0.6375 0.58515625 0.134375 0.1078125
0 0.62890625 0.52734375 0.0796875 0.065625
0 0.77421875 0.52109375 0.084375 0.0796875
0 0.89921875 0.40390625 0.15 0.1078125
0 0.6984375 0.97890625 0.115625 0.0421875
0 0.759375 0.98828125 0.125 0.0234375
0 0.71640625 0.75625 0.084375 0.084375
0 0.471875 0.8015625 0.08125 0.090625
0 0.39296875 0.95859375 0.0796875 0.059375