0 0.4234375 0.8078125 0.1953125 0.171875
0 0.0984375 0.85859375 0.196875 0.2203125
0 0.315625 0.8234375 0.1078125 0.16875
0 0.2484375 0.690625 0.0640625 0.0921875
0 0.44453125 0.50703125 0.1734375 0.2078125
0 0.51328125 0.66640625 0.2109375 0.24375
0 0.61875 0.4875 0.2703125 0.2640625
0 0.365625 0.428125 0.1671875 0.2203125
0 0.2671875 0.234375 0.14375 0.2
0 0.1609375 0.1359375 0.1703125 0.1453125
0 0.1140625 0.27734375 0.1125 0.1125
0 0.0578125 0.40625 0.1140625 0.1359375
0 0.04375 0.51328125 0.0875 0.1203125
0 0.06875 0.66328125 0.10625 0.203125
0 0.1359375 0.56484375 0.1203125 0.2515625
0 0.1 0.67578125 0.153125 0.140625
0 0.803125 0.92734375 0.078125 0.0859375
0 0.29921875 0.1375 0.0875 0.0921875
0 0.86875 0.26796875 0.0515625 0.05625
0 0.85859375 0.4796875 0.0390625 0.0484375
0 0.984375 0.41484375 0.03125 0.0703125
0 0.971875 0.1984375 0.0359375 0.075
0 0.9234375 0.68359375 0.040625 0.071875
0 0.95234375 0.8203125 0.040625 0.0796875
0 0.88671875 0.8109375 0.0515625 0.0578125
0 0.7640625 0.8265625 0.053125 0.0578125
0 0.65625 0.8421875 0.034375 0.0671875
0 0.59296875 0.92734375 0.0453125 0.06875