0 0.36875 0.0734375 0.209375 0.146875
0 0.5046875 0.08828125 0.19375 0.1765625
0 0.4546875 0.1015625 0.1546875 0.153125
0 0.77265625 0.03984375 0.1546875 0.0796875
0 0.65234375 0.109375 0.2015625 0.16875
0 0.6796875 0.2171875 0.215625 0.2125
0 0.84140625 0.1125 0.178125 0.1703125
0 0.77734375 0.25625 0.1796875 0.16875
0 0.66484375 0.440625 0.2078125 0.1671875
0 0.565625 0.43515625 0.178125 0.19375
0 0.64375 0.3578125 0.1015625 0.0890625
0 0.5140625 0.31953125 0.1109375 0.10625
0 0.4890625 0.22578125 0.16875 0.1578125
0 0.3765625 0.31796875 0.1828125 0.165625
0 0.39609375 0.39921875 0.1828125 0.175
0 0.45 0.40234375 0.165625 0.15625
0 0.44140625 0.5046875 0.18125 0.1703125
0 0.4453125 0.6109375 0.175 0.1421875
0 0.13828125 0.3734375 0.178125 0.2046875
0 0.275 0.46171875 0.1515625 0.140625
0 0.06015625 0.55625 0.1203125 0.146875