0 0.67421875 0.64921875 0.1171875 0.1296875
0 0.7515625 0.5328125 0.1703125 0.171875
0 0.9515625 0.7171875 0.096875 0.109375
0 0.9171875 0.51875 0.1 0.1078125
0 0.57265625 0.884375 0.0828125 0.0765625
0 0.55234375 0.85390625 0.08125 0.075
0 0.67109375 0.82109375 0.06875 0.090625
0 0.621875 0.82578125 0.0703125 0.0625
0 0.63125 0.86171875 0.0703125 0.0671875
0 0.63828125 0.90703125 0.06875 0.078125
0 0.528125 0.94296875 0.084375 0.0671875
0 0.5046875 0.80546875 0.065625 0.0625
0 0.46875 0.734375 0.05625 0.0484375
0 0.51640625 0.63203125 0.1 0.0765625
0 0.5359375 0.69375 0.0859375 0.06875
0 0.5515625 0.7359375 0.0703125 0.05625
0 0.57109375 0.7734375 0.06875 0.0578125
0 0.53828125 0.43828125 0.0875 0.08125
0 0.33359375 0.9515625 0.1046875 0.096875
0 0.29609375 0.95 0.1203125 0.1
0 0.40390625 0.96171875 0.071875 0.0765625
0 0.46953125 0.94765625 0.0890625 0.08125
0 0.2359375 0.76640625 0.1296875 0.1015625
0 0.2375 0.6296875 0.121875 0.0921875
0 0.31640625 0.5765625 0.0890625 0.078125
0 0.3796875 0.5203125 0.0765625 0.0828125
0 0.2625 0.51484375 0.0875 0.071875
0 0.2125 0.49140625 0.053125 0.0546875
0 0.12109375 0.39140625 0.1078125 0.0796875
0 0.4125 0.7171875 0.090625 0.1140625
0 0.4515625 0.58125 0.0640625 0.0640625