0 0.846875 0.20078125 0.13125 0.1390625
0 0.9453125 0.32421875 0.109375 0.1546875
0 0.81171875 0.315625 0.1296875 0.090625
0 0.68203125 0.08671875 0.0953125 0.1078125
0 0.60703125 0.090625 0.1015625 0.1234375
0 0.52734375 0.20078125 0.1125 0.11875
0 0.5234375 0.34375 0.140625 0.128125
0 0.6109375 0.4265625 0.121875 0.1265625
0 0.4890625 0.465625 0.13125 0.134375
0 0.271875 0.284375 0.11875 0.15
0 0.26875 0.12578125 0.1 0.1234375
0 0.15546875 0.28046875 0.1453125 0.1671875
0 0.0984375 0.45703125 0.1546875 0.1328125
0 0.16875 0.51015625 0.18125 0.1390625
0 0.27890625 0.46484375 0.0875 0.11875
0 0.05234375 0.690625 0.1046875 0.1125
0 0.03359375 0.57578125 0.0671875 0.1390625
0 0.18359375 0.64140625 0.1234375 0.134375
0 0.12890625 0.703125 0.1203125 0.0984375
0 0.1828125 0.78359375 0.159375 0.146875
0 0.29921875 0.75859375 0.1359375 0.14375
0 0.37734375 0.64921875 0.153125 0.1234375
0 0.4421875 0.5828125 0.0921875 0.0890625
0 0.2796875 0.8625 0.165625 0.134375
0 0.0671875 0.88203125 0.134375 0.1703125
0 0.209375 0.9375 0.1078125 0.0921875
0 0.0265625 0.8046875 0.053125 0.109375
0 0.80625 0.43515625 0.1140625 0.1171875
0 0.90078125 0.5640625 0.1984375 0.159375
0 0.8734375 0.70859375 0.1640625 0.1109375
0 0.89375 0.78125 0.15 0.13125
0 0.91796875 0.88671875 0.11875 0.109375
0 0.77890625 0.9296875 0.1484375 0.1109375
0 0.60703125 0.8375 0.184375 0.1265625
0 0.640625 0.6828125 0.1375 0.109375
0 0.6484375 0.58984375 0.1578125 0.134375
0 0.73828125 0.1875 0.0671875 0.10625
0 0.5890625 0.971875 0.115625 0.05625
0 0.42890625 0.95703125 0.1078125 0.084375
0 0.403125 0.97265625 0.109375 0.0515625