0 0.55390625 0.86796875 0.1890625 0.1875
0 0.36328125 0.940625 0.18125 0.1140625
0 0.12734375 0.82890625 0.11875 0.1390625
0 0.1421875 0.65625 0.1671875 0.1734375
0 0.3 0.7625 0.1765625 0.1296875
0 0.4359375 0.80234375 0.184375 0.1765625
0 0.52109375 0.79296875 0.1265625 0.1484375
0 0.4953125 0.69140625 0.1859375 0.1109375
0 0.7953125 0.68203125 0.1296875 0.171875
0 0.87890625 0.5765625 0.1421875 0.1375
0 0.7671875 0.58203125 0.1609375 0.1265625
0 0.6265625 0.64296875 0.1671875 0.1296875
0 0.6421875 0.5625 0.1484375 0.1109375
0 0.54921875 0.54921875 0.1578125 0.1359375
0 0.62109375 0.4734375 0.1828125 0.14375
0 0.6390625 0.35546875 0.1671875 0.165625
0 0.4953125 0.4734375 0.1515625 0.175
0 0.3875 0.43203125 0.171875 0.1671875
0 0.22578125 0.56484375 0.1765625 0.1921875
0 0.31171875 0.63203125 0.2078125 0.1671875