0 0.61484375 0.2984375 0.0953125 0.103125
0 0.76171875 0.6265625 0.08125 0.1046875
0 0.84140625 0.65078125 0.125 0.1546875
0 0.97734375 0.75078125 0.0453125 0.1578125
0 0.87421875 0.84765625 0.0859375 0.121875
0 0.7234375 0.75546875 0.0984375 0.1109375
0 0.6203125 0.5890625 0.08125 0.115625
0 0.64296875 0.43671875 0.0765625 0.08125
0 0.50625 0.40234375 0.1125 0.0984375
0 0.5484375 0.60234375 0.065625 0.0875
0 0.5234375 0.75625 0.109375 0.146875
0 0.5890625 0.7703125 0.040625 0.059375
0 0.31796875 0.646875 0.0921875 0.0890625
0 0.26875 0.7390625 0.0671875 0.090625
0 0.253125 0.796875 0.0875 0.09375
0 0.115625 0.684375 0.0953125 0.1375
0 0.0890625 0.77578125 0.078125 0.0796875
0 0.053125 0.4984375 0.10625 0.18125
0 0.075 0.4609375 0.0828125 0.0890625
0 0.265625 0.38671875 0.06875 0.1109375
0 0.25625 0.471875 0.0734375 0.10625
0 0.209375 0.48046875 0.0734375 0.1328125