0 0.90546875 0.50859375 0.1890625 0.2828125
0 0.909375 0.61796875 0.18125 0.1671875
0 0.75859375 0.37890625 0.1734375 0.309375
0 0.65703125 0.32421875 0.2453125 0.271875
0 0.634375 0.13515625 0.215625 0.2640625
0 0.52890625 0.23203125 0.203125 0.2171875
0 0.5015625 0.08984375 0.215625 0.1796875
0 0.36640625 0.24296875 0.271875 0.3328125
0 0.61640625 0.73125 0.1828125 0.1578125
0 0.60234375 0.6359375 0.1796875 0.21875
0 0.7125 0.90390625 0.1359375 0.1390625
0 0.61484375 0.89609375 0.1234375 0.1921875
0 0.4421875 0.94453125 0.1125 0.1109375
0 0.29453125 0.97109375 0.1859375 0.0578125
0 0.31953125 0.7953125 0.209375 0.1734375
0 0.18359375 0.81640625 0.190625 0.2890625