0 0.21796875 0.79453125 0.165625 0.19375
0 0.1625 0.465625 0.08125 0.1421875
0 0.10390625 0.31953125 0.059375 0.1140625
0 0.18828125 0.18359375 0.0828125 0.203125
0 0.334375 0.2703125 0.065625 0.1578125
0 0.37109375 0.34765625 0.140625 0.1984375
0 0.4375 0.4265625 0.1671875 0.1796875
0 0.36796875 0.62890625 0.178125 0.15625
0 0.253125 0.63125 0.1046875 0.1453125
0 0.25078125 0.4859375 0.0953125 0.1734375
0 0.4125 0.70078125 0.15 0.1828125
0 0.4125 0.8234375 0.08125 0.1265625
0 0.35078125 0.81640625 0.0796875 0.109375
0 0.65390625 0.884375 0.05625 0.0453125
0 0.6640625 0.803125 0.04375 0.05
0 0.6359375 0.8265625 0.0375 0.053125
0 0.5796875 0.8296875 0.046875 0.0546875
0 0.55390625 0.78671875 0.0390625 0.0765625
0 0.8078125 0.7890625 0.04375 0.0515625
0 0.87578125 0.7765625 0.0515625 0.0765625
0 0.7 0.503125 0.1140625 0.1453125
0 0.88125 0.05703125 0.053125 0.04375
0 0.90625 0.2546875 0.0453125 0.0609375
0 0.51796875 0.51171875 0.20625 0.228125