0 0.42578125 0.8625 0.1484375 0.1546875
0 0.5671875 0.91171875 0.175 0.1625
0 0.73671875 0.9453125 0.1640625 0.109375
0 0.74609375 0.8921875 0.18125 0.1453125
0 0.8328125 0.8171875 0.2078125 0.2171875
0 0.71484375 0.625 0.2078125 0.1875
0 0.66328125 0.69296875 0.159375 0.1328125
0 0.6078125 0.690625 0.1765625 0.19375
0 0.57109375 0.77890625 0.1390625 0.128125
0 0.43671875 0.76796875 0.1734375 0.175
0 0.3359375 0.65546875 0.1578125 0.18125
0 0.459375 0.68671875 0.1921875 0.1390625
0 0.45390625 0.5984375 0.153125 0.1109375
0 0.45078125 0.478125 0.171875 0.1078125
0 0.37421875 0.471875 0.115625 0.1515625
0 0.865625 0.98359375 0.153125 0.0328125
0 0.91875 0.94296875 0.109375 0.1140625
0 0.0921875 0.77890625 0.115625 0.16875