0 0.6640625 0.4 0.3296875 0.3375
0 0.259375 0.44765625 0.3484375 0.30625
0 0.04453125 0.26484375 0.0890625 0.1578125
0 0.87734375 0.465625 0.215625 0.225
0 0.84921875 0.8453125 0.26875 0.2234375
0 0.46796875 0.6984375 0.425 0.3640625
0 0.2984375 0.13828125 0.2765625 0.2515625
0 0.48828125 0.2375 0.2890625 0.2578125
0 0.17578125 0.22265625 0.221875 0.1890625
0 0.7078125 0.653125 0.1859375 0.190625
0 0.91640625 0.72734375 0.1671875 0.1796875
0 0.8109375 0.16953125 0.309375 0.3390625
0 0.64921875 0.1125 0.2140625 0.2171875
0 0.4390625 0.075 0.184375 0.15
0 0.128125 0.13203125 0.1703125 0.15
0 0.0703125 0.47578125 0.140625 0.1640625
0 0.065625 0.61015625 0.13125 0.2109375
0 0.2109375 0.86875 0.25625 0.2625
0 0.17734375 0.86953125 0.2484375 0.221875