0 0.5671875 0.34453125 0.103125 0.1578125
0 0.66015625 0.47578125 0.075 0.134375
0 0.7875 0.7765625 0.1203125 0.1375
0 0.61640625 0.64375 0.0796875 0.1015625
0 0.62734375 0.84921875 0.159375 0.1734375
0 0.45 0.7 0.121875 0.11875
0 0.3140625 0.55859375 0.121875 0.153125
0 0.265625 0.3296875 0.0875 0.159375
0 0.1734375 0.49609375 0.0828125 0.0921875
0 0.07109375 0.6515625 0.1171875 0.140625
0 0.1734375 0.7203125 0.15625 0.1375
0 0.025 0.43203125 0.05 0.1484375
0 0.51875 0.575 0.059375 0.0859375
0 0.41171875 0.59921875 0.0765625 0.0859375
0 0.41484375 0.45 0.0828125 0.103125
0 0.475 0.378125 0.0640625 0.0859375
0 0.8484375 0.54453125 0.0640625 0.090625
0 0.9875 0.8703125 0.025 0.1