0 0.20859375 0.5828125 0.240625 0.1265625
0 0.38046875 0.81484375 0.153125 0.159375
0 0.490625 0.9125 0.0828125 0.0828125
0 0.60234375 0.91640625 0.053125 0.053125
0 0.45703125 0.83515625 0.05625 0.0625
0 0.65 0.70859375 0.0734375 0.06875
0 0.94140625 0.80390625 0.08125 0.084375
0 0.9609375 0.58515625 0.078125 0.1015625
0 0.8796875 0.48046875 0.0796875 0.05
0 0.71484375 0.35546875 0.10625 0.078125
0 0.31875 0.44375 0.109375 0.0875
0 0.33046875 0.5140625 0.09375 0.05
0 0.11015625 0.4890625 0.0984375 0.0515625
0 0.20234375 0.45703125 0.0875 0.046875
0 0.23671875 0.7421875 0.0484375 0.103125
0 0.1421875 0.80390625 0.1125 0.0828125
0 0.16328125 0.96796875 0.1296875 0.0640625
0 0.3 0.9484375 0.0546875 0.0421875
0 0.378125 0.934375 0.0453125 0.084375
0 0.47109375 0.54921875 0.0609375 0.0828125
0 0.86015625 0.87734375 0.05625 0.0609375
0 0.2671875 0.6703125 0.0765625 0.065625