0 0.2484375 0.265625 0.090625 0.096875
0 0.409375 0.51171875 0.08125 0.109375
0 0.4109375 0.6375 0.090625 0.0859375
0 0.46484375 0.61875 0.0890625 0.0765625
0 0.628125 0.82890625 0.05625 0.0859375
0 0.83984375 0.61171875 0.0765625 0.0890625
0 0.60234375 0.5609375 0.065625 0.053125
0 0.02421875 0.6484375 0.0484375 0.0875
0 0.315625 0.50390625 0.05 0.0609375
0 0.390625 0.3625 0.0546875 0.0515625
0 0.55703125 0.62109375 0.0515625 0.071875
0 0.52890625 0.7640625 0.0515625 0.071875
0 0.5421875 0.79921875 0.05 0.0734375
0 0.22734375 0.68046875 0.0640625 0.071875
0 0.2578125 0.47265625 0.0640625 0.0765625