0 0.29140625 0.08125 0.3359375 0.1625
0 0.4 0.07109375 0.209375 0.1421875
0 0.56328125 0.39453125 0.178125 0.153125
0 0.3 0.3421875 0.3390625 0.2359375
0 0.496875 0.68046875 0.246875 0.178125
0 0.64453125 0.58203125 0.0921875 0.0984375
0 0.56328125 0.55234375 0.0890625 0.0796875
0 0.30625 0.534375 0.1078125 0.096875
0 0.38046875 0.50546875 0.06875 0.0703125
0 0.30625 0.45390625 0.0859375 0.0625
0 0.51953125 0.290625 0.059375 0.0609375
0 0.4703125 0.40546875 0.0875 0.0984375
0 0.90859375 0.49765625 0.0984375 0.075