0 0.33359375 0.18125 0.1203125 0.225
0 0.3078125 0.14921875 0.20625 0.1890625
0 0.47734375 0.10859375 0.1296875 0.2171875
0 0.63046875 0.1578125 0.1484375 0.315625
0 0.54765625 0.69375 0.1375 0.2234375
0 0.55390625 0.78671875 0.1875 0.146875
0 0.39921875 0.74765625 0.203125 0.15625
0 0.17109375 0.74765625 0.1609375 0.1546875
0 0.14453125 0.7 0.059375 0.171875
0 0.10234375 0.528125 0.14375 0.1171875
0 0.26484375 0.5234375 0.0953125 0.1875
0 0.35078125 0.3703125 0.1234375 0.2625
0 0.2453125 0.6625 0.1296875 0.1078125
0 0.428125 0.84375 0.134375 0.1359375