0 0.4265625 0.31875 0.1046875 0.09375
0 0.4578125 0.14765625 0.0578125 0.1453125
0 0.69140625 0.16640625 0.0703125 0.0703125
0 0.66015625 0.1015625 0.0515625 0.0484375
0 0.903125 0.19296875 0.053125 0.071875
0 0.3765625 0.07578125 0.05625 0.1484375
0 0.36875 0.203125 0.08125 0.15625
0 0.2828125 0.31875 0.121875 0.1171875
0 0.20078125 0.46484375 0.0671875 0.1171875
0 0.12265625 0.5984375 0.05 0.1109375
0 0.1875 0.784375 0.0796875 0.196875
0 0.25078125 0.69375 0.059375 0.190625
0 0.33984375 0.6125 0.1140625 0.15
0 0.40703125 0.56875 0.1328125 0.1875
0 0.4234375 0.425 0.1359375 0.153125
0 0.1453125 0.92265625 0.05625 0.1546875
0 0.946875 0.81875 0.0609375 0.075
0 0.98359375 0.53984375 0.0328125 0.0796875