0 0.65390625 0.5671875 0.1296875 0.0921875
0 0.76875 0.9171875 0.24375 0.1484375
0 0.071875 0.58515625 0.14375 0.0859375
0 0.2671875 0.64765625 0.0796875 0.0796875
0 0.42421875 0.62578125 0.084375 0.053125
0 0.80546875 0.58515625 0.1234375 0.0515625
0 0.83828125 0.740625 0.1265625 0.06875
0 0.6140625 0.79453125 0.0734375 0.0546875
0 0.63203125 0.87890625 0.1046875 0.046875
0 0.484375 0.90078125 0.071875 0.0421875
0 0.0359375 0.78125 0.071875 0.11875
0 0.38515625 0.44765625 0.071875 0.05625
0 0.13359375 0.3140625 0.115625 0.0578125
0 0.6640625 0.4828125 0.065625 0.053125
0 0.80390625 0.50859375 0.14375 0.0921875