0 0.1625 0.5421875 0.096875 0.2640625
0 0.55078125 0.57265625 0.1421875 0.1734375
0 0.646875 0.4234375 0.14375 0.2375
0 0.49375 0.77421875 0.1265625 0.1734375
0 0.84140625 0.7703125 0.1359375 0.2546875
0 0.865625 0.88046875 0.1640625 0.1734375
0 0.59375 0.09296875 0.1125 0.1546875
0 0.43203125 0.27109375 0.096875 0.1703125
0 0.85546875 0.0375 0.1015625 0.075
0 0.803125 0.265625 0.10625 0.146875
0 0.5828125 0.6921875 0.0828125 0.125
0 0.60078125 0.871875 0.0953125 0.0953125
0 0.7140625 0.87734375 0.1015625 0.11875
0 0.68515625 0.55625 0.0875 0.1125
0 0.184375 0.3015625 0.0625 0.1421875