0 0.51015625 0.88203125 0.1359375 0.2359375
0 0.13046875 0.5328125 0.23125 0.3390625
0 0.253125 0.7796875 0.2265625 0.1796875
0 0.12265625 0.92109375 0.1640625 0.1578125
0 0.28203125 0.90546875 0.2140625 0.1890625
0 0.384375 0.878125 0.10625 0.128125
0 0.49921875 0.7015625 0.1625 0.1546875
0 0.3625 0.52890625 0.1421875 0.1015625
0 0.30546875 0.3359375 0.128125 0.1171875
0 0.15625 0.37265625 0.2078125 0.1640625
0 0.078125 0.23828125 0.121875 0.1171875
0 0.271875 0.2109375 0.178125 0.125
0 0.4234375 0.13359375 0.1375 0.1078125
0 0.5671875 0.26171875 0.215625 0.26875
0 0.73203125 0.071875 0.1796875 0.14375
0 0.621875 0.06171875 0.134375 0.1234375
0 0.78671875 0.165625 0.1359375 0.184375
0 0.90625 0.3203125 0.178125 0.1515625
0 0.9140625 0.1734375 0.1640625 0.1453125
0 0.66015625 0.3890625 0.19375 0.115625
0 0.61171875 0.56796875 0.1625 0.1546875
0 0.78359375 0.61953125 0.203125 0.1921875
0 0.68828125 0.840625 0.16875 0.1796875
0 0.79921875 0.921875 0.1734375 0.146875
0 0.8984375 0.7125 0.203125 0.24375
0 0.97578125 0.88515625 0.0484375 0.1109375
0 0.9203125 0.853125 0.0953125 0.11875
0 0.671875 0.95625 0.0953125 0.0828125