0 0.09140625 0.5890625 0.1765625 0.0953125
0 0.49296875 0.91953125 0.1890625 0.1609375
0 0.60625 0.83125 0.1921875 0.196875
0 0.746875 0.78125 0.1625 0.1109375
0 0.54375 0.7140625 0.171875 0.15
0 0.42109375 0.66640625 0.1515625 0.1296875
0 0.21328125 0.71015625 0.1328125 0.15
0 0.28515625 0.5875 0.1546875 0.103125
0 0.4078125 0.58828125 0.146875 0.146875
0 0.46875 0.55859375 0.15625 0.1625
0 0.41328125 0.4828125 0.1546875 0.1171875
0 0.3890625 0.3875 0.175 0.128125
0 0.64609375 0.4734375 0.1828125 0.1359375
0 0.54453125 0.503125 0.146875 0.15
0 0.734375 0.66875 0.1890625 0.153125
0 0.8140625 0.60546875 0.175 0.1421875
0 0.9125 0.6953125 0.175 0.1375
0 0.915625 0.83984375 0.103125 0.0984375