0 0.59453125 0.42734375 0.08125 0.11875
0 0.54921875 0.29453125 0.075 0.0875
0 0.71484375 0.11953125 0.05 0.0703125
0 0.73203125 0.30234375 0.053125 0.053125
0 0.76875 0.34765625 0.053125 0.05
0 0.7859375 0.57734375 0.05625 0.0640625
0 0.60546875 0.56796875 0.08125 0.0984375
0 0.59765625 0.51484375 0.053125 0.09375
0 0.37265625 0.67265625 0.059375 0.09375
0 0.3328125 0.4640625 0.046875 0.1015625
0 0.37890625 0.446875 0.071875 0.053125
0 0.33515625 0.221875 0.071875 0.075
0 0.22109375 0.5546875 0.05 0.046875
0 0.15625 0.5484375 0.0609375 0.04375
0 0.07890625 0.57421875 0.034375 0.0875
0 0.4875 0.484375 0.0359375 0.05
0 0.88671875 0.02265625 0.034375 0.0375
0 0.07890625 0.25703125 0.065625 0.0625
0 0.02890625 0.16640625 0.046875 0.1359375
0 0.62421875 0.65 0.046875 0.0578125